0.000182146388823844,0.406729704886529,4.15520832758493e-05,0.591249352978402,0.00179724366296936
0.000289746583124277,0.0454944866503627,0.000610568570466281,0.474376685556222,0.479228512639824
0.00661985814162297,0.993377377441844,1.39927336417407e-12,3.51773472572867e-08,2.72923778691548e-06
0.970291531943364,0.029379675489268,5.94224972264927e-12,1.3643340747923e-05,0.000315149220677984
1.41408813233408e-10,0.000515035878606676,0.000299480432976791,0.999182871654066,2.61189294157666e-06
0.0581890386392404,0.913375668772679,1.20610634833571e-08,7.49134449462379e-06,0.0284277891825224
5.9942879770856e-94,0.831868708048978,9.68497409658032e-05,0.168011772251896,2.26699581603857e-05
0.952989609738593,0.0470095068057434,2.08868481095541e-16,1.58267926373949e-11,8.8343983648499e-07
3.04580053246928e-11,2.53454862007187e-05,0.000226989783524657,0.999745085267752,2.57943206479986e-06
1.08406554799506e-07,0.0028424754683535,1.72405982993576e-07,0.997155215936538,2.02778257031197e-06
0.124020907011633,0.636184906494039,1.0775907857288e-07,0.232857503332928,0.00693657540232036
6.65752825484983e-11,0.000948347234179394,0.99845095806511,0.000332621614230247,0.000268073019905456
4.44009952265824e-05,0.0735461310504245,0.00105209378705422,0.646435630139366,0.278921744027929
2.83868392946446e-11,3.38437631751061e-06,0.954580073768281,0.000181948851898166,0.0452345929751168
0.0769848443251482,0.922978236139335,8.78897338165823e-11,1.10540275187167e-06,3.58140448748511e-05
4.42872442216473e-95,6.76447122516428e-05,6.27757073487338e-06,0.999918530421463,7.54729555034746e-06
2.8186876212152e-104,1.80707621271581e-09,0.999997389066434,4.90818712119831e-08,2.56004461896446e-06
1.14720192333233e-11,0.000182286714477239,0.997479142585218,0.000164968095852737,0.0021736025929798
3.87727216824818e-05,0.115749758777804,0.00833662065585501,0.309399113214732,0.566475734629927
1.28419512534492e-11,8.80092365736828e-05,0.984739871796807,0.00172157336008688,0.01345054559369
8.64875532517129e-98,2.50620165641623e-05,0.000212360679608181,0.999760568514839,2.00878898884681e-06
0.856165004611298,0.141558130276681,3.40261281310884e-11,2.08145564989669e-06,0.00227478362234458
0.0029471778060161,0.00242982204840414,3.0247876906778e-08,0.993667329449976,0.000955640447726777
7.73017831381814e-08,0.0734756019625509,0.262981271369285,0.659389673515535,0.00415337585084589
0.999440523129787,0.000221662437887497,5.6740935959242e-15,1.79975077681467e-10,0.000337814252345114
0.498551854736775,0.0417046456675223,4.45732278709202e-07,0.000556766777146003,0.459186287086278
2.40550537987822e-05,0.24646035449302,0.0952481972772932,0.000929802248549849,0.657337590927339
1.17004560071473e-07,0.00146023948694003,0.538128488247799,0.0545003635847785,0.405910791675923
0.0068657874748848,0.992219215005281,6.44690263181185e-09,0.000904011271082915,1.09798018481928e-05
1.86001348025675e-105,1.61975684166561e-11,0.999995662676099,6.92422984814402e-10,4.33661528034388e-06
3.74788659618237e-96,0.0216505126164355,0.0650039435133908,0.913172655276214,0.000172888593959116
2.0671429259308e-11,8.60570299665723e-06,0.00209770597818019,0.997675091668676,0.000218596629475409
0.933236787284652,0.0667273123227733,5.33539677412719e-13,1.36722162644068e-06,3.45331704145577e-05
2.26942071922544e-12,2.28419680932967e-06,4.2577774052067e-06,0.999993400340889,5.76826271917896e-08
9.36737324994067e-05,0.228833227027075,0.00159282082479566,0.0022776486262039,0.767202629789426
0.0151724703946048,0.984604101050131,7.60926535503077e-11,0.000216590021135081,6.83845803647124e-06
1.32547138228919e-15,1.75288151232558e-10,0.995732307172492,1.97179991408035e-10,0.00426769245503805
0.00883469544430906,0.947904870834853,1.63191155365596e-06,0.0117442685213916,0.0315145332878929
0.0896954331386279,0.0615262529372953,3.24010146527733e-08,0.842829540492657,0.00594874103040528
1.02517877893212e-102,3.28830036896224e-09,0.999531536314977,2.14200923879526e-07,0.000468246195798929
0.996157761504845,0.00384180483952699,6.5607553265689e-19,5.00696680395827e-10,4.33154931105405e-07
0.699385543866089,0.300220078302196,1.28976644775665e-12,7.71532700791963e-06,0.000386662503416553
0.397041577250369,0.602957646111163,1.18737387473891e-14,8.61747090702277e-09,7.68020984434248e-07
9.74288902572029e-07,0.000796959174780508,0.00184556533593032,0.000789887449282737,0.996566613751104
0.0136174706171509,0.940459589906396,1.19098418557036e-05,0.00141104822912135,0.0444999814054765
2.59321244162205e-07,0.00289937793445473,2.71309318654748e-05,0.996101489151523,0.000971742660912308
0.000116386011707984,0.999244238317832,2.82553674856318e-09,0.0006365621274298,2.81071749391477e-06
3.5699484805737e-99,2.70671302098397e-05,6.15320721285619e-06,0.999966759643561,2.00190169715376e-08
3.7928900362816e-94,0.999201382770677,3.74765313699146e-05,0.000742881788189485,1.82589097640196e-05
4.26189486089044e-05,0.999609868577672,4.4972735142679e-07,0.000222644543721712,0.00012441820264572
0.00107449765438365,0.969971279048192,2.55520066158835e-05,0.0147024213380326,0.0142262499527761
0.996806220621095,0.00319354973827867,1.48271614863224e-16,4.36480994710527e-11,2.29596978436789e-07
1.52850661335035e-101,2.25235746009692e-07,0.999828924052594,1.10743181618983e-07,0.000170739968478388
0.985051351643436,0.000920245699159726,1.61953314019575e-11,0.00019124316709881,0.01383715947411
0.989212360546061,0.0107255177287149,2.37636436985057e-14,3.3807728212086e-08,6.2087917471845e-05
0.00062465334621383,0.0344918147713207,1.07578506577792e-07,0.964040098398712,0.000843325905246381
2.58379642754117e-10,9.61516195330578e-06,0.589509287941758,0.0223152021237672,0.388165894514142
4.02271251226866e-11,8.0270142235814e-06,0.56939346084974,5.22705470293693e-05,0.43054624154878
9.52542505228418e-06,0.00708254701823951,0.0245040766358613,0.955327661850518,0.013076189070329
4.67383176513449e-12,2.66971152403085e-06,0.00213518890232613,0.997849369370104,1.27720113715459e-05
1.59479745192313e-06,0.00157683514100529,0.199975592546298,0.0258321180263937,0.772613859488851
1.57516546603805e-08,0.00662517025379486,3.90771013132812e-05,0.993303160638313,3.25762549246576e-05
0.127351494007609,0.191062610102406,6.94853495700134e-09,1.50117690426813e-08,0.681585873929681
5.02825553658251e-95,0.0987582621413777,0.0123163366122237,0.888625445771777,0.00029995547462148
0.997668334814805,0.00142878239908871,4.27631125074486e-15,7.22803473638308e-09,0.000902875558067678
2.97890047205699e-96,0.0165758284965046,0.000120460962732728,0.983292854042188,1.08564985745954e-05
0.00801412157810595,0.0587682584497159,5.25788895216542e-07,0.927262275077157,0.00595481910612573
0.999410626700115,0.000584689493693849,5.22739357560622e-17,8.8872748832179e-10,4.68291746318422e-06
5.1081908075298e-05,0.144683886100522,3.77139646465703e-07,0.855192998755575,7.16560961815442e-05
0.995618623649675,0.00421376255418219,1.44969870665774e-12,1.02517562843282e-05,0.000157362038408943
0.286134868237792,0.657679785500317,1.52170369210604e-08,0.00182581385462806,0.0543595171902258
1.54063159291407e-06,0.194337410721374,0.000196501858120319,0.8051620981298,0.000302448659112518
6.34480485596468e-10,0.0025117950982801,0.957328721811457,0.0161043267991708,0.0240551556566113
0.493383551579526,0.506547495237012,1.67285909463619e-11,1.44071922698194e-05,5.45459744636938e-05
6.46262487979676e-99,7.46558407329461e-06,0.989939443194092,4.69690192317968e-06,0.010048394319912
0.705751272842814,0.293877291697369,1.35401500799899e-12,5.71998294216286e-08,0.000371378258633549
1.69888610530583e-09,0.0814360877540081,0.913758827792379,0.00375544805745385,0.00104963469727277
0.273242352825583,0.726755837698682,5.59183699925095e-13,4.15117437955931e-08,1.76796343195613e-06
0.360477064029475,0.639035124753328,2.47019707062355e-10,0.000117394410631766,0.000370416559544475
0.998255717783234,0.00174417304060854,1.71937842563789e-19,1.64312991448084e-10,1.09011844371689e-07
3.55160189895877e-99,0.00089343039429778,0.179465869123795,0.81964034002485,3.60457056981238e-07
0.994346284179585,0.00565177088552571,9.83551659542388e-18,2.91801507744181e-11,1.94490570933631e-06
1.88026651246878e-10,2.56808594918194e-05,0.882540913515681,0.000430857587716154,0.117002547849084
0.996770049530364,0.000474433695134788,6.09584488091057e-13,1.07258279333934e-07,0.00275540951561217
0.840531380353651,0.0870815191192519,7.01662508261966e-10,0.000122585618222204,0.0722645142072128
0.00253389549367801,0.565556815261162,1.71289891201272e-05,0.227437979952015,0.204454180304025
2.28165467399e-06,0.00523607538830351,5.43684556535755e-05,0.989574963156723,0.00513231134464583
9.80616424638244e-09,0.00314064312811382,4.469411925477e-06,0.996846282987076,8.59466672040135e-06
3.08422663014165e-12,4.80075340815592e-06,7.92315212350057e-05,0.999914345124463,1.62259780925972e-06
2.44786747891512e-95,0.0281413942045833,0.30922944049546,0.653236746234156,0.00939241906580078
1.75589686945617e-100,2.59289974706776e-06,0.997934643434553,0.00201641383193289,4.63498337668152e-05
0.00296710202028364,0.996500923330612,6.91534790667307e-09,0.000529633399885987,2.33433387072015e-06
4.73369299326621e-91,0.915051054352343,6.05723481669256e-05,0.0830626033406598,0.00182576995883018
0.993668929435786,0.00633089892482609,1.03290968151481e-17,2.78013855350268e-09,1.68859249040625e-07
2.45858618730307e-05,0.996127137001668,3.55126801554709e-05,0.0035044147059544,0.000308349750349528
1.2680092868188e-94,0.00204496220888462,8.59884918263509e-07,0.997950984784665,3.19312153247653e-06
0.41091421208874,0.56095267619095,5.28592849680028e-10,0.0237432469589963,0.00438986423272101
0.0237496004573748,0.971705969222223,1.18416671485948e-08,7.19078737106486e-07,0.00454369939999788
0.000281108670019024,0.968897151427746,0.000641630779412939,0.0161081918110934,0.0140719173117286
2.16038818528461e-93,0.0522561089764832,0.185773858488982,0.215326042887773,0.546643989646762
6.31262933877727e-102,6.28760835092525e-08,0.998662457058649,0.00124224430925873,9.52357560086625e-05
1.54297497841144e-99,9.11274239383058e-06,0.15513489093429,0.844848751676576,7.24464673995547e-06
0.000206346637867781,0.047754995001555,0.000147266875685941,0.34822433683096,0.603667054653931
3.48778943621922e-11,4.91412469759173e-07,0.794397596124606,0.000100752678057716,0.205501159749988
0.913005923215332,0.00050301875059836,7.52549801171337e-10,8.28538233279659e-06,0.0864827718991866
1.23905918337881e-95,0.00201700314610151,0.00110152988372331,0.996759622000329,0.000121844969845754
1.32906226704846e-09,0.012862535637955,0.980652902005177,0.00412676685942445,0.00235779416838113
0.992152761872772,0.00120808593560393,3.28602381375592e-11,4.42051330190966e-06,0.00663473164546164
0.998524676020054,0.00146864474409053,5.18225887020437e-17,2.65734194412305e-10,6.67897012079749e-06
0.00657342947200225,0.595781152846697,6.36772446977831e-05,0.00136078673812892,0.396220953698475
0.691045195134071,0.308919640104566,1.58569993699711e-12,8.72908598165622e-08,3.50774689177067e-05
0.000209913962221063,0.119053285776329,1.00495636913223e-05,0.876578861663342,0.00414788903441646
0.147482253679358,0.813169968543221,3.63288483019081e-09,0.000138997857441894,0.0392087762870947
1.76612577329374e-06,0.00417287393187875,0.00134236193276358,0.913027182875613,0.0814558151339716
2.56127886221811e-98,6.8384439143451e-06,4.4260819825966e-06,0.999988721261444,1.42126591439336e-08
5.50846424024509e-17,7.55302122672501e-11,0.999782669172247,5.10817662074925e-09,0.000217325644045712
0.0592926631569294,0.00471349527118931,5.1077394457792e-08,5.42583454695369e-06,0.93598836465994
0.99035164475276,0.00483000508047525,9.13486613308163e-11,7.63098517858482e-06,0.00481071909023777
1.66529751737503e-100,9.16366323622324e-07,0.999292549742772,7.19510013387528e-05,0.000634582889565578
6.3802014079523e-05,0.0980177530381336,0.000347453478206325,0.886552240150026,0.0150187513195545
1.54851526423287e-96,0.014816284491206,0.00303220897762838,0.982149918755785,1.58777538029591e-06
7.30888129264662e-99,1.39189280792995e-06,0.9897964952251,2.02009323300582e-06,0.0102000927888592
5.84790444586223e-97,8.60969481163842e-05,3.55888569606822e-06,0.999909297373894,1.04679229350014e-06
5.20246934960076e-07,0.688991913011166,0.00569748093355656,0.303956134693839,0.00135395111450292
1.21775229562113e-11,7.61901123890387e-06,0.731795902324614,0.262826773812601,0.00536970483936906
0.754696053695312,0.243417610642697,1.44322037313741e-12,2.39120878036828e-06,0.00188394445176763
9.0590489659215e-07,0.994496796064546,0.000159897067604267,0.00507295574838711,0.000269445214565497
0.999531720354073,0.000343430133251267,5.49163287363212e-15,1.35901015508235e-09,0.000124848153660611
0.587484184137338,0.412447026423974,1.5719027655176e-10,8.01392677885604e-06,6.07753547179633e-05
0.0806808498839783,0.00317333262040638,1.59904753495215e-08,0.000252907715770739,0.915892893789369
2.39947047242709e-95,0.000169720528435001,0.0013129357689215,0.997091899648767,0.00142544405387605
4.89331840762835e-96,0.078457133154634,0.917253229188796,0.00268055460918935,0.00160908304738104
1.91015565113792e-104,1.42933757750693e-10,0.999965426232937,4.87175104671188e-08,3.4524906618546e-05
3.05361097460204e-05,0.93449017563471,0.00177274112115852,0.0427120038321389,0.0209945433022462
0.00538237367524173,0.992282783836333,4.91981390115948e-07,0.000588635984929322,0.00174571452210581
2.68640071724002e-102,7.04508330103754e-09,0.999368958477821,0.000592589424599581,3.84450524957976e-05
0.623035330217903,0.335492513109922,4.96888253840746e-09,0.013982744808318,0.0274894068949745
7.02013257097771e-08,0.000382487213562263,0.000114542284624832,0.998717413299367,0.000785487001119884
4.69092247868878e-95,0.00235319390409889,0.655767704023515,0.303524335166797,0.0383547669055892
0.999000974062896,0.000729900110405759,2.8746300614191e-14,4.25679048645336e-07,0.000268700147620809
3.13391565404432e-94,0.118438656402551,0.0611762826467167,0.817305398390369,0.00307966256036367
0.0850915256118961,0.841953323694574,1.23494164187805e-06,0.00156689662503875,0.0713870191268496
0.00183180772734843,0.00643484357074927,1.92314190517311e-06,0.00164813703890076,0.990083288521096
1.41167852586807e-05,0.0021829064507502,2.70471188403958e-07,0.997743010561861,5.96957309421237e-05
1.31442340478517e-99,7.11771624184852e-06,0.000405211154434183,0.999587112946193,5.58183130631515e-07
1.97434328755539e-91,0.0052096532876962,1.8233734333284e-05,8.36306001017499e-08,0.99477202934737
1.54137371386756e-13,2.87681527366378e-08,0.996937478053064,0.000305333194409232,0.00275715998421954
0.00906566538413744,8.12009306277714e-05,1.33131367264884e-08,4.17178140628162e-06,0.990848948590692
0.00138845879750728,0.0416037453631483,3.00356817850861e-05,0.75423282019898,0.202744939958579
3.46613941318941e-13,3.08838602795147e-07,5.36409489109298e-06,0.999994313987882,1.30782777211682e-08
4.18542776309447e-10,0.000640920132692797,9.71970028731761e-06,0.999346584539893,2.7752085837839e-06
5.09231658815571e-10,0.000286195579637754,0.347861531710514,0.641764193122476,0.0100880790781405
0.74922613330062,0.248518058247561,1.69819736746488e-09,0.00112779784925193,0.00112800890436934
7.72294804556025e-14,7.71742463187073e-09,0.965998815378748,1.39351201394007e-06,0.0339997833917358
2.75970963187618e-09,1.37597320047569e-06,0.109378946568163,0.000280531550397462,0.890339143148529
3.33710962675184e-09,8.43859869403804e-05,4.92417921440224e-05,0.999859150358086,7.21852572033634e-06
1.29468706328894e-07,0.00517757743714927,0.00160038341281838,0.990751820399032,0.00247008928229428
5.57017166532137e-09,0.00339058658969813,0.000224465489449829,0.996370883505094,1.40588455860836e-05
5.04993670454216e-95,0.000777531836847315,0.874968941655777,0.0139618953626281,0.110291631144748
3.26601960506609e-101,2.55815792026151e-07,0.999821037323671,0.000154196575928678,2.45102846085618e-05
0.817120629127699,0.182866377417043,2.06608981660617e-13,3.29312658077269e-08,1.29605237849626e-05
0.968309342006134,0.020569618961815,1.32500399136951e-09,0.00264995081212972,0.008471086894917
1.95447289664807e-06,0.000152982350688282,0.00471352606399777,1.72294350946414e-05,0.995114307677323
2.03796983387237e-98,2.54652072580217e-05,0.453986203404793,0.544776830061609,0.00121150132634035
0.000410675178466284,0.0807476904692291,0.000320154985038554,0.000341100554868455,0.918180378812398
0.000642613547752756,0.935802273929863,3.16969502407122e-05,0.0137964144346828,0.0497270011374608
5.38011150303727e-101,2.68853521278285e-07,0.999330901172892,0.00016012048163359,0.000508709491953
1.48479528376155e-98,7.03430128013839e-05,0.0821076674399228,0.917799137398164,2.28521491112428e-05
9.82137489481768e-94,0.545186837018577,0.0942535337242295,0.352358900463495,0.00820072879369836
1.11398149785569e-102,7.35874295249456e-09,0.999934702908678,6.16675946106642e-05,3.62213796879581e-06
6.40350759898027e-05,0.998692226256679,1.49713610348422e-06,0.00119926307010892,4.29784611191488e-05
0.288514702321742,0.710561054161523,6.30159893929287e-11,1.10422650560741e-05,0.000913201188662264
0.999806142353341,0.000193629462025326,6.12343867566235e-20,2.64581845194455e-11,2.28158175488692e-07
0.00417709997146874,0.0210006346906636,2.43901699765866e-08,0.974766482214509,5.57587331887536e-05
0.0024724412705682,0.977426235703783,1.04847417531725e-05,0.00504196078229231,0.0150488775016034
0.0523397954710795,0.947529207117071,1.72064191293131e-10,4.94601292589413e-05,8.15371105262166e-05
1.69971842577948e-07,1.76674178471704e-05,0.00263260556980972,5.71600752379478e-06,0.997343841032977
0.00382015938283879,0.729697507862381,8.63066614975922e-06,0.244489653688817,0.0219840483998135
4.17001870066145e-96,0.00500383061568492,0.80835092161703,0.0657867288492743,0.120858518918011
3.37318153861629e-103,4.79433175363555e-09,0.999997890491152,7.21112753740933e-07,1.38360176252713e-06
1.15521504218272e-07,0.0125899483252941,0.0351190368094803,0.877297969878922,0.0749929294647996
2.23261011452777e-07,0.0935623697024209,0.000233144723579926,0.904684295475628,0.0015199668373596
7.25460714028297e-96,0.0861127994448757,0.258133627587252,0.655725130222292,2.84427455806162e-05
0.862140673025168,0.022087304097012,2.98522876377515e-10,2.13618843252684e-05,0.115750660694972
3.44267257180933e-96,0.00429371154122328,0.00432158737984039,0.991188048001623,0.000196653077312989
0.0149955369932757,0.017564618167709,1.43941099750353e-06,0.029537262325365,0.937901143102653
1.05178393507005e-102,1.95512314442271e-08,0.999719109246525,0.000279141651673807,1.72955057006384e-06
0.000154494232782546,0.000188352032617308,4.79650484012891e-05,0.000216199806595852,0.999392988879603
5.8416550647034e-94,0.00142482989173259,2.95399377938275e-05,0.998391555176701,0.000154074993772586
1.73744243140186e-09,0.00421312923065207,0.910887934901448,0.075873301870317,0.00902563226014033
0.000204760546394229,0.0300624648285361,0.00353334362216422,0.164543069850011,0.801656361152894
4.8254685016681e-08,0.0147937164573296,0.929113153435969,0.0103332363577195,0.0457598454942967
8.89885072061558e-93,0.829748901621704,0.00974238202622258,6.69098340693401e-05,0.160441806518004
0.00620427220246166,0.985949171928397,7.05086578995744e-07,0.00496393636022022,0.00288191442234182
3.48409097813801e-07,0.00925055289552357,0.000158576812046172,0.989931788229648,0.000658733653684789
2.6274444766179e-105,3.25026245864917e-11,0.999989782104897,6.02830342743771e-10,1.02172597704523e-05
0.0399942119565081,0.959751668881122,3.88927218548626e-09,9.00268457834628e-05,0.000164088427314161
3.95108241348321e-14,2.51062920912537e-08,0.983084213772083,1.72557503868792e-06,0.0169140355465464
1.68813869287385e-102,6.66508019130517e-09,0.999948263274911,4.69112253406654e-06,4.7038937474542e-05
1.36433107482265e-96,0.000330363304053433,0.925442272693277,0.0162032402986183,0.0580241237040516
0.199619418028375,0.800350015043252,4.04863204964038e-11,9.957565725508e-08,3.04673122297985e-05
2.0889783489931e-08,0.0394662933317846,0.551561868227343,0.334329959974966,0.0746418575761228
1.702183206864e-11,4.8859353632709e-06,0.00413217245206982,0.99576316423764,9.9777357905508e-05
0.0143237626301401,0.654823381114396,0.000191128053649595,0.012921073164332,0.317740655037482
0.986635252897344,0.0132629174494633,1.69692863988572e-13,1.28938237868682e-07,0.000101700714785485
1.02079822878762e-100,3.70163145761669e-06,0.883345582810254,0.116628936277444,2.17792808446427e-05
0.000117538422853778,0.997496095253524,5.07005457111324e-09,0.00230393672395558,8.24245296123213e-05
1.95207222974726e-06,0.266743083072069,0.245758991278172,0.204192648777297,0.283303324800233
0.0113260339240401,0.988501623066869,1.1553555081542e-10,8.75526682169841e-05,8.47902253385463e-05
3.54777371080139e-10,3.42193643612646e-05,0.0363676972777477,0.947214679029539,0.0163834039735745
0.961539398222893,0.0383932891954877,2.07586130438499e-12,4.37579484613101e-07,6.68750000584629e-05
9.08437366896324e-07,6.85264084659502e-05,0.0127986588969301,0.0365483267377574,0.95058357951948
0.0550117871745318,0.944985500273579,1.25017490690769e-10,1.56730825877468e-06,1.14511861250707e-06
1.25510535487915e-96,0.000399200134893473,0.219432570284975,0.776531534217145,0.00363669536298612
2.39146192269451e-09,0.00450832746066972,0.795411470289335,0.184927398213532,0.0151528016450012
6.61117851977135e-99,4.49044009850586e-05,0.999512978410461,1.77463046584732e-05,0.000424370883894899
0.0597885759736003,0.935814927972959,3.41010733437806e-08,0.000421125492994489,0.00397533645937317
0.103399260262505,0.896600440693861,1.70134056662927e-14,5.99577506735987e-08,2.39085865934029e-07
0.00169314505493261,0.813617853429184,1.13795022323687e-07,0.180491130327197,0.0041977573936646
0.881271103669082,0.118683774308621,2.61376803578687e-12,3.25263851576127e-06,4.18693811674808e-05
0.00505955401435709,0.169865639552126,1.11491469933434e-05,8.17464609651727e-06,0.825055482640427
5.89890401233191e-08,0.000131563347067203,0.484167083348845,0.0110609913710114,0.504640302944036
0.238925045276234,0.725980612821525,1.83148239217827e-07,0.00211713543950748,0.0329770233144944
0.9899471351326,0.0100518297174191,6.93295681348713e-16,1.29612611063175e-07,9.0553736952743e-07
0.000170313055920748,0.0957031189789457,0.000239510853885709,0.0140823527567649,0.889804704354483
1.90650814294617e-10,3.69505795783896e-06,0.0157591039556614,4.2758603480238e-05,0.98419444219225
6.0929438480842e-105,1.48641597570937e-11,0.999978220049993,1.60241450012117e-08,2.17639109983595e-05
4.5884225452695e-11,2.98096740040447e-06,0.940837782409643,2.84571643703313e-07,0.0591589520054282
5.38446393131268e-12,3.49559048927803e-05,2.63073297414988e-05,0.999938628941918,1.07818063618264e-07
0.99180233109239,0.0081976570056674,9.77920853729909e-19,1.05931408335862e-10,1.17960117237181e-08
7.21299100147524e-05,0.94655523120838,6.05405148785578e-08,0.0533578253886917,1.47529523985438e-05
0.906777583981973,0.0932208310822301,5.41989791914953e-15,1.31048970975169e-06,2.74446081510004e-07
0.975968297466295,0.0042197924961823,2.43449268182557e-10,0.000890531350966462,0.0189213784431065
0.00189367662692873,0.816077597313439,8.46281561487121e-07,0.180641920510887,0.00138595926718386
3.61910951890931e-07,0.00385403661938671,0.0336443192095962,0.941351487524054,0.021149794736011
5.97932262575463e-09,0.0223911263197882,0.857720044739746,0.0967338555232125,0.0231549674379309
0.963954388953284,0.0359916578335418,2.81006994929043e-13,3.02794233309778e-05,2.36737895625613e-05
0.00247078665311428,0.994381499769285,1.01517031024596e-05,0.00177835446647338,0.00135920740802502
3.7139084410573e-96,0.00206886723493189,0.00612133294246174,0.99153281391855,0.000276985904056847
0.997743991208397,0.00220525376696537,4.81464716927757e-16,1.79970460478683e-10,5.07548446671113e-05
1.10989624538201e-97,9.13106689584861e-05,0.0796181852683381,0.919723020139897,0.000567483922806313
0.000377291865379871,0.215123878695845,0.000710061192212062,0.429472937408904,0.354315830837659
1.67763064038719e-07,0.235729389123302,3.1235476462272e-06,0.764265993268312,1.32629767638258e-06
1.02035153751371e-103,3.43974986449288e-09,0.999989031218809,8.25061060479714e-06,2.71473083652786e-06
1.12047511964268e-94,0.00517907800984437,0.000275019160596457,0.994513064254511,3.28385750484096e-05
1.12857334049108e-05,0.0860457499425287,0.0361225098786859,0.00068931090204599,0.877131143543335
6.8027992907356e-06,9.69109040778894e-06,1.30879985044528e-05,8.41246649192488e-06,0.999962005645305
3.23349187402976e-11,6.17059029362545e-06,0.996954637926331,0.00015441945343767,0.00288477199760277
5.88912334716168e-95,0.178600288045949,0.00204698737896684,0.819252720959111,0.000100003615972823
5.16007025363616e-08,0.00345255559246061,5.66095283987522e-06,0.996473669459265,6.80623947322221e-05
3.43571084202246e-06,0.99915603127796,1.25516505200363e-05,2.78009921762118e-05,0.000800180368501656
1.69674444120467e-100,2.20540660735763e-06,0.993880561238737,0.00608688222623697,3.03511284182862e-05
2.85618713705043e-05,0.000106984218142496,1.82421850211474e-06,0.985969183373684,0.0138934463183012
1.50947823764856e-09,9.01408718786939e-05,0.614765226553511,0.00138699256116063,0.383757638503971
1.47287673139269e-101,9.23482680921757e-09,0.999292169710987,5.89841718235664e-05,0.000648836882362597
0.000237489784294225,0.000198174928421243,0.000194618301363157,0.188505429975234,0.810864287010688
0.105157658776792,0.883032317155113,5.48197950907901e-09,0.011011827409192,0.000798191176922899
0.440692166420384,0.55828975501298,3.94907745600685e-12,4.11114889334007e-07,0.00101766744779808
4.80816710033241e-103,2.8559463895767e-08,0.999943464376934,5.35210769789942e-05,2.98598662312139e-06
7.27881325820223e-96,0.0017417236554448,0.000147286109886376,0.998064528619201,4.64616154675018e-05
1.47346387165952e-09,0.00176739440978106,0.0842923461646521,0.909048672142618,0.00489158580948485
0.999196453320763,0.000797818479850222,1.4504162817149e-16,5.50773056937335e-08,5.67312208064238e-06
0.00399249231808667,0.332622890267986,7.71265573682837e-08,0.662204598043495,0.00117994224387475
0.0574368980029251,0.00407184203986756,2.17925380147322e-08,1.17066185298373e-05,0.93847953154614
1.60264539561352e-06,2.53936795497101e-06,1.79565504250857e-05,1.86745547329104e-07,0.999977714690677
3.89987594732512e-97,0.000112319831359704,0.00096578895817414,0.99891976580512,2.1254053458086e-06
0.0156425034135879,0.984236240480041,1.5524722201634e-11,6.31058325442651e-07,0.000120625032521408
3.48938124356133e-99,2.12457943861007e-06,0.000243128544364928,0.999753874923524,8.71952672408654e-07
1.16435482392827e-94,0.0121200347764683,0.0105125125778452,0.970285909599879,0.00708154304580762
2.2907510315771e-06,0.992526724405534,5.56127544173395e-06,0.00745267196603968,1.27516019531364e-05
3.06200585893516e-94,0.320228256771718,7.19403213447235e-05,0.679664891094624,3.49118123134177e-05
0.0145745387008019,0.747419634644381,5.25742907383217e-05,0.00326797740347662,0.234685274960603
2.36811688659953e-103,2.3837851339753e-09,0.999985102889209,8.79358869870843e-06,6.10113830709423e-06
0.952082179568737,0.0478885689682653,9.54611289276377e-13,5.7949135761687e-07,2.86719706854451e-05
5.41995599372865e-06,0.957343800942757,1.46058719869851e-05,0.0426179782965581,1.81949327038817e-05
0.999541944081343,0.000457370922810719,6.21077233740631e-18,1.66652515208902e-10,6.84829193363389e-07
5.35827428686898e-97,0.00415770652559375,0.0138411580560991,0.98186878549119,0.000132349927116981
2.50956802585406e-94,0.0224760376186038,0.00317020367222861,0.973123431078333,0.00123032763083451
0.00688007411069911,0.993101671271888,3.68114861956543e-10,1.59737068889337e-07,1.80945122286694e-05
2.14764205677444e-94,0.022462793534726,4.38859100733959e-05,0.977344248792262,0.000149071762939076
3.46763335341595e-08,0.213162872177304,0.0384625085378073,0.746458653749177,0.00191593085937873
0.00469471900472626,0.186705778148796,7.94463886337338e-08,0.808178141609891,0.000421281790198212
0.000162609359494763,0.00531337518964101,2.29518991280366e-06,0.981854961706965,0.0126667585539862
0.00373703908044335,0.995967188799991,3.8232034949148e-09,9.05687296596724e-06,0.000286711423396488
2.34250491937759e-10,0.00522554905951948,0.863294830945824,0.131052299028998,0.000427320731407464
2.10459493458139e-98,1.36432439464467e-05,0.00230659693109454,0.99767358228459,6.17754036898275e-06
1.92442946865709e-10,2.54416120677134e-08,0.00482203018636837,7.53014523522633e-09,0.995177936649431
2.72589206277008e-102,2.07886248279541e-08,0.996773637590751,0.00322435265175319,1.98896887101293e-06
1.02111706651647e-12,9.73521160303994e-08,0.985189869309278,1.65512208077336e-06,0.0148083782155045
3.50010758928835e-10,0.0002701126481548,0.177525549734267,0.822012946080519,0.000191391187048205
3.38652096069838e-98,3.28979394457583e-06,0.976724016322814,0.00720097885252432,0.0160717150307176
2.03093050608428e-08,1.77562128297872e-07,0.000220874997490896,2.13699941461851e-06,0.999776790131661
3.41385643535969e-97,0.00242894438884167,0.0158175525833599,0.981041921237552,0.000711581790246753
6.56061052412855e-105,7.2277552550311e-12,0.999684600008881,1.33380139806277e-11,0.000315399970553551
2.1253262457341e-98,1.02612881030784e-05,0.04852629520858,0.951311120623151,0.000152322880166344
0.000726522878106288,0.000199197306670146,5.63812240169857e-07,1.21787125616631e-07,0.999073594215858
0.0908855806636189,0.000109168174728467,6.91756312113893e-09,3.06836701260226e-05,0.908974560573963
3.81282264526059e-11,0.000399916870255207,0.991998868322375,0.000116871894259124,0.00748434287498189
0.00010778193002438,0.827463024743449,4.86395533518868e-07,0.172268195684077,0.000160511246915891
4.14330943076359e-104,1.1123867750979e-09,0.999997547777438,7.98116191259879e-07,1.65299398417566e-06
4.72193308788454e-07,7.98242362830407e-07,2.86822517237309e-06,2.11994025277453e-07,0.999995649345131
2.55141700506661e-13,8.94482136590289e-07,0.0391004220117155,0.960888950726381,9.73277951191895e-06
5.00781956352649e-98,0.000120121388745895,0.0440721177659858,0.955760615128998,4.71457162707019e-05
0.0043788912656787,0.000134274142056981,2.99662127035048e-08,7.18996627691626e-09,0.995486797436085
3.71126688939936e-08,0.000724827610759472,0.000392969501209012,0.998575059420298,0.000307106355064224
0.977955187135238,0.0220354552324093,1.71734722720298e-14,1.77019718674902e-06,7.5874351489978e-06
0.803666365803322,0.12268359040943,9.14166215606435e-10,0.0716992732478979,0.00195076962518387
3.27879585613019e-95,0.00314523842173956,0.0276166779836719,0.967380616687537,0.00185746690705146
3.08842944386052e-99,7.10722772250958e-05,0.313426064415889,0.686371391227858,0.000131472079027915
3.38542729472392e-95,0.00159816726732256,5.823660767716e-06,0.998357916061361,3.80930105490361e-05
1.0878255556112e-105,2.44977654595384e-11,0.999991700682223,4.62813111371082e-09,8.29466514848362e-06
1.23637965376487e-07,0.00117775462164472,5.61677608618623e-05,0.998624565997364,0.000141387982163935
6.17551403478129e-91,0.446134739537427,6.83665849589364e-08,0.553756571687157,0.000108620408831457
6.42432341879353e-95,0.0281798748537072,0.00170026028210865,0.967054856373671,0.00306500849051287
2.899784774104e-14,8.24292841226954e-08,0.999147396677268,0.000414221875375512,0.000438299018042867
1.91567993934646e-08,0.0161413247314006,0.937754194252108,0.00817632197346429,0.0379281398862275
1.84744383300889e-100,1.46364668579567e-07,0.998365224943175,0.00105412605595916,0.000580502636197484
1.06598615757517e-12,1.41897450059752e-07,0.992967663731034,4.50092627966738e-06,0.00702769344417011
9.87646775865496e-12,5.08107558411134e-07,0.850478045807355,4.21697038115685e-07,0.149521024378172
3.0821763296611e-96,3.84837791393231e-05,0.794068356542435,1.29915684232803e-05,0.205880168110002
0.362797462439291,0.519772024614501,4.81577760532768e-08,0.00551105506906486,0.111919409719368
6.52355023497997e-10,0.000122032045344298,0.495777739239246,0.109090324880228,0.395009903182827
4.90402341412603e-07,0.0151487492627657,0.0121293891738479,0.972143318482283,0.000578052678762314
4.23116272934334e-06,1.00848798547768e-05,2.88634361248002e-07,1.11120688284174e-07,0.999985284202366
0.0271238670636168,0.970608513984154,9.29306632688016e-08,0.00063767942001914,0.00162984660154638
2.23263366827738e-05,0.00814254357542771,0.00650934580110223,0.0106328927420745,0.974692891544713
3.01642212096964e-09,0.00520636699355201,0.92484750532807,0.0636605191360926,0.0062856055258636
2.05884344623196e-06,0.0199742965891666,0.0591491278723531,0.456718106200824,0.464156410494209
0.956699842657871,0.000135480860864656,8.75581298853889e-12,7.8366349245948e-06,0.0431568398375833
1.03028664557632e-09,3.02346325709016e-05,1.42210677776966e-07,0.999969279934924,3.42191540785062e-07
1.05720599122695e-08,9.1606220281315e-05,0.953461017030036,0.00434791866964515,0.0420994475079777
0.000636545772132582,0.00318323976660086,0.000156407367092808,0.00183454402538679,0.994189263068787
1.94791881941364e-08,0.000550942038499856,0.288378138154966,0.0167417473857937,0.694329152941552
9.64230945299235e-98,2.49733447895833e-05,0.221044366327948,0.776006454391479,0.00292420593578368
0.929919421340225,0.070079369796427,3.75464172592186e-16,1.89030394396403e-07,1.01983295359919e-06
1.00829691065904e-07,0.00207960448736324,0.0348661336222745,0.0640046986918885,0.899049462368783
1.03784811257586e-08,6.67965979335158e-05,0.022267762226455,9.67361562046281e-07,0.977664463435568
0.0606915543441839,0.000709181192459304,3.00183871408239e-08,1.00319315770494e-05,0.938589202513393
2.3749039845619e-100,3.10773591748151e-06,0.975152700002429,0.0246692958218891,0.000174896439764263
2.46381568002034e-07,0.000596074291250562,0.11264566700311,0.00764292574297527,0.879115086581096
2.15091801410924e-98,6.50164737494559e-05,0.687807067250902,0.30955467231549,0.00257324395985826
8.02706918390747e-06,0.000722821995658125,1.54852037174276e-05,0.997883709768457,0.00136995596298308
2.49392696035552e-104,6.00692507624482e-10,0.999990650210837,1.98214644360796e-09,9.34720632403115e-06
0.999282420889291,0.000703867377549344,1.40817926920194e-16,1.40596161606203e-10,1.3711592563416e-05
1.19687009084512e-06,1.21942116888293e-05,6.8600829158574e-06,3.0837594361739e-06,0.999976665075868
1.98111611498743e-05,0.999545324764758,2.94597101293027e-08,0.00043200542093759,2.82919344440491e-06
5.27513115813741e-07,0.000270516551757574,2.92487084276311e-05,0.99932073573404,0.00037897149265858
6.11003634468336e-08,0.0144323306809521,0.00132295292600712,0.983892098983524,0.000352556309153642
0.00365527324155466,7.05765481628865e-05,2.85139199610948e-09,1.18278474633348e-06,0.996272964574144
2.22988551433385e-11,1.41829672993852e-05,8.20621808332549e-06,0.999977364292662,2.46499656735437e-07
0.100965940899127,0.890322048852816,8.83138963634773e-07,0.00654411416420783,0.0021670129448852
0.000132088459130776,0.0678722423997665,0.000684282808927547,0.819129556894614,0.112181829437562
0.0143571836784354,0.983654698617941,9.29001255272851e-08,0.000383650254268673,0.00160437454922979
2.16462018231294e-05,0.000288509108700518,0.000110442605695839,0.00377147716937124,0.995807924914409
0.0314885150946466,0.0397026125200018,1.47067496989322e-09,0.927264351160768,0.00154451975390825
7.76104437452232e-102,5.94603525205383e-09,0.999709933226547,8.20242630789848e-05,0.000208036564339125
0.939060147543694,0.0605018375405239,3.45600565575466e-13,1.35649845068535e-06,0.0004366584169852
0.999427597217268,0.00057033045858813,1.33887570492192e-18,1.08758938834425e-10,2.07221538474506e-06
0.0023498733611829,0.99146731335384,9.4567757854933e-08,0.00513249514455585,0.0010502235726633
2.215231622476e-05,0.142415362531767,1.13708547225028e-05,0.855116346874535,0.0024347674227514
0.467624122163901,0.00286625217328935,8.2698483055895e-10,3.74587913342913e-05,0.529472166044491
5.59100775906165e-05,0.0529270155840965,0.00933705919002388,0.423015916560511,0.514664098587778
0.0569340164296082,0.607491169215593,6.38539418958005e-07,5.71746173858406e-05,0.335517001197994
2.10286479113645e-11,2.22035342005696e-06,0.896699275611105,0.00251516852477519,0.100783335489671
4.46084161040281e-91,0.49910069220275,8.30778923217829e-05,0.340157512535434,0.160658717369495
1.92780197153129e-99,1.58158117572134e-07,0.719564489788774,9.46931838328920e-09,0.28043534258379
7.91747200372753e-06,0.00691853163169223,0.506322958896955,0.00143344748854595,0.485317144510803
1.00065706246463e-97,1.89993402418456e-05,0.00566920868210231,0.994104173870896,0.000207618106760214
1.92779456197267e-97,0.000301970525125221,7.93309635837724e-05,0.999617886919672,8.11591618819252e-07
9.31164757867214e-98,0.000765522773147355,0.380137645819832,0.619066078774257,3.07526327630293e-05
2.77894480765296e-101,1.34049774365654e-06,0.848137096814971,0.151858984958878,2.57772840745846e-06
0.0180816026895298,0.961982011741944,1.91690069522308e-07,0.0145957521678249,0.00534044171063223
1.10228492078426e-07,0.0117985983230619,0.110828275099971,0.698355648646285,0.17901736770219
3.39126758000174e-11,1.66748697823877e-06,1.90021086917157e-05,0.999975420162144,3.91020827363518e-06
2.63034835919968e-94,0.164659708044319,0.811725402954184,0.020614944838947,0.00299994416255019
0.974695962047301,0.0253040180876482,3.8575458938655e-18,3.29986394863713e-10,1.95350647599266e-08
1.37659015973238e-98,0.000126587063099816,0.894296342633454,0.105388212088748,0.000188858214697624
0.19300042349268,0.805069517643341,6.71105126378116e-09,6.66874884702426e-05,0.00186336466445728
3.10690751618707e-96,0.0345589647397803,0.00587448467739487,0.959227018719908,0.000339531862916815
0.345534872853685,0.551203961659454,3.07614399902903e-08,0.0247178845973757,0.0785432501280454
8.69545255102763e-05,0.818217156333813,0.0024433908381816,0.0449059373459418,0.134346560956554
2.04205947188611e-96,0.000635673469506538,0.260763243975752,0.63239293610016,0.106208146454582
5.72439191463361e-05,0.205598898686933,0.011930442819295,0.345380190554975,0.437033224019651
0.00225472487329148,0.997122955942289,7.83394342440401e-08,0.000403919953321451,0.000218320891663616
0.000860316825843714,0.401345854169375,0.000517938925221072,0.00771873996095366,0.589557150118607
1.60897296817124e-93,0.0593524959255096,0.193833323867044,0.259984317839707,0.486829862367739
4.57975114180928e-97,0.000112248530329177,0.00714911122051278,0.992627086426021,0.000111553823137403
1.37781522257327e-102,8.00136383694982e-10,0.996981421987367,1.03301624148992e-08,0.0030185668823338
3.44720514597091e-09,1.5310663859664e-07,0.00335229590104201,2.24595560624341e-06,0.996645301589508
2.41630669615803e-14,2.39477314198834e-08,0.997866125344465,5.43501883823213e-05,0.00207950051939696
2.14930452887416e-08,0.000294392499834808,6.306838381585e-07,0.999703799053314,1.15626996786638e-06
1.43616601040108e-97,3.10714333646543e-06,0.64563814080517,0.000118919176144342,0.354239832875349
1.2668864860531e-07,0.101167927508342,0.334227159289025,0.49792319753894,0.0666815889750446
1.83483172625736e-98,3.29752909761633e-05,0.000351772834353576,0.99961263476321,2.61711146011617e-06
5.13888263144193e-99,2.10987047881488e-05,0.0135833489594711,0.986394812610275,7.39725465565804e-07
1.09107699360653e-98,7.8367526516319e-05,0.0266750729951259,0.973234449896412,1.21095819461072e-05
0.999109319623341,0.000858945233987131,3.3859126082595e-15,6.17980157536914e-08,3.16733446522561e-05
0.820366297859797,0.0930028140542815,5.13887571833328e-08,0.00134036146817141,0.0852904752289934
7.73346407555915e-09,0.00464932224191092,0.23565628270673,0.738778225754411,0.0209161615634841
0.00556106848613959,0.98957463640926,2.98251354960625e-06,2.48764669203164e-05,0.00483643612413074
2.28973444253233e-11,1.25940234204491e-05,0.907468449796337,0.0890231583374203,0.00349579781992497
0.999841575535355,0.000158219847622164,3.53639103655609e-20,2.02695170087951e-12,2.0461499540266e-07
0.973213227564089,0.0264395175500923,9.72844501083237e-12,0.0001191183912152,0.000228136484875483
0.734004134507996,0.26579191084645,9.73560129471245e-12,1.57138978014536e-07,0.000203797496840184
