0.519199108554844,0.432638228083733,0.00437160307266949,4.82454571125395e-06,0.0437862357430422
0.23173549320918,0.709680383249406,0.0424810083348123,5.44682422350864e-05,0.0160486469643667
1.63180268266563e-07,0.030223979376672,0.000107697822562732,0,0.969668159620497
0.392526005879242,0.0490036873431745,0.000405549858601704,1.82212368462285e-78,0.558064756918982
0.92998705892194,0.0474544770988609,6.75902138361773e-05,0.0224885049879561,2.36877740693989e-06
0.00221526211095145,0.967447431483443,0.0230301537954428,1.22977744718599e-06,0.0073059228327155
0.00704835221859681,0.992866135817257,2.87663966928131e-05,1.59407686103233e-06,5.51514905926031e-05
5.20397424891335e-09,0.00209028823246539,3.99417212612025e-05,0,0.997869764842299
0.975521232818319,0.022557994076574,6.22653592193337e-06,0.00191408890398987,4.57665195283999e-07
0.989464414889982,0.0104676786750824,4.52408306781172e-07,5.30191140331557e-07,6.6923835488087e-05
0.167391626498729,0.00163844478748852,0.000129358947336546,4.77805342319655e-99,0.830840569766446
0.0161970946772665,0.0648959561524241,0.0303496349099802,0.888543814817044,1.34994432857592e-05
0.889468723333498,0.0946623446901025,0.0101381017286186,0.000111551352037161,0.00561927889574413
0.00089593343147854,0.00573895113994804,0.417895121427763,0.575425387832309,4.46061685012472e-05
1.30320195627933e-05,0.028793606254608,0.0392270279007735,6.10267203483023e-79,0.931966333825056
0.999836466390539,0.000122349485649482,1.53488093179644e-07,3.98702530853175e-05,1.16038263302921e-06
1.78090002396259e-07,1.17811497676263e-07,0.69445941538923,0.305540287591905,1.11736532234195e-09
6.27533828904497e-05,5.66253727079755e-05,0.383239164032115,0.616641364364382,9.2847904379883e-08
0.199749614019938,0.0469770218424564,0.583807074680052,0.000180298744628741,0.169285990712925
4.11393508204915e-05,0.00340938455095337,0.96390850564867,0.032639810991483,1.15945807335051e-06
0.558638600480884,0.0011703301194072,0.000705343503074867,0.439482074422948,3.65147368611801e-06
0.000460689739896258,0.653405759915273,0.00137927530288303,0,0.344754275041948
0.846077975177839,0.0356272312035927,8.10039268210362e-05,3.98932315204455e-96,0.118213789691748
0.0126630346805758,0.28382490074103,0.554854976798958,0.148566050300054,9.10374793830625e-05
8.8296649061564e-05,0.00334103173836797,0.0660402319318766,3.29600511569856e-81,0.930530439680694
0.0100800256691057,0.00055098375495111,0.157681069920483,3.21943818611203e-96,0.83168792065546
8.65693070804396e-05,0.016207172167717,0.98043076300975,4.64362485534504e-75,0.00327549551545288
0.013056731207216,0.760200614372532,0.223077492021539,0.00348712294405818,0.000178039454655521
0.00211468774824054,0.401188237809605,0.000235855175357553,4.04386655825821e-12,0.596461219262753
1.24805406914563e-08,3.75295198702609e-10,0.00447618991855813,0.995523797223033,2.57344834047579e-12
0.00260098728161091,0.986719484742015,0.00795394938791679,0.00266960881745889,5.59697709981404e-05
0.636338251069142,1.68219804852661e-05,1.05716156424991e-05,0.363634347510657,7.82407308454342e-09
1.65609655887818e-05,0.000230262647868639,7.34245528644695e-07,0,0.999752442141014
0.999405457738456,0.00052575392551243,7.14344180605041e-07,6.79843670074631e-05,8.96248431572865e-08
0.0359784276151424,0.732706980424484,0.19189138579228,2.09973327342075e-06,0.0394211064348196
0.0335028334618539,0.594753024092084,4.16669325345555e-05,0,0.371702475513528
6.9181337853836e-10,8.20525176532544e-10,0.995665764868486,0.00433423353221554,8.69601101834605e-11
0.0188842452468534,0.931335211512133,0.0054193040760605,1.05375057418544e-06,0.0443601854143793
0.997802866029988,8.64163623928297e-05,4.02814678580528e-06,8.7756241046334e-95,0.00210668946083377
7.87206097984634e-07,1.04074328238353e-06,0.92776626603021,0.0722318729790707,3.30413394244004e-08
9.86676086712146e-09,0.000104665668385016,3.8681885596659e-07,0,0.999894937645998
6.96266716091225e-07,6.82897367511214e-05,1.89337317941488e-05,3.05685597945216e-103,0.999912080264739
0.000617031849680168,0.0667878790926128,0.00249006161609294,1.87693958834135e-99,0.930105027441614
0.727906459430866,0.000966882238896528,0.26860715731128,7.07721776836585e-22,0.00251950101895773
0.0290476407870138,0.664007061325613,0.0717517450915244,1.46121379669233e-05,0.235178940657882
0.998882253498772,0.000879320915359879,2.60976779094991e-07,0.000237921267333739,2.43341755300893e-07
0.00205110871690774,0.997631020745373,6.20319590698074e-05,8.33191208994569e-09,0.000255830246737502
0.997553640299679,0.000189091544563782,1.35148901533066e-08,0.00225724764941827,6.99144890299582e-09
0.0343513654693536,0.963300642084373,0.00157787229936968,0.000172081568756955,0.000598038578146211
0.00196021067810843,0.0388622283089439,0.830204648102622,5.01163113080735e-07,0.128972411747213
0.0935321707978016,0.144550188340033,0.654550398060957,0.00036497140411166,0.107002271397096
1.09631800231375e-07,3.79591035975733e-06,0.000118762126281498,1.35890418596075e-103,0.999877332331558
4.75741132320127e-07,6.7864888633687e-06,0.867561971721505,0.132430708618761,5.74297387634227e-08
0.0194319570067,0.00039671922599669,0.000201437503853619,3.82908175725343e-98,0.97996988626345
3.61454515975421e-06,0.000703825042375541,1.11975950657349e-05,0,0.999281362817399
0.996046904656664,0.00217648852214401,6.05128197341816e-05,4.81960249009327e-23,0.00171609400145774
0.0441768990251055,0.00206423564512989,0.948584477143309,0.00449849192978143,0.000675896256674369
0.0044868613321753,0.0106677085972829,0.618618173146542,0.366219313437533,7.94348646727723e-06
0.00484223227659659,2.43618900108115e-05,0.000923897216641268,0.994209475317785,3.32989667755182e-08
0.993514304319891,0.000179363381954043,4.28006989538194e-07,0.0063059016287657,2.66239961132223e-09
0.348491758668817,0.0807325104818842,0.561932070293337,0.0048850347075928,0.00395862584836866
0.994490264640659,0.00168802911088499,3.07574931795321e-07,0.00382131066866586,8.80048583781213e-08
6.72024118763411e-09,0.00724976428412802,0.000564191682796123,6.27036679587869e-104,0.992186037312835
0.588539104088066,0.20219874807033,0.0315923919902371,0.177578060636115,9.16952152511778e-05
5.60028556923579e-07,0.00491084873981806,0.00588020197397295,3.33556344075254e-82,0.989208389257652
0.237119109763348,0.066755331742449,0.00170894097443198,0.694415717994304,8.99525466443565e-07
0.963945714048971,0.0115604270919344,0.000191686907246437,2.28441502856889e-06,0.0242998875368196
5.2410324792856e-06,0.000114831606718725,2.292303397378e-06,0,0.999877635057405
0.990779517982736,0.00903664633728198,6.11505040089795e-07,2.26395313815674e-07,0.00018299777962801
0.0180685965192597,0.000302146824949608,8.00609708621811e-05,5.55600321523104e-98,0.981549195684928
0.126688034779072,0.00571554042767319,0.00727693138734685,9.9843618956218e-96,0.860319493405908
0.750744973962772,0.246460732263467,0.000204171590181074,0.00255559681857941,3.4525365000212e-05
0.00366659946210874,0.00393089200366287,0.753192506521901,0.239208839379428,1.16263289952215e-06
0.00361490799588818,0.00264713259008234,0.000175718290695578,9.38926341321887e-99,0.993562241123334
0.000696061679394825,0.00435905517735712,0.608155526010035,0.386735386333569,5.39707996441905e-05
2.09677514751639e-08,0.00871857177227479,0.0268164831195992,6.46306041669972e-100,0.964464924140374
0.000228225019528167,0.118516911424326,0.879214452486851,0.00184663973700095,0.000193771332294207
6.84996832934865e-07,0.00332019422250443,0.000393251876016921,4.30996282879281e-32,0.996285868904646
0.000238806797108722,0.507028799776636,0.000203199473632275,3.11641781652045e-29,0.492529193952623
4.04685921091888e-06,0.00112056345730101,8.30582778770535e-08,1.88224253088719e-104,0.99887530662521
0.0320358997091237,0.574344545618156,0.00913255297462495,0.384486315284821,6.86413274090215e-07
1.62278475715157e-10,3.48526477432482e-06,6.58712329456363e-07,2.15186040141997e-109,0.999995855860618
0.005201317346474,0.00426511397080151,0.855486460690807,0.134996939953173,5.01680387446461e-05
0.000348073197283205,0.000245326861221333,9.23438155116132e-05,0,0.999314256125984
0.000340045914194961,0.0150966909263926,0.10279094837992,4.89088370397663e-98,0.881772314779493
0.050545309087674,0.100942139532001,0.0585121363590214,1.57786201177235e-78,0.790000415021304
0.994921523371901,0.00507508996156708,3.09180213685364e-06,0,2.94864395048669e-07
0.993539855789286,0.00631050521206341,6.54500455203918e-07,0.000148538730538124,4.45767657529875e-07
0.890262296660256,0.0451495447338051,0.00266808142696683,0.0619150508845135,5.02629445821016e-06
0.000122210270296189,0.0122647793843025,0.777604551179875,0.209986055849555,2.24033159706316e-05
0.00132045662775003,1.66218870221636e-05,4.58696043883623e-05,0.99861705077089,1.10994927464639e-09
0.000140386880896794,0.902117404124078,0.000949939328067331,1.18735303792808e-09,0.096792268479605
0.0288141783558359,0.969054338517823,0.000256906081779414,1.80636346019649e-06,0.00187277068110115
4.93008694611477e-06,0.00133279123991146,2.79338551080447e-08,0,0.998662250739287
0.0121896742333642,0.8732219845153,0.110576393871274,6.47278379708473e-74,0.00401194738006188
0.916990780202785,0.0828001689285948,1.95113208644578e-05,1.64999717133334e-07,0.000189374548038929
0.40452622262417,0.109637419421522,5.39320827340878e-05,1.03508613205278e-96,0.485782425871574
3.78800892545676e-06,0.0132249859395119,0.0249189847021932,6.27887078125346e-100,0.961852241349369
0.000213215729549436,0.603351080206414,0.35987407860783,4.57200787172596e-24,0.0365616254562068
0.409507748925863,0.0324507609133526,0.547496105380017,0.00313604990195117,0.00740933487881618
0.00694857608863726,6.62798915576152e-06,0.0134539327723782,0.979590853858694,9.29113517115236e-09
0.00679932847168046,1.38718620196278e-05,2.43919143461281e-06,0.993184359944695,5.30170796720081e-10
0.0293383745584558,0.00110682560339417,0.968091658077937,0.000234525346722502,0.00122861641349095
0.000392942982273009,1.36510288223568e-06,0.00223455538414522,0.997371134057443,2.47325701997535e-09
4.73581583473497e-05,3.26442355058208e-05,0.270728804667334,9.91374875211433e-97,0.729191192938813
0.0294703320584547,0.962898865345331,0.00387762772588138,9.68392138901271e-07,0.00375220647819373
0.0017580000819554,0.00343491071902379,0.114828251160976,0.879977323645881,1.51439216356891e-06
0.00762972528076616,0.000216973675576945,0.0889932235110221,0,0.903160077532635
0.025190326656868,0.00606325215616934,2.33795862046475e-06,6.1146365527503e-100,0.968744083228342
0.000172659754780864,0.992599965184854,0.00457293073910489,1.33812921879234e-07,0.00265431050833848
0.00259253679307541,0.600507904690009,0.00392230156023719,6.13492469478555e-10,0.392977256343186
0.999518152000962,0.000469778905737158,4.75220507328391e-07,1.54929634355639e-76,1.15938727938851e-05
0.00359025582571004,0.243947090586373,0.0102131784298624,2.04214825448115e-78,0.742249475158055
0.318527490301159,0.679745258186058,0.000767757366912498,0,0.00095949414587085
0.999694224038489,0.000183549023824896,1.82767749099901e-07,0.000121933396473417,1.10773463773096e-07
2.8940887335565e-05,9.95158973045198e-06,0.00587162896041352,0.994089478233214,3.29306217185256e-10
1.59578973323509e-06,0.000375749953124674,0.971427884448843,1.23421205792192e-96,0.0281947698082989
6.22409884666458e-05,5.33673313644934e-05,0.000161809865733147,6.54314357464419e-100,0.999722581814436
0.0897320812318305,0.191923573231206,0.276112101566537,0.442202547036265,2.96969341610614e-05
0.951638841106257,0.0123629061591392,0.0264704697831961,2.77140486732696e-92,0.0095277829514073
0.986877027167434,0.00223892656848801,1.80452443606282e-05,0.0108657825410817,2.18478635775069e-07
0.000291818387183286,0.00857456075508976,0.990342748985512,0.000398793169156655,0.000392078703057936
0.991731254377627,0.0070469021511525,2.89830339700609e-05,0.00116437302086029,2.84874163900611e-05
0.00223256561522071,0.997443388961589,0.000267745627145813,2.40290824068438e-05,3.2270713637932e-05
0.00992340784799191,0.000837509894787167,0.00318304549873448,0.986055818175662,2.18582823962933e-07
1.03512155914747e-05,0.00297110438808186,0.00568449964384625,7.32321301096182e-82,0.99133404475248
0.00116498725010573,0.996817198519368,0.00135554816707426,7.53618381073891e-07,0.00066151244507127
9.7841062890903e-06,1.45644439565674e-05,1.21415018378576e-06,4.45128186267718e-105,0.99997443729957
0.00118765613665421,0.00178535063066508,0.178708637924709,7.59565633883999e-27,0.818318355307972
0.000322656931458529,0.00714836359218158,0.0192350979350917,0,0.973293881541268
0.151100418333364,0.838459499777854,0.00809190926090667,0.0022072249357236,0.000140947692151734
0.00176277289804361,0.0895369329099469,0.906395947964113,0.000923464929733562,0.00138088129816245
1.5887353663861e-07,2.87325092723545e-08,0.0026536918415269,0.997346120527594,2.4833260090448e-11
0.0231475064817651,0.936581841153395,0.039898675357926,4.93530315985296e-20,0.000371977006913968
0.470528124419228,0.35810553764965,0.0617739732534687,5.39525816598334e-74,0.109592364677653
0.000278932814529669,1.50416752396042e-05,0.00155277719737335,0.998153245945007,2.36785070562835e-09
0.701648062822436,0.0150744066683827,0.000108437212190545,9.99019258929191e-09,0.283169083306798
0.821690620574109,0.0115745810720448,0.147366417406192,0.000725689616413039,0.0186426913312407
0.897176326761011,0.0921378943928238,0.00475947424156261,0.000183749375928459,0.00574255522867408
0.00801559195857492,0.000174848073110069,0.000267528073511556,3.62146895722457e-99,0.991542031894803
0.052400456091676,0.101874220056991,0.787530686375196,6.08882810603411e-05,0.0581337491950769
0.00484808492313393,0.992256281240687,0.000383406684547028,1.12514740206166e-06,0.00251110200423047
0.747605015283779,0.0139570596007524,0.118989781108208,6.99872797402698e-06,0.119441145279287
0.989452043652286,0.0100276688374994,4.43404259552619e-06,8.08416208618018e-06,0.000507769305533497
0.938124895041997,0.00106943839899271,4.98000536587772e-06,0.0608006592805376,2.72731069686295e-08
6.37200752191922e-06,0.211277817807839,0.156384223328477,5.27902727672053e-28,0.632331586856162
0.000270626948123877,5.69116881198906e-07,0.000428402408471015,0.999300400845026,6.81498093911077e-10
0.701264071895411,0.0422107046817122,0.0969586952870219,1.17226107067935e-75,0.159566528135855
0.996439229910506,0.0027673977691696,0.000115515926279674,2.03525048251981e-74,0.000677856394044868
0.998254589004851,0.000106958675130947,8.26769837316517e-08,0.00163836550694833,4.13608608975522e-09
0.129148312830197,0.870806495448067,3.25849063120303e-06,1.05994009706313e-05,3.13338301341382e-05
0.0133907129368573,6.65875990451711e-05,0.035230600566903,0.951312081718857,1.71783377713572e-08
0.00879434978830744,0.402186922559141,0.0205403301187863,4.06391102409902e-77,0.568478397533766
1.49278384956103e-06,2.64001947231397e-07,0.984082180864178,0.0159160375761928,2.4773832233142e-08
0.000121442255152638,0.000136206672224712,0.886028393811178,0.113710215188368,3.74207307744604e-06
0.999162567899772,0.000392450285525056,8.2464778257162e-06,0.000436330887241505,4.0444963573184e-07
0.0648495804528735,0.249056100115639,0.655250854550995,0,0.0308434648804925
0.99440593708858,0.00321393659259117,7.79054515193065e-07,0.00237918335406877,1.63910244819904e-07
0.330787056959895,0.482977477044959,0.119162130621639,0.0666346330621688,0.00043870231133724
0.000703743665706469,0.000127111574183686,0.00855074627657969,0.990618384860506,1.36230238113082e-08
6.75733853886169e-05,0.642670142774956,0.00604790870855683,1.27864107310812e-79,0.351214375131099
0.00105011627916523,0.0038891573671804,5.31279656231306e-05,0,0.995007598388031
5.09504285995627e-06,9.02382314119397e-06,0.999951158524955,3.99785427127581e-23,3.4722609043459e-05
0.00761863242453913,0.000227921489917,0.00526244259096867,0.986890991429005,1.20655697861135e-08
0.195272895040644,0.40856808472131,0.386933123691115,0.00027733288384746,0.00894856366308426
0.021267965923728,0.194239965516841,0.28629259276006,5.68257148412437e-06,0.498193793227887
0.0118320974156645,2.61121331333806e-06,0.000678774585191545,0.98748651173685,5.04898028977312e-09
0.816405519964648,0.0132800476642789,3.51056512299189e-05,0.170279250383988,7.63358545849415e-08
0.524759369225986,0.474029990917314,0.000424718982640253,0.000555566512758006,0.000230354361301308
0.000476647188790429,5.68982264350478e-06,0.000204402856394405,0.999313259828726,3.03445971208486e-10
0.00621403781507424,0.350684237468148,0.611513207701387,0.000321162148347997,0.0312673548670435
0.00753555364788377,0.108727932675673,0.00847535066504551,1.39691684246581e-96,0.875261163011398
8.40119380454884e-10,0.000190682410896993,2.31855488746461e-08,0,0.999809293563435
0.973640288189371,0.025972362826669,1.608168204726e-05,3.70612648564242e-23,0.000371267301913077
0.000197389195687426,0.00508938530497931,0.891045819052475,1.74457623446522e-93,0.103667406446858
0.0383332957758033,0.321272427819208,0.00315663121470016,2.26953089157658e-08,0.637237622494979
6.62913920859273e-05,6.51412796320492e-05,0.822768051784277,0.177099196806223,1.31873778214112e-06
0.372478211925028,0.584570117880605,0.0188226545358918,4.05179564683999e-05,0.0240884977020068
0.0441715845816831,0.0224251474075865,0.869082056498221,0.0639109900926575,0.000410221419852276
1.95838282024484e-06,7.41882056169749e-08,0.000234440878661133,0.999763526496438,5.38752564771402e-11
0.159748547685217,0.00337310023886455,0.0383388062391682,0.798533334437545,6.21139920515538e-06
0.943148962513777,0.0282159531870863,0.000162759580314769,0.0284704295679102,1.89515091186636e-06
0.895518715239769,0.0861058942177267,0.00728563480565426,0.00976029270904084,0.00132946302780878
0.000122069637862535,0.000298343728349852,0.00451592534137865,0,0.995063661292409
0.628982110080226,0.363131366857526,0.000138314077078929,0.00774313641081641,5.07257435196845e-06
0.805010042753741,0.106490813336252,0.00113016530195866,4.04997675107271e-24,0.0873689786080486
0.000215152731650178,4.46379756457918e-06,0.00211601965979071,0.997664363589664,2.21330177484162e-10
0.954937356550907,0.022374584045689,0.0179475807430174,0.0007073334201659,0.00403314524022047
0.999872689343784,2.61333369075476e-05,3.25480556934991e-06,9.74503204902357e-05,4.72193249268789e-07
0.000984903199858663,1.87404339555009e-05,0.362149473283422,0.636842419802636,4.46328012786751e-06
0.591919010594073,0.322021020799496,0.0613328510513807,0.024598039231137,0.00012907832391305
9.37430722128336e-05,1.10050734101153e-05,0.991547712313306,0.00833431218875899,1.32273523120439e-05
4.31083049657456e-06,0.479046130617642,0.518043714878423,2.90075749253714e-08,0.00290581466586329
0.161528877650634,0.702932423391654,0.0249627364435488,4.02479558992415e-76,0.110575962514163
0.388207346539568,0.594972681732205,0.00042680194616167,0.0161363677863891,0.000256801995675547
4.98150270401374e-07,1.85593778423055e-07,0.0873032862474062,0.912696029914746,9.37990566219083e-11
0.627690635336939,0.354663848186356,0.00547700795964574,0.000589930701893333,0.0115785778151662
1.24515921127793e-06,1.38936710663347e-07,0.328665574208398,0.671333040869026,8.26654084738395e-10
4.16951179862891e-06,2.24410989353832e-07,0.000299029067328572,0.999696577001211,8.67283127140518e-12
0.280108983370622,0.0415084139074401,0.663114341639034,0.0150454558264218,0.000222805256482607
8.57666946869664e-05,0.248853726969038,0.00119590463706413,0,0.749864601699211
0.016313670873826,0.377667323072704,0.216446091339902,0.38956181142606,1.1103287507417e-05
0.986559797169515,0.00367068402388088,0.000141139069530218,0.00962746734242664,9.12394647677701e-07
0.135024085725433,0.84419190460625,0.0190875841600513,7.32073224589215e-23,0.00169642550826551
4.71302737902157e-07,9.59312025661484e-05,1.87052388002171e-05,8.76353419068039e-105,0.999884892255896
0.0278151282243329,8.90546971502359e-05,5.36600984360099e-05,0.972042155909517,1.07056393877736e-09
0.0491954107434715,0.950241070971642,0.000202284687806976,5.46520490492046e-07,0.000360687076589457
0.306323784957264,0.00926041455013934,0.00725478199908533,0.677134720887904,2.62976056070735e-05
0.0255782963801796,0.0192865159901426,0.00358599770338517,2.45782265067415e-10,0.95154918968051
0.985999745832747,0.00734445076266309,0.000295123072691414,0.00635882948062238,1.85085127607831e-06
4.85957616271419e-05,0.00376491865137957,0.00744427991701611,5.62645388620825e-99,0.988742205669977
0.912841514367864,0.00108152900706001,0.0849455616446204,5.70615338862225e-19,0.00113139498045578
2.16189239177806e-05,0.00298763837877142,0.0208278415485135,0,0.976162901148797
0.883920015237688,0.0142018431009962,0.00357915055933187,0.0982934083753666,5.58272661762189e-06
0.583878364864542,0.00630190876415925,0.0155341379307231,0.394284112206711,1.47623386410899e-06
5.75865527533792e-05,0.0532020367788693,0.897702156310433,0.0490339431759593,4.27718198490628e-06
0.0204348296205274,0.938342911246402,0.00418233697451507,3.47439532226311e-07,0.0370395747190237
0.00324163152224734,0.196545487155199,0.000378559275302426,1.09312314241606e-11,0.79983432203632
0.157031678231682,0.819218140356152,0.0126869330500787,1.95723771274446e-76,0.0110632483620873
0.00076706914791535,0.00337611932649633,0.000235830233476583,6.87816449792147e-99,0.995620981292112
0.000183061116876712,0.000602625536711422,0.987369908611068,2.12384016894181e-06,0.0118422808951745
0.963982244888561,0.0136703771538482,0.0223257484573045,4.80412923781039e-18,2.16295002869798e-05
0.772039215198847,0.0684955444066127,0.121176227982781,0.000120012745991191,0.0381689996657674
8.15265517267989e-06,0.0359855847262479,1.75462696481326e-06,0,0.964004507991615
0.00335531013462733,0.00582821787552999,0.562285831434801,2.47980462694148e-94,0.428530640555042
0.000217265045466336,3.91252534360709e-05,0.999592227264774,0.000144037280021059,7.34515630253343e-06
2.61286519881104e-08,2.78657730543585e-09,0.424658577576037,0.575341393328099,1.80635145107328e-10
4.13959968823193e-06,1.04430337276108e-05,0.106863650974318,0.893121732569544,3.38227227372693e-08
0.986167440178031,0.0121639548792173,2.15480010989027e-06,0.00166633135312492,1.18789516520212e-07
2.14141068336352e-10,4.8743396009503e-05,2.43596765972307e-07,6.50442075047357e-109,0.999951012793083
0.039195929399928,0.955976542220755,0.000506205418898422,1.9557294169626e-07,0.00432112738747656
0.462714169143916,0.257206109776825,7.22393386254271e-05,5.24595337451202e-79,0.280007481740633
0.0113656019353164,0.0220947028849541,0.00108772339480006,2.20708382819483e-97,0.965451971784929
0.756835300790506,0.232214224869953,0.00593524304313826,0.00500307258189454,1.21587145079938e-05
0.876418431026901,0.0145883185084252,0.0100384967508691,0.0989497213179901,5.03239581490191e-06
0.000316479460866699,0.975967902684139,0.0229024187499281,0.000793074141353357,2.01249637131785e-05
0.0377331718100506,0.0187420154413487,2.7980758303344e-05,3.55341577808711e-81,0.943496831990297
0.00164857244158646,0.982330967776757,0.0112064824923591,3.37714081294989e-07,0.00481363957521649
0.879264063438046,0.0242483468228129,0.00362562680899428,0.0928482245519452,1.37383782016425e-05
2.0720432881014e-07,0.00016826786220821,0.00136417127608687,0,0.998467353657376
0.559820268964283,0.1052222623267,0.00753013778102415,0.327418865190879,8.46573711417424e-06
0.844159992453415,0.152093382324715,0.00226090594203785,0.000785421400567937,0.000700297879264552
0.0766732008456248,0.92291024578125,3.15440186769918e-06,2.18361292390805e-08,0.000413377135128429
3.25678206237676e-07,7.13827618524102e-09,0.000580298039842873,0.999419369134876,8.79835146083738e-12
0.681142798582393,0.317971879665041,0.000174143436520756,0.000166084155165786,0.00054509416087917
0.0302108021729578,0.0278868173952613,0.923606240983889,0.016941164876754,0.00135497457113799
0.0415235890183778,0.0023198173660244,0.845585248635785,0.110506788510224,6.45564695896042e-05
3.35484348572896e-06,4.75062218135675e-05,0.12586447477281,0.87408457007713,9.40847605362065e-08
0.00323642205795327,0.996613157351519,0.000125481934600866,1.68089903457902e-06,2.32577568919117e-05
0.863177607126621,0.136746876635064,6.42509911020597e-06,6.19669243363855e-05,7.12421486870887e-06
0.00081435043245855,0.00140256075944107,0.890766620977803,2.43807124382945e-24,0.107016467830297
0.00210197065375529,0.000126934661735446,7.36547467133469e-05,0.997697439123749,8.14047262155062e-10
0.999773084598089,5.42712759466742e-05,5.90455462238578e-05,5.47068475217962e-94,0.000113598579740919
4.75970584559121e-05,5.76069665350656e-06,0.997213352667506,0.00273294280173547,3.46775648950707e-07
5.11854488683067e-05,5.77944229675872e-06,0.0123713209766572,0.987571712287302,1.84487593887662e-09
0.931441572937552,0.0111573761006509,0.0433385498789818,0.000641043869592904,0.013421457213223
0.237087122314656,0.53387138489146,0.00381826682939331,1.52835175291218e-77,0.22522322596449
6.66184178024629e-07,0.00169141855305889,0.000347810796124827,1.22340520880496e-101,0.997960104466638
0.000269047179071221,8.89066161410848e-06,4.54132304983902e-05,0.999676648008972,9.1984422795511e-10
0.910145589759061,0.089308353393275,0.000176212493077885,0,0.000369844354586304
0.00134098084662414,0.000784351170893126,0.997398553992092,0.000412341815438325,6.37721749519862e-05
0.00016119178459519,0.00045475173705906,1.89421809876908e-05,1.49420315644827e-100,0.999365114297358
0.997790410761042,0.0019369912104749,1.33945602087033e-06,5.73830392529043e-08,0.000271201189422554
0.000216327342888418,7.00662720646646e-05,0.94205939614505,2.85004559953649e-95,0.0576542102399969
0.000286348814929243,0.0427846709474095,0.956502615956545,9.45679290134643e-75,0.000426364281116165
0.722943549424618,0.0724511530082471,4.5928257448294e-05,0.204559090432182,2.78877505427227e-07
0.000274888995849882,0.058306012682637,0.170747611399804,2.07386240257874e-79,0.77067148692171
0.98681284394664,3.12039993231301e-05,8.52149816377864e-09,0.0131559423266712,1.20586743944014e-09
0.491897965416714,0.497218950726837,0.00952986037043361,0.000939647680070607,0.000413575805945221
0.248247795745109,0.744050309304488,0.000119268524839924,3.18095973702416e-08,0.00758259461596581
0.0381515999679608,0.961760115232996,1.36087124490901e-06,5.44525726207859e-07,8.6379402072225e-05
0.00248787739779189,0.0179514996257242,0.961090579349112,1.5511010139057e-75,0.0184700436273715
2.19932052239301e-05,3.55493635334967e-07,0.00122893480648576,0.9987487162712,2.23454787561136e-10
3.00568237207148e-06,0.00020832204327629,0.00515303264601214,4.16165805539098e-82,0.994635639628339
0.998566209157294,0.000723777998682449,2.90270623053422e-07,0.000709574242682617,1.48330718015096e-07
3.05837729885908e-06,3.30846785494198e-05,2.69515187589944e-07,0,0.999963587428964
0.904421326646825,0.0243890035801637,0.00422606865508191,0.0669553261386164,8.2749793131181e-06
0.343926399801316,0.156382164375242,0.435099359623558,0.0596817698516882,0.00491030634819616
0.00059105216219333,0.0892106949681193,0.690304408053079,3.06793730715878e-26,0.219893844816608
0.697631412459444,0.301239908592857,0.000253601716928876,1.9724994135672e-06,0.000873104731356618
0.00705034379750579,0.986041530006104,0.00475634519199566,0.00212489906094199,2.68819434522947e-05
0.000830446436821774,0.367094796141497,0.000499301789029241,0,0.631575455632652
0.845169792006545,0.0225794095051356,0.0867072624580535,3.31358944658903e-05,0.0455104001357998
0.00178412449117088,0.957550079229171,0.00177632307107901,5.6083199364051e-79,0.0388894732085788
0.0149377037124167,0.00489294662418885,0.0582630223081833,0.921903993683963,2.33367124827158e-06
0.97399853001557,0.00153625275841637,0.000114404315734056,0.0243451706849915,5.64222528802404e-06
1.1892953349778e-05,1.67199763522244e-06,0.992322129570354,0.00766392998423179,3.75494428680672e-07
0.00471506431961327,7.21095095743217e-06,9.13075450158972e-06,0.995268593896112,7.88160541146514e-11
2.91739831129599e-05,0.000442274577008658,0.994146466960582,0.00537809220661323,3.99227268356893e-06
0.116228026116249,0.00659458716508601,0.000337367653379115,0.87683990017493,1.18890356476204e-07
0.0357327025854847,1.73191431762651e-05,0.000317493057436388,0.963932471561471,1.36524321406661e-08
0.0102149781299686,0.000489692914638429,0.989194238640191,9.9394842348918e-73,0.000101090315201889
0.00188085392772481,0.369142169108933,0.547965992467594,0.0809392236574703,7.17608382775663e-05
1.14437060868901e-09,1.05181610575038e-10,0.986665782423527,0.0133342161664244,1.60495906393152e-10
0.985842399891927,0.013326309295586,2.32086912647231e-05,0.000805544744304726,2.53737691720607e-06
3.48900499773837e-05,0.0584026409315625,0.785563768111908,0,0.155998700906552
0.946061100259668,0.000415589772570428,0.00225784683129446,1.08709312216198e-76,0.0512654631364669
5.26831825300497e-06,0.000125476635054852,0.950288594176629,0.0495802973382311,3.63531832282762e-07
0.000637116405118467,0.990243930930915,0.000159722668335206,1.36159317077092e-09,0.00895922863403825
4.08801755680972e-06,3.18529115024685e-07,0.0023292650589484,0.997666328308283,8.60964031377229e-11
0.000257949632019685,1.52839609971351e-05,0.975195817966189,4.29798178762723e-95,0.0245309484407936
0.102919343948369,0.00305523996480397,0.000179941537999079,0.893845455812791,1.87360374162383e-08
0.789374768456261,0.0367539889958316,0.000334703411442714,0.173532367449781,4.17168668461147e-06
0.000100405954293931,1.01932548207081e-06,0.543068281999296,5.67858136144315e-97,0.456830292720928
0.995522821560103,0.00428535824859615,3.63577618968838e-05,0.000144665788494721,1.07966409092592e-05
0.0292329689380046,0.0121230034288802,2.60767740672545e-05,1.88511554448328e-98,0.958617950859048
0.0799019360337827,0.350195873818277,0.000177375146421078,1.72439039977925e-08,0.569724797757615
0.0247109895838249,0.00184711490982974,0.00645784099439538,0.966979654307077,4.40020487288992e-06
0.00886100098517422,1.39202124825664e-05,0.00039450841010095,0.990730566613905,3.77833751536975e-09
0.917737707660172,0.0786984018810919,0.00197780284516727,0.000606587495825423,0.000979500117742773
1.33355903455407e-08,3.56049522493273e-10,0.00376201454905988,0.996237971758176,1.12438961276397e-12
0.982453817074307,0.0157877564411624,0.000411331140711026,0.00133883217576293,8.26316805672822e-06
0.973331291355344,0.0257537942854493,0.000598666464131985,0.000182040482094924,0.000134207412979835
0.79752730658626,0.200958077719404,0.000685384962557424,0.000748651741519024,8.05789902595811e-05
0.000510305097149078,9.11891523576627e-07,0.199611174805775,0.799877602032842,6.17271024266915e-09
1.5031746718243e-06,0.115076281037379,0.884333899120389,5.96750060562864e-06,0.000582349166955122
0.000727363050776705,7.21654216419744e-06,0.0327602166195108,0.966505178492092,2.52954564118805e-08
0.000697296002661694,0.000515910269404889,0.0927461792105595,0.906040589617541,2.489983336083e-08
5.51069321755112e-05,3.80735120772139e-05,0.0466647177085078,0.953242094781272,7.06596695751541e-09
8.39181826247202e-05,0.0120395002925011,0.963273406137032,0.024571091079456,3.20843083865825e-05
0.974841214550231,0.024765171998772,1.94103819817112e-05,3.04941309501392e-07,0.000373898127705512
0.00159625945754447,0.00283669845726613,0.995558622581781,0,8.41950340820159e-06
0.0209105760822881,2.33812373012344e-05,0.000435846700753846,0.978630146368109,4.96115478368346e-08
0.000842894048744746,0.00107373143645124,0.714807712360849,2.89358064732833e-78,0.283275662153955
0.0829219466534492,0.511164498029828,0.0263916391661161,5.79526448085889e-07,0.379521336624158
0.000205935016201067,0.0976508724463768,0.887272124248698,3.22116182563133e-05,0.0148388566704683
0.313128244446876,0.332902940992207,0.00228391878845773,0.351670581052061,1.4314720397616e-05
0.000634860546937912,0.953145612660957,0.0445221504378985,0.0012185062311359,0.000478870123070727
0.00140212930815007,1.09871230866886e-05,0.000435472600896331,1.97632328652446e-100,0.998151410967867
0.999285433587255,0.000688857545001135,1.99140983029306e-08,2.56386793723121e-05,5.02742730239582e-08
0.000217818767614896,0.00141191241445052,0.889476820991708,0.108892308112681,1.13971354610151e-06
0.0050888190361052,0.000719094661010985,0.948725072772537,3.30817829862441e-05,0.0454339317473607
0.00728647474082766,0.00834277545749362,0.977376285528826,0.00665016187086358,0.000344302401989348
0.508867755744315,1.88931433926958e-05,0.000405241446016491,0.490708039786135,6.98801404727229e-08
4.72654988545073e-05,0.065098479526738,1.22189106619246e-06,4.94279605222777e-103,0.934853033083341
6.83529000893088e-05,0.014203485161864,0.985016854998168,0.000511855296804401,0.000199451643074532
0.000132529257696929,0.0204493587709716,0.976117796047378,1.58723639635563e-23,0.00330031592395331
0.000647229679906585,0.000194706356646256,0.191405400552283,1.80465601604967e-95,0.807752663411164
0.116939296058015,0.614579409253409,0.00130967643275265,0.267171216983014,4.01272809337859e-07
0.0652767528075636,0.00146106938772529,0.0238611629193987,0.90940062230338,3.92581932565956e-07
0.904763427492638,0.0856204777359546,4.63207145590499e-05,0.00956916176982771,6.12287020197449e-07
0.967419889974319,0.00470773752393554,0.0267103527674504,0.000685063543121158,0.000476956191174071
1.86016917382317e-07,1.64178745349232e-08,0.00869255345363278,0.991307243910732,2.00843001175101e-10
4.48527614744866e-08,1.06645205356673e-06,8.48918363441656e-05,1.5859606768109e-104,0.999913996858841
0.00543483991408643,0.00409876569894367,0.990022089243781,9.1115345084718e-74,0.000444305143189109
0.000365048839909517,0.998366583868384,0.00018331154546355,3.11452738580421e-09,0.00108505263171571
0.9064116954839,0.0875502884980673,0.00266705158201205,1.34952225173674e-74,0.00337096443602091
0.88220226481399,0.0376247225822624,0.00157454234636224,0.0785906019213202,7.8683360653056e-06
0.00032311051722793,0.0125003138832627,0.00555199443328875,0,0.981624581166221
0.988150663266697,0.00442524545916959,1.6611772327886e-06,0.00742195511376224,4.74983138337895e-07
0.786040814546413,0.0557028268977556,0.0361462639957337,1.49389129210249e-22,0.122110094560098
0.690702081430701,0.198105799154046,0.0682975206907991,2.88054311809088e-05,0.0428657932932737
0.00538365544625051,0.224643294538796,0.000972750475285333,1.75889443458629e-10,0.769000299363779
0.791184920913591,0.00609348520264777,0.185286557771208,0.0173401944949455,9.48416176079662e-05
0.995927218282421,0.00348327732485757,4.42693672676853e-07,2.60544573905142e-77,0.000589061699048798
8.95812990333564e-07,7.68571948832025e-08,0.00945618109899566,0.990542846071992,1.588276022391e-10
0.000784957749670993,0.0359059517672218,0.000365757421011479,9.61434828556425e-100,0.962943333062096
3.63257899346335e-07,6.65518052397656e-05,5.57371113945058e-06,5.02164080037833e-106,0.999927511225721
0.0130652680392932,0.984600489069182,0.000938362121447444,7.17694671515366e-78,0.00139588077007734
0.820043608998206,0.179904049055981,2.23702139036109e-05,0,2.99717319093392e-05
0.0133270553586813,0.0065520944612131,0.0148502173200696,6.35532967217065e-79,0.965270632860036
0.00391255524488719,0.247120343442605,0.00381171274128122,0,0.745155388571226
6.81248670766586e-05,0.000504020910345719,0.0912071181388843,0,0.908220736083693
0.930280965718025,0.00174751508899864,0.0284099856465075,0.0394193549217564,0.000142178624712224
0.970169579839338,0.0103126081488592,0.000105171044627884,2.28012070713995e-08,0.0194126181659677
1.31999734421447e-06,2.81559146574692e-05,0.999907062506087,2.80905260290328e-05,3.53710558826632e-05
0.00383256826184751,1.49000314067691e-05,0.235827315825418,0.760325008925706,2.06955621182808e-07
0.194602493301961,4.04628592775193e-05,3.7997597890159e-05,0.805319044605945,1.63492649662776e-09
0.994799974681407,0.000115225117313069,2.82784394936605e-08,0.00508476357876696,8.3440732991983e-09
0.0481385467000952,0.0168363510263456,0.00536798060768642,0.929657044657664,7.70082087391445e-08
0.0122144663434891,0.00285652870924331,0.000125739802812394,0.984803258578741,6.56571454479671e-09
0.00219638456625584,0.872248797272222,0.000255139121923238,3.64315683307632e-11,0.125299679003168
3.34148287937065e-05,2.86418820518862e-05,0.999727548069092,9.2951938460224e-06,0.000201100026216396
0.984951605828959,8.00058170682429e-05,9.79384916613848e-06,0.0149585832330381,1.12717684156268e-08
2.91630433014745e-05,0.000878406377976272,0.997330663249192,0.00171654668026213,4.52206492680327e-05
5.81122269208457e-08,0.000209148973106816,1.54600652415695e-06,0,0.999789246908142
0.0175421373488872,0.00119254919879547,0.000926775475640966,0.980338415537063,1.2243961367774e-07
6.22307404675511e-05,0.874534971609515,0.00791040690895058,2.41910605317059e-27,0.117492390741067
0.42472383719068,0.500728407920998,0.00115343121419907,0.0733877840911622,6.53958296101361e-06
0.0207236649572262,0.00309649823555203,0.000299080606398444,1.67639450166236e-97,0.975880756200823
0.948251175130933,0.0496903314206254,0.000843176135465661,0.00111978500994468,9.55323030307549e-05
0.294173507592201,0.63409331327511,0.00890172918122466,0.0628172358584521,1.42140930122115e-05
0.989897101231431,0.00328465855982942,0.00444755740219422,0.00217295496940371,0.000197727837141509
0.0952034947170173,0.737562332487221,0.0650204004145636,8.41911954816164e-24,0.102213772381198
0.214317248810013,0.0246727538915086,0.0724589154981312,2.44455623955219e-24,0.688551081800347
0.00941237471311637,6.18373189616658e-05,0.2189601946984,0.771560411237846,5.18203167590723e-06
0.996825245808948,0.000120552744792032,1.30601775795774e-06,0.00305282987677734,6.55517245468158e-08
1.1140843124348e-06,3.25693408001594e-07,0.812085459915068,0.187913082530173,1.77770381237872e-08
4.49603087305638e-06,5.33160658427087e-09,0.999995449823163,6.25810534137045e-73,4.88143573595921e-08
1.59150391577872e-06,1.94878324200063e-08,0.0591152945296064,0.940883094061767,4.16878462138837e-10
0.975258743186173,0.0246920643402875,1.82309317923915e-06,2.85855026149e-05,1.87838777457687e-05
8.771443365172e-05,1.71269424521751e-07,0.0318175966828967,0.968094370398756,1.47215271160065e-07
0.47366151429929,0.0054917149611848,0.233386040198232,0.287350088737788,0.000110641803504826
0.987746920646869,0.00233628451932203,1.09919074625494e-05,0.00990338651111353,2.41641523292989e-06
0.165172523029507,4.83954386410728e-05,2.27328843825793e-05,0.834756333255394,1.539207570188e-08
0.988395627378978,0.00424505226350484,8.3289760382953e-05,0.00727554791731258,4.82679821516926e-07
0.0250960220312799,0.00120301619941812,0.0011068163015013,1.54417016584145e-80,0.972594145467801
0.0737557900167583,0.00440439559877693,0.291066781467975,3.34773223908138e-95,0.63077303291649
0.213653235177943,0.131209218593393,0.00947725204808214,0.645654744242525,5.54993805722199e-06
0.283867904145419,0.273840416092334,0.409159389968349,1.11572138145008e-21,0.0331322897938986
0.00316897047452978,0.000588449556910828,0.353025363077308,0.643216703813569,5.1307768319051e-07
1.48671759299568e-06,5.16750321742889e-05,2.53902718229004e-07,0,0.999946584347514
0.0101738906108556,0.00024723851304641,3.65971497144913e-05,0,0.989542273726384
0.0152934999477275,0.152056991176978,0.00174480096889342,1.07758749591751e-80,0.830904707906401
0.991613558756203,0.0016268702574884,0.00128881855799649,0.00546232228672948,8.43014158265616e-06
0.0623266739081338,0.155417326433896,0.0257410316580639,0.756513814690175,1.1533097311564e-06
0.873979143244162,0.11767436948959,3.12752594499842e-05,0.00831449230137969,7.19705418282186e-07
3.06806922811648e-05,6.19301475129094e-07,0.0296317339755701,0.970336961690316,4.34035766981653e-09
0.175646340039379,0.824323044286064,2.29231219694703e-06,2.48682238213392e-05,3.45513853951955e-06
3.63424231972306e-09,1.64594662532456e-06,6.50436964358716e-06,0,0.999991846049489
0.130658815119624,0.0172874862587645,0.0526030373669703,0.799445808759983,4.85249465875965e-06
0.000207490265804908,0.00207159247445101,0.0167062132122062,1.20849123085732e-97,0.981014704047538
0.327518183830762,0.0017985590788841,0.000171646448646209,0.670511120972524,4.89669184042563e-07
