0.0013368250550201,0.434928094544241,0.32166295650297,0.0010418902547428,2.46392188020556e-07,0.241029987250838
0.475696488037796,0.00809267198667659,0.505650311936242,0.00877071004891111,0.00135174058377277,0.000438077406601115
0.000891909202831844,0.999092651376101,3.19556966722609e-06,1.05049833660561e-05,1.73886803372193e-06,0
0.000952944876578782,0.786708470382387,0.141291167566453,0.0080332301821548,5.11001339579566e-06,0.0630090769790315
1.86261312009318e-05,0.122472996049864,0.0239414732981992,0.476054349107767,5.53849284119465e-05,0.377457170484557
1.38170843767363e-06,0.0175713596569215,0.00969406320697622,2.12250214415584e-05,1.81012553776924e-09,0.972711968596098
7.82597639095277e-05,0.854408734246099,0.0249264093667219,0.000769971772796545,2.05505496400928e-07,0.119816419344976
0.0232040462840356,0.975863042988914,0.00025348432152339,0.000648356172215268,3.10702333117699e-05,0
1.71305532622928e-05,2.03361910026401e-06,0.000494665177751974,0.998163619078632,0.00132220866355579,3.42907697179734e-07
0.00530191390388688,0.0195566780720105,0.942298430026351,0.0278005797619911,2.66912969499822e-06,0.00503972910606535
0.000209180888190879,0.000784180989305804,0.0596567241540376,0.929692286756413,0.000978659666796753,0.00867896754525561
3.3312138298658e-08,0.000186768555026977,0.00107052301003601,7.30040006435876e-07,1.46579298708254e-10,0.998741944936213
0.000115374116916074,0.0618011663556046,0.113886355196776,0.000342373285525227,3.68184198097593e-07,0.823854362860979
5.79622752455825e-07,0.00479528207085199,0.0099746472072479,1.46209983586441e-05,1.20754826048225e-09,0.985214868893241
0.127469028762274,0.018060953614276,0.836851020618372,0.0143374467479346,3.68222868551517e-05,0.00324472797028809
0.000384390474009399,5.16974523513542e-06,0.000500036279482866,0.937247745898066,0.0618620203105631,6.37292643400866e-07
3.3857717347574e-07,0.00580867297913169,0.00338979056509462,6.09711426653491e-06,4.62211971053381e-10,0.990795100302122
4.84695873856926e-05,0.629936027979151,0.0160892437990943,0.000113158528273258,1.72558290746003e-08,0.353813082850267
0.000176057931241807,0.997873733028475,0.000210530629423977,6.5907965128465e-06,3.53032304967206e-08,0.00173305231111549
3.3857717347574e-07,0.00580867297913169,0.00338979056509462,6.09711426653491e-06,4.62211971053381e-10,0.990795100302122
0.00119196253234349,0.292933822627548,0.581635469666724,0.0228225525639721,1.57851256318841e-06,0.101414614096849
0.996094409656902,0.00291873553677007,6.65957047689315e-06,4.5978338453429e-05,0.000934216897397907,0
0.00623765683777162,0.00117905837995857,0.963706295858637,0.0243467708024119,1.35437488582706e-05,0.00451667437236254
1.36712319088696e-06,0.046690086817403,0.0104594107768127,3.32197756334598e-05,9.2081277536807e-10,0.942815914586147
0.999388244963463,0.000238034259265036,8.00458245622837e-06,2.47452683539237e-07,0.000365448422091153,2.03200405763222e-08
0.00240073900164,0.00341654818275954,0.0222083943354023,0.970195181156384,0.00144099038576834,0.000338146938046041
3.3312138298658e-08,0.000186768555026977,0.00107052301003601,7.30040006435876e-07,1.46579298708254e-10,0.998741944936213
3.43469237820817e-06,0.0296788356926727,0.0165792649663735,0.000213827199021391,2.53954246230348e-08,0.95352461205413
0.95711445171396,0.000733604456345633,3.7559362799561e-05,0.000291223082938608,0.0418231550682165,6.31573976662481e-09
3.3312138298658e-08,0.000186768555026977,0.00107052301003601,7.30040006435876e-07,1.46579298708254e-10,0.998741944936213
5.94338663771189e-06,0.000642267057737004,0.0360561796182876,3.48030407477523e-05,9.89311312675503e-09,0.963260797003477
0.00119196253234349,0.292933822627548,0.581635469666724,0.0228225525639721,1.57851256318841e-06,0.101414614096849
0.706517465587792,0.00011349256156617,4.5036990375824e-05,0.00067713281298089,0.292646872047285,0
0.0112934010792054,0.00314996746899302,0.934343553123548,0.0507378540731092,1.16099702998346e-05,0.000463614284845084
0.000302624940167443,0.0006428674634334,0,0.956477722512217,0.0425625575884975,1.422749568513e-05
0.000599930537422116,2.356647630412e-09,0,0.000811904150269839,0.99858816295566,0
6.05326494624607e-05,0.00814955090045796,0.045991235749673,0.0018229147751189,8.82996541175822e-06,0.943966935959876
5.08636280226573e-06,0.128763885171247,0.0272697495607827,0.000105429330273817,3.28760620745052e-09,0.843855846287288
0.00142060090006661,0.00864090917280895,0.0138560027281093,0.973576242950007,0.0023489639127172,0.000157280336290608
3.3312138298658e-08,0.000186768555026977,0.00107052301003601,7.30040006435876e-07,1.46579298708254e-10,0.998741944936213
0.493704594069669,0.000254301623534505,0,0.000503303312628498,0.505537800994168,0
0.0340815546987944,0.0381479011080553,0.807658304694415,0.00253582051106728,6.88313658687133e-06,0.117569535851081
0.564179125543719,0.0681718266948023,0.205133445152032,0.160985900973796,0.00136026753589612,0.000169434099754423
0.00159623184071836,0.0116037694402448,0.915463859170666,0.0198903245772355,8.79211361892008e-06,0.0514370228575159
0.133043325403162,0.679136226696234,0.1506084006756,0.0344945741784575,0.000155818807745782,0.00256165423880123
0.00518259945734689,0.000473140910003198,0.0184111551360776,0.97266905120356,0.00325764287171608,6.41042129617466e-06
0.618573573932653,0.363536036148695,0.00433188422177759,0.00754642859614893,0.00570099935458157,0.000311077746143619
1.46134969723687e-05,2.34036001761364e-06,0.000602171029257823,0.998204290808441,0.00117536834801353,1.21595729730155e-06
0.000175620731056813,0.984335875774381,0.00346329483592778,0.000194614818702653,2.54012295652413e-07,0.0118303398276363
0.000878547615395032,0.108461208682131,0.561008195306187,0.0124664996969959,2.3581453556757e-06,0.317183190553936
1.35051762264915e-05,0.00126027200452391,0.0711612901637281,0.0638381889677471,2.31523976915134e-05,0.863703591290083
0.975857703742348,0.000522875422107238,0.0168953540034777,0.00046251377511586,0.00622982820775082,3.17248492005715e-05
3.3312138298658e-08,0.000186768555026977,0.00107052301003601,7.30040006435876e-07,1.46579298708254e-10,0.998741944936213
0.975857703742348,0.000522875422107238,0.0168953540034777,0.00046251377511586,0.00622982820775082,3.17248492005715e-05
0.754463429936421,0.244488947000001,0.000185859851422329,0.000650236800174175,0.000211526411981218,0
4.91927384912651e-06,0.000368104518609919,0.00259514280153992,0.993234421360169,0.00346817396887138,0.00032923807696016
0.00168599501822042,0.569762840423103,0.150765016793171,0.0012329578871761,2.3661533405308e-07,0.276552953262996
2.06809071651336e-05,0.362599335261123,0.00979629036236361,5.66007888626969e-05,7.67233082610787e-09,0.627527085008154
0.000220546859806338,0.000468985292672326,0.0434359865996776,0.951590338406141,0.000780689715879733,0.00350345312582323
0.00800794070359229,0.00301323122084948,0.94542796445635,0.0421757799617936,8.57863981100106e-06,0.00136650501760349
0.000698044599801313,0.0953087927058841,0.27942976172193,0.000645992607676356,4.1266671363303e-07,0.623916995697994
0.0710347463192682,0.00574947105263657,0.821133681864966,0.0969794257628123,0.000923254837580135,0.00417942016273712
0.000169524221143227,0.808281625254875,0.00198379632483664,0.177929230557754,0.000816282025644176,0.010819541615747
0.00172310190317762,0.0170240901343664,0.906421666681273,0.00306378745576348,1.66899516340474e-07,0.0717671869259033
0.973944337034762,0.0256546539472796,0.000287435402631904,4.50269623107562e-06,0.000106464589652903,2.60632944207553e-06
3.3857717347574e-07,0.00580867297913169,0.00338979056509462,6.09711426653491e-06,4.62211971053381e-10,0.990795100302122
0.00205567544873022,4.68795234777961e-07,1.24220552999165e-05,0.0126361778652552,0.985295223248703,3.25867769511956e-08
0.977274954112596,0.00143273048931571,3.84298734775237e-06,0.000617699323244173,0.0206707730874958,0
0.00368919774211417,3.66904843611859e-07,8.03090018139371e-08,0.000363628116582482,0.995946726848595,7.88624573428011e-11
0.00616660278356999,0.000334873211830511,0.00519759541938656,0.984419790138957,0.00388005142399692,1.08702225952649e-06
0.000257313252229823,0.0647471255914073,0.129503159265201,0.508307653505998,5.3441155478252e-05,0.297131307229685
0.000103400180862744,0.86249352848556,0.0195120288593066,0.0226040560673528,9.81374137218878e-06,0.0952771726655453
0.00561649679891433,0.0846775347455088,0.345627287716373,0.000214850584918542,6.06615324620397e-06,0.563857764001039
0.000109140193945533,4.45519771195747e-10,0.00307786943998034,0.877824349970617,0.118923618763578,6.50211863597324e-05
3.3312138298658e-08,0.000186768555026977,0.00107052301003601,7.30040006435876e-07,1.46579298708254e-10,0.998741944936213
0.000176057931241807,0.997873733028475,0.000210530629423977,6.5907965128465e-06,3.53032304967206e-08,0.00173305231111549
0.000377779574344844,0.619219691141759,0.116177886858516,0.000921196890378508,3.74031874583396e-07,0.263303071503127
0.0437834059831295,0.0207611662105874,0.92579384664488,0.0078123584301418,6.23390406218042e-06,0.00184298882719966
0.000195095793156894,0.484314553992949,0.00513758014201493,0.49674954495789,0.000418012848250491,0.0131852122657391
0.00764802028415741,4.48578472482874e-05,3.58402734401609e-05,0.299016504558976,0.693254759937331,1.70988472387035e-08
0.000185862481553845,0.0455576281716625,0.24616902076115,0.000762891043748421,9.21112933279093e-08,0.707324505430592
0.138098309171291,0.860848718596954,0.000677097903128518,0.000199834104960457,0.000118299543898222,5.77406797678201e-05
1.36712319088696e-06,0.046690086817403,0.0104594107768127,3.32197756334598e-05,9.2081277536807e-10,0.942815914586147
0.76278653766296,0.000104917555329978,5.99148695774805e-06,0.000100375493370724,0.237002177801381,0
0.000629236999826384,0.000133811370602016,0.262802184468671,0.718244923168856,0.0119027775405646,0.00628706645147965
0.0405698166538229,0.316075552211617,0.352731071422696,0.00543134392404698,0.000270848418989923,0.284921367368827
0.00116010875433888,1.0381323039297e-07,4.35655628503468e-08,0.000648998747992964,0.998190745118875,0
1.71305532622928e-05,2.03361910026401e-06,0.000494665177751974,0.998163619078632,0.00132220866355579,3.42907697179734e-07
0.0799854689728369,0.0153488846702907,0.713272401944695,0.187938765315966,0.000196522078119444,0.00325795701809225
2.29470518166899e-07,0.000728626985287655,0.00306164321539261,9.53158052270912e-05,3.50214560480686e-08,0.996114149502118
1.15742430075195e-05,0.199089973443175,0.0426927765239209,0.000972277156885519,4.22221554401728e-08,0.757233356410855
0.0909902077315554,1.38327369903605e-05,2.71320037632548e-05,0.00293979912423469,0.906028995180041,3.32234156936922e-08
0.142371903392152,0.65953732703866,0.00722463967560979,0.17981539470354,0.0110018721123396,4.88630776982857e-05
0.974094777249471,0.00253718335314718,5.06619329712131e-07,1.94016974870833e-05,0.023348131080565,0
0.00045201975578552,5.92220608719534e-09,0.817358117224812,0.104564834277631,0.000843539208515914,0.0767814836110497
0.000124026113349662,1.26070072918522e-05,0.000441304365862815,0.992241066560439,0.00718075445259368,2.41500462567436e-07
0.00571797174549539,0.00316652966006306,0.981209200224681,0.00743089126525933,1.08533608700898e-06,0.00247432176841374
5.79622752455825e-07,0.00479528207085199,0.0099746472072479,1.46209983586441e-05,1.20754826048225e-09,0.985214868893241
2.5988020288492e-05,0.563327018856858,0.0171684920757689,7.39607023069471e-05,1.26000998697844e-08,0.419404527744678
3.3857717347574e-07,0.00580867297913169,0.00338979056509462,6.09711426653491e-06,4.62211971053381e-10,0.990795100302122
3.3312138298658e-08,0.000186768555026977,0.00107052301003601,7.30040006435876e-07,1.46579298708254e-10,0.998741944936213
1.15742430075195e-05,0.199089973443175,0.0426927765239209,0.000972277156885519,4.22221554401728e-08,0.757233356410855
0.0329034529713455,0.0173715948832017,0.696847779698499,0.250265338644956,0.000431512283506243,0.00218032151849098
0.000248476589363162,0.000403016328253498,0.549033342609396,0.000398463232403433,1.57230225130561e-07,0.449916544010359
0.947424760211306,0.00135971220521981,0.0485499795141739,0.000152268264279421,0.0011637010240309,0.00134957878098952
0.0095359474913312,0.101294547373884,0.134326706629488,0.75110748412165,0.00130831947423055,0.00242699490941661
3.3857717347574e-07,0.00580867297913169,0.00338979056509462,6.09711426653491e-06,4.62211971053381e-10,0.990795100302122
0.953142914761304,0.000187727355852993,2.30762167622635e-07,1.62660723192524e-05,0.0466528610483556,0
0.190767618594404,0.79371343716433,0.00966506683178653,0.00565224042468303,0.000160046375788017,4.15906090088789e-05
4.92881596809287e-05,0.175853794898861,0.0503897375922273,0.000590141782095986,4.17171014692489e-07,0.77311662039612
0.917990547054456,0.0573261511559248,0.0169397083864391,0.00744858447694042,0.000292772959113218,2.23596712673113e-06
1.71305532622928e-05,2.03361910026401e-06,0.000494665177751974,0.998163619078632,0.00132220866355579,3.42907697179734e-07
0.000178786687959168,0.994156026212309,0.00166480975981791,0.000205429152717254,3.52520275512334e-07,0.00379459566692093
0.000643362361284557,2.67084956157169e-06,1.02890194933764e-06,0.0155503712090246,0.98380256667818,0
5.08636280226573e-06,0.128763885171247,0.0272697495607827,0.000105429330273817,3.28760620745052e-09,0.843855846287288
3.3312138298658e-08,0.000186768555026977,0.00107052301003601,7.30040006435876e-07,1.46579298708254e-10,0.998741944936213
8.41710428927081e-05,0.936678345756207,0.00344281874035652,2.6980773245489e-05,2.24779938864531e-08,0.0597676612093047
0.947424760211306,0.00135971220521981,0.0485499795141739,0.000152268264279421,0.0011637010240309,0.00134957878098952
8.39333271511943e-05,0.00708155656294909,0.361944569084056,0.00234978964327731,3.75163366894416e-07,0.6285397762192
0.051733285905535,0.042923094154854,0.85911751899754,0.00328347901770057,1.0026418444407e-05,0.0429325955059264
0.000209180888190879,0.000784180989305804,0.0596567241540376,0.929692286756413,0.000978659666796753,0.00867896754525561
6.70358355110165e-08,0.000159965077507723,0.000751897482354787,0.0190534743798059,2.21462096900383e-05,0.980012449814806
0.00400087976487579,0.00298900986776322,0.979717489290185,0.00609521925758379,7.91350656137982e-07,0.0071966104689366
5.10736575672654e-05,0.553908253284681,0.019845515520697,0.00199036339691342,5.58457960577334e-07,0.424204235682181
1.71305532622928e-05,2.03361910026401e-06,0.000494665177751974,0.998163619078632,0.00132220866355579,3.42907697179734e-07
8.41710428927081e-05,0.936678345756207,0.00344281874035652,2.6980773245489e-05,2.24779938864531e-08,0.0597676612093047
1.36712319088696e-06,0.046690086817403,0.0104594107768127,3.32197756334598e-05,9.2081277536807e-10,0.942815914586147
0.000401991727537795,0.854471099466941,0.00130440651996969,0.140533675581249,0.00064608130543732,0.00264274539886533
0.048054694361137,0.937053054393814,0.0056594901234833,0.00017173936053201,1.0558672159313e-05,0.00905046308887438
7.88966574067922e-06,4.24237162888969e-17,0,1.81217271494099e-08,0.999992092212532,0
0.0112934010792054,0.00314996746899302,0.934343553123548,0.0507378540731092,1.16099702998346e-05,0.000463614284845084
1.40819996799614e-07,0.00157167721537024,0.00345813707047664,4.16419314423889e-06,3.05713509196391e-10,0.994965880395299
3.3312138298658e-08,0.000186768555026977,0.00107052301003601,7.30040006435876e-07,1.46579298708254e-10,0.998741944936213
0.00105609805588198,0.666128002374092,0.0927708250845273,0.197813297072722,0.000204685417907266,0.0420270919948691
0.00523712896962554,0.874735076706289,0.0780211301129471,0.000459731776248765,5.31666965657615e-07,0.0415464007679235
2.32263388533604e-05,0.004996434526561,0.107674003321112,0.000183521246147766,1.90747968296991e-08,0.887122795492529
0.0455870285925054,0.0076419095415914,0.442045316533696,0.49567473612982,0.00896548639269216,8.55228096943164e-05
0.00269906587550768,0.0250953230800594,0.360607103410725,0.606329702902409,0.000164611817120602,0.00510419291417828
1.15742430075195e-05,0.199089973443175,0.0426927765239209,0.000972277156885519,4.22221554401728e-08,0.757233356410855
0.0853087049520942,0.216211247512561,0.632532935837236,0.0612406916842043,3.36035837654951e-05,0.00467281643013849
0.0730819026211532,0.00164093626053053,0.803062927535845,0.0706255978686875,0.00108239887370763,0.0505062368400763
0.000153329989105722,0.850371966395126,0.00387534103281686,3.77679292460017e-05,1.13138843975416e-07,0.145561481514861
0.00172310190317762,0.0170240901343664,0.906421666681273,0.00306378745576348,1.66899516340474e-07,0.0717671869259033
0.000711751415379015,0.235974757057157,0.495612638263663,0.0159758834120513,9.8221148121515e-07,0.251723987640268
0.000964504227135189,0.000401407506244019,0.139138610816195,0.857693592489649,0.00039628848464638,0.00140559647613026
0.000443893742142589,0.866823202456544,0.00231245586588595,0.123108473091101,0.00503406200519962,0.00227791283912627
1.15742430075195e-05,0.199089973443175,0.0426927765239209,0.000972277156885519,4.22221554401728e-08,0.757233356410855
5.67347890199623e-05,3.33744666961063e-14,8.23702494294465e-06,0.000274748292037599,0.999660276690374,3.20359153968316e-09
1.25226782423699e-05,2.65220345995611e-05,0.00110850302054032,0.998335097253441,0.000493227983601488,2.41270295752593e-05
1.71305532622928e-05,2.03361910026401e-06,0.000494665177751974,0.998163619078632,0.00132220866355579,3.42907697179734e-07
0.00541741335184484,0.000400041330649476,0.0137993450693037,0.977765019307722,0.00260558200436432,1.25989361158224e-05
0.000475038562963982,0.0173452845012491,0.138022314595375,9.44846439409507e-05,4.48201017117534e-07,0.844062429495454
8.41710428927081e-05,0.936678345756207,0.00344281874035652,2.6980773245489e-05,2.24779938864531e-08,0.0597676612093047
3.3312138298658e-08,0.000186768555026977,0.00107052301003601,7.30040006435876e-07,1.46579298708254e-10,0.998741944936213
5.08636280226573e-06,0.128763885171247,0.0272697495607827,0.000105429330273817,3.28760620745052e-09,0.843855846287288
0.00354027783346836,0.744980504303533,0.212868188807793,0.00930706342956967,3.5168279100663e-06,0.0293004487977257
0.00332336090243196,0.000155435358963056,0.00132688206791115,0.953809964362701,0.0413843573079933,0
0.0115439237671108,0.982039479713574,0.00502783089356263,0.000118346475599298,8.79961905199938e-07,0.0012695391882477
4.37213984391497e-06,0.000221650389685954,0.00381316734196254,5.13165691155597e-06,6.43553978651997e-08,0.995955614116198
6.47160653121862e-08,0.000181537706249165,0.00122324111423246,1.94206535458792e-05,6.42206901922186e-09,0.998575729387838
0.000176057931241807,0.997873733028475,0.000210530629423977,6.5907965128465e-06,3.53032304967206e-08,0.00173305231111549
0.962958909989623,0.0151404040346996,0.012124148650288,0.00740993047732817,0.00236660684806128,0
9.05442921856657e-05,0.329284164894562,0.011887508277921,3.53207772707679e-05,7.79367933466164e-08,0.658702383821267
0.000752274826942675,0.143965532928522,0.708239421638622,0.0147624572929308,1.00111662226855e-06,0.13227931219636
3.12496788183261e-05,0.418610750438365,0.00876995901129773,0.00190032229547234,4.19017050680638e-07,0.570687299558996
5.08636280226573e-06,0.128763885171247,0.0272697495607827,0.000105429330273817,3.28760620745052e-09,0.843855846287288
1.40819996799614e-07,0.00157167721537024,0.00345813707047664,4.16419314423889e-06,3.05713509196391e-10,0.994965880395299
0.0021785600045175,0.000312539194024495,0.243274685775284,0.748371718723823,0.000711908139836893,0.00515058816251401
0.000238499120234955,0.0906210353958115,0.465723458536157,0.00135381856291446,5.86017797743616e-08,0.442063129783103
3.49326644340649e-07,0.000986444648775259,0.00541236955287148,2.64657559225381e-05,8.3250329088978e-09,0.993574362390753
0.00276906837299683,0.0136880038423647,0.8567605574507,0.0674200294075532,6.04881818573396e-06,0.0593562921082
8.86160439174698e-05,0.978344858459925,0.00171151045927252,2.94530864578632e-05,3.22609506977132e-08,0.0198255296894765
0.974725545081715,0.0238848371854252,0.000111777858440937,0.000719783455697509,0.000558056418720802,0
0.804607992365968,0.0128638188472028,0.106956605651561,0.0699733870405122,0.00539245094568349,0.000205745149072589
0.000111582234449273,0.948702897248825,0.00270399849510684,0.000794722565162439,1.07700643009459e-06,0.0476857224500261
0.000119062658532221,0.523994602055381,0.0168020102774939,0.00086564794291707,6.61008769667079e-07,0.458218016056906
1.36712319088696e-06,0.046690086817403,0.0104594107768127,3.32197756334598e-05,9.2081277536807e-10,0.942815914586147
6.51303399680147e-05,0.839773773130029,0.0102085815981094,0.000157662381882483,3.16096593577704e-08,0.149794820940352
3.3312138298658e-08,0.000186768555026977,0.00107052301003601,7.30040006435876e-07,1.46579298708254e-10,0.998741944936213
3.3312138298658e-08,0.000186768555026977,0.00107052301003601,7.30040006435876e-07,1.46579298708254e-10,0.998741944936213
1.40924151810633e-05,0.00198336207022776,0.0092963177319583,0.87945606872454,0.000546411786958092,0.108703747271135
0.33037894344681,0.0309486786625464,0.123546878680993,0.510018676707265,0.00507188621105933,3.49362913251311e-05
1.38170843767363e-06,0.0175713596569215,0.00969406320697622,2.12250214415584e-05,1.81012553776924e-09,0.972711968596098
0.875392504594537,0.0159172107703181,0,0.0757069975178956,0.0329832871172491,0
0.000238499120234955,0.0906210353958115,0.465723458536157,0.00135381856291446,5.86017797743616e-08,0.442063129783103
0.584254513841503,0.00106053530035561,0.174088262933094,0.108967060045103,0.131043960031133,0.000585667848810541
0.00400087976487579,0.00298900986776322,0.979717489290185,0.00609521925758379,7.91350656137982e-07,0.0071966104689366
0.00530191390388688,0.0195566780720105,0.942298430026351,0.0278005797619911,2.66912969499822e-06,0.00503972910606535
0.00119196253234349,0.292933822627548,0.581635469666724,0.0228225525639721,1.57851256318841e-06,0.101414614096849
7.50723458501371e-06,0.0190925289370475,0,0.00462747007682721,1.00819680805986e-05,0.97626241178346
0.000248951445702458,0.00891362980091573,0.000624099684684192,0.979844935663859,0.0102770254301667,9.13579746719391e-05
3.3857717347574e-07,0.00580867297913169,0.00338979056509462,6.09711426653491e-06,4.62211971053381e-10,0.990795100302122
0.000509385001824593,0.000968946402794915,0.0450188207872687,0.952661600094838,0.000217818882141802,0.000623428831131922
1.25096145505975e-05,1.18719845046425e-10,0.00218780513891272,0.98881603375702,0.00896559592619424,1.80554446021713e-05
0.00205567544873022,4.68795234777961e-07,1.24220552999165e-05,0.0126361778652552,0.985295223248703,3.25867769511956e-08
7.63230549706392e-07,0.000323575696184995,0.0114176121431356,1.43313154654967e-05,6.85796437626004e-09,0.9882437107567
0.00034997632188389,0.9990757558994,0.000201771857261083,4.52928253785537e-05,3.80085791232722e-07,0.000326823010284829
5.08636280226573e-06,0.128763885171247,0.0272697495607827,0.000105429330273817,3.28760620745052e-09,0.843855846287288
2.6536002742789e-06,0.0453425588837866,0.0119410231936195,0.000882941915928233,4.03080626070638e-08,0.941830782098329
2.29470518166899e-07,0.000728626985287655,0.00306164321539261,9.53158052270912e-05,3.50214560480686e-08,0.996114149502118
0.138559297651954,0.00226895490583887,0,0.491225103657687,0.36794664378452,0
0.00457906107945577,0.00447167699249579,0.0250562972679565,0.964567883706468,0.00107849927671485,0.000246581676908943
1.25226782423699e-05,2.65220345995611e-05,0.00110850302054032,0.998335097253441,0.000493227983601488,2.41270295752593e-05
0.861772548920974,0.026925310636997,0.00935334267843623,0.0957493382406265,0.00619837923886716,1.08028409937921e-06
0.0233907031368649,0.64699915201184,0.225327830471021,0.000603152246954084,5.75533015215636e-06,0.103673406803168
0.000607666558069715,8.74053141970831e-05,0.0249999616512817,0.973742226817932,0.000530620541296909,3.21191172229807e-05
0.00168330149560276,0.000341985181272061,0.0101831122161967,0.983463816038324,0.00432141640046457,6.36866814013657e-06
0.000315613227357197,2.94586358348411e-05,0,0.589003416988165,0.410349295692983,0.00030221545565998
0.00223601480925201,0.000228203486310996,0.0177014530810918,0.968163636452275,0.0116347943319991,3.58978390716307e-05
0.00897944304720375,0.00125309560846567,0.436956003645189,0.552413559064115,0.000208184548158638,0.000189714086868523
0.95104740337596,0.000508248794223513,0.0446926753639722,9.66294514964216e-05,0.00227210004545385,0.00138294296889406
0.000238499120234955,0.0906210353958115,0.465723458536157,0.00135381856291446,5.86017797743616e-08,0.442063129783103
0.00639837328364445,8.00687572439334e-11,5.64928384647875e-07,0.0227652741322019,0.9708357875757,0
0.0020914398962328,0.0302653910011349,0.916589758180697,0.0351652471577536,5.68359183815971e-06,0.0158824801723434
3.3857717347574e-07,0.00580867297913169,0.00338979056509462,6.09711426653491e-06,4.62211971053381e-10,0.990795100302122
0.000131694755827571,0.00166817615972269,0.54832736068721,0.000913778103881609,2.21942104383046e-07,0.448958768351254
0.00460224972813094,0.9934564626189,0.0012351455968524,0.000510325291318734,1.02066331029988e-05,0.000185610131694621
0.0112673864340488,0.154228817997665,0.0113480254746204,0.812049081473184,0.0105491076367661,0.000557580983715593
0.000371761586880643,0.107923035656187,0.43009638009357,0.0468885716518248,3.30154286008355e-06,0.414716949468678
0.000309979270595479,3.69470360487087e-05,0.0199150662054484,0.977536600851312,0.00215024701844489,5.11596181508985e-05
0.0890605698409902,0.00589768171264022,0.89099928619623,0.00723465172230746,2.76923086608348e-05,0.00678011821917107
0.000752274826942675,0.143965532928522,0.708239421638622,0.0147624572929308,1.00111662226855e-06,0.13227931219636
0.00145170342212929,0.00312986963757551,0.00638732970629053,0.987052053328967,0.00190370506375795,7.53388412793549e-05
8.86855270072011e-05,5.66601656852436e-12,0,3.77403130611043e-05,0.999873574154266,0
0.000578904006499195,0.105343483575111,0.182574595809347,0.0142533903867707,1.99195653036629e-05,0.697229706656968
8.83108748848851e-07,0.0335805057358763,0.00676714455842781,0.000914723512843435,5.47871851988458e-08,0.958736688296918
3.3312138298658e-08,0.000186768555026977,0.00107052301003601,7.30040006435876e-07,1.46579298708254e-10,0.998741944936213
0.0107822460433636,0.354562019851608,0.0384182268701964,0.000225267132595677,3.10464179241641e-05,0.595981193684312
0.00436263634461808,0.00526711702784204,0.0332932629310129,0.95560916068939,0.00134287469163836,0.000124948315498373
0.00276538580333208,3.2120078115166e-07,4.88543098546455e-07,0.00198521494185153,0.995248588903228,6.07708221571524e-10
0.00233801663011387,0.98307322327982,0.0101345174499152,0.00230176325520908,9.4138195318437e-06,0.00214306556540975
0.00849364246527072,6.23537931852065e-05,7.03987649890848e-05,0.32006250433676,0.671311088179329,1.24604657727966e-08
0.0170428296323317,0.474511694088305,0.374644128598665,0.0136550959277804,4.70597932710798e-05,0.120099191959648
0.0631981184635794,0.235732264133569,0.681092275636276,0.0111945725171372,4.41083741251644e-06,0.00877835841202598
0.641792803439837,0.0887706834074552,0.0133794157606862,0.198728318882745,0.0571063085793162,0.000222469929960838
6.49690170070579e-05,0.00616364945752108,0.241260305881269,0.00997209198777219,1.85971047217931e-06,0.742537123945958
0.548282844618189,0.0672244113966299,0.346070143976192,0.038093385419533,0.00023288064602738,9.63339434281408e-05
0.00523712896962554,0.874735076706289,0.0780211301129471,0.000459731776248765,5.31666965657615e-07,0.0415464007679235
0.670633364459893,0.0485861866652943,0.122521405833429,0.156980650259269,0.00118729378211812,9.1098999996499e-05
0.986037321452567,0.0117705736491012,0.000242032697158076,8.94457972593568e-05,0.00186062640391465,0
0.0426140915218528,0.00502642151319572,0.832775659623854,0.111614293080747,0.00141148642610569,0.00655804783424483
1.40819996799614e-07,0.00157167721537024,0.00345813707047664,4.16419314423889e-06,3.05713509196391e-10,0.994965880395299
0.000163452564803848,0.0153553438669154,0.0277937040889393,0.952203437226549,0.000176440514401374,0.00430762173839075
1.38170843767363e-06,0.0175713596569215,0.00969406320697622,2.12250214415584e-05,1.81012553776924e-09,0.972711968596098
0.0441511319227373,0.00485427156489152,0.000967746320776715,0.202112691825483,0.747815613345113,9.85450209986376e-05
0.000544737161860688,0.716498292951463,0.0567179939577812,0.00132450265844295,5.62579695128147e-07,0.224913910690757
0.0107107884662355,0.90104084111589,0.0769312243924478,0.00325043239460922,5.88914121615592e-06,0.00806082448960194
0.000224274792545895,0.000808226750865187,0.507343042455506,0.0218586944579963,2.65710479816492e-05,0.469739190495105
4.00364941149323e-06,4.27197847449587e-05,0.000452954132823332,0.99862342431092,0.000847079770850814,2.98183512498177e-05
0.0112934010792054,0.00314996746899302,0.934343553123548,0.0507378540731092,1.16099702998346e-05,0.000463614284845084
6.51303399680147e-05,0.839773773130029,0.0102085815981094,0.000157662381882483,3.16096593577704e-08,0.149794820940352
0.000377779574344844,0.619219691141759,0.116177886858516,0.000921196890378508,3.74031874583396e-07,0.263303071503127
1.71305532622928e-05,2.03361910026401e-06,0.000494665177751974,0.998163619078632,0.00132220866355579,3.42907697179734e-07
0.00112402813898636,0.000948449962457522,0.16073818712776,0.284562000244966,0.00644605056749624,0.546181283958334
1.36987981095638e-05,0.0151572904658862,0.0139579601006595,0.933859475601399,0.000339726274591722,0.0366718487593544
0.000175620731056813,0.984335875774381,0.00346329483592778,0.000194614818702653,2.54012295652413e-07,0.0118303398276363
1.71305532622928e-05,2.03361910026401e-06,0.000494665177751974,0.998163619078632,0.00132220866355579,3.42907697179734e-07
0.997998945101861,0.000844300926746733,4.83681004773311e-05,2.11811882320388e-05,0.00108716926212796,3.54205546738842e-08
0.000479259095183865,2.25281153698948e-05,0.0632881897859712,0.93460160221217,0.00134888740623925,0.000259533385065713
3.74004704623613e-05,0.00207088766592362,5.64878340515636e-05,0.990878913011887,0.00695631101767543,0
5.08636280226573e-06,0.128763885171247,0.0272697495607827,0.000105429330273817,3.28760620745052e-09,0.843855846287288
0.996590899932314,0.0011676346016752,0.000535705589171192,9.93976955576084e-05,0.00160624985315319,1.12328128399241e-07
0.000401011969704308,6.75045998198171e-06,0.000922645814748672,0.94239683368427,0.0562723218105623,4.3626073271243e-07
0.000238883461945563,0.196695575348735,0.0961361457577748,0.000431695666752065,4.79375742330766e-07,0.70649722038905
3.13829011013738e-05,0.00844468764901115,0.0405389050902339,6.90179703286907e-05,2.0298767637192e-07,0.950915803401648
0.00374788893023022,0.0696486218768908,0.851336072610081,0.0614857514053215,1.01354141921493e-05,0.0137715297632843
0.00232056444889044,0.778006644194741,0.0979836644449853,0.00175959354904208,4.43966495221766e-07,0.119929089395846
0.0477131614484852,0.00870617831769243,0.288180849022359,0.653955292989693,0.00132984579639552,0.000114672425374649
1.05069609484869e-05,0.113963828880003,0.0161162800932474,0.713107641795525,0.000122451246558512,0.156679291023718
0.00290240178136461,0.00121597642780482,0.343207543426566,0.65160801405303,0.000286388933519855,0.000779675377714639
1.71305532622928e-05,2.03361910026401e-06,0.000494665177751974,0.998163619078632,0.00132220866355579,3.42907697179734e-07
0.00296117858968229,0.580397044175968,0.0530911191738374,0.000451348339394877,4.80270816071026e-06,0.363094507012956
4.00364941149323e-06,4.27197847449587e-05,0.000452954132823332,0.99862342431092,0.000847079770850814,2.98183512498177e-05
0.0496923298190287,0.126947003945226,0.780303229830172,0.0344040307126634,1.43585850062061e-05,0.0086390471079036
0.00143431045406986,0.0280010526300359,0.897012571780939,0.028271339172902,4.06173780991437e-06,0.0452766642242436
0.000124610975166443,1.06722206405736e-15,0,4.17442490209435e-09,0.999875384850408,0
0.0146408705747054,0.00122539058223978,0.00185663646126545,0.960680715329822,0.0215949432450836,1.44380688372913e-06
2.28355111196436e-06,0.0221874348915662,0.00949205214946845,0.000779419507658212,1.0812632047106e-07,0.967538701773875
0.00152362939841169,0.971818706388179,0.00811582230395576,0.00964079317040183,4.09394401762319e-05,0.0088601092988756
0.000238499120234955,0.0906210353958115,0.465723458536157,0.00135381856291446,5.86017797743616e-08,0.442063129783103
1.36712319088696e-06,0.046690086817403,0.0104594107768127,3.32197756334598e-05,9.2081277536807e-10,0.942815914586147
0.0691797000559969,7.16630948548817e-05,6.69364691279514e-06,0.00597010226898885,0.924771840933247,0
0.00400087976487579,0.00298900986776322,0.979717489290185,0.00609521925758379,7.91350656137982e-07,0.0071966104689366
0.00332588467263244,0.544991630127076,0.385829911202104,0.00896113513341079,3.32004264046069e-06,0.0568881188221363
3.3857717347574e-07,0.00580867297913169,0.00338979056509462,6.09711426653491e-06,4.62211971053381e-10,0.990795100302122
0.00116048170770799,0.000358005220663506,0.117315682813716,0.880301411541108,0.000457566676472314,0.000406852040332788
0.000248476589363162,0.000403016328253498,0.549033342609396,0.000398463232403433,1.57230225130561e-07,0.449916544010359
0.000824299439257856,0.000112563369309639,0.849211739482982,0.0482792542268509,9.81083630379268e-05,0.101474035118562
2.32263388533604e-05,0.004996434526561,0.107674003321112,0.000183521246147766,1.90747968296991e-08,0.887122795492529
0.00131884404576258,0.20512728976778,0.132024208118041,0.00593349181993036,1.60939279694574e-05,0.655580072320517
1.36712319088696e-06,0.046690086817403,0.0104594107768127,3.32197756334598e-05,9.2081277536807e-10,0.942815914586147
0.00050312274538821,0.000604896153519937,0.779043018622321,0.000688242990241102,3.05515523663702e-07,0.219160413973006
4.84695873856926e-05,0.629936027979151,0.0160892437990943,0.000113158528273258,1.72558290746003e-08,0.353813082850267
3.3312138298658e-08,0.000186768555026977,0.00107052301003601,7.30040006435876e-07,1.46579298708254e-10,0.998741944936213
0.000343695377916786,0.331374504530135,0.413557390198017,0.0211019411491982,2.45696866604493e-06,0.233620011776067
0.0013597258013291,1.80189475385096e-07,2.25256749916527e-07,0.00249164632795702,0.996148222424489,0
0.00881049018906297,0.239089156625006,0.660908549039571,0.00697313915197398,2.13165591951136e-05,0.0841973484351905
3.3857717347574e-07,0.00580867297913169,0.00338979056509462,6.09711426653491e-06,4.62211971053381e-10,0.990795100302122
0.000580943375481949,0.000219657635294275,0.000320764500873151,0.891912409467085,0.106949573198244,1.6651823022447e-05
0.000479259095183865,2.25281153698948e-05,0.0632881897859712,0.93460160221217,0.00134888740623925,0.000259533385065713
0.000251627405257382,1.7236974956748e-05,0.0561748608874634,0.941395030224322,0.00180482870396703,0.000356415804033964
0.000167986745082407,0.0430825140653492,0.275326853337764,0.015307039978556,9.70025170620322e-07,0.666114635848077
5.75363017583515e-06,0.0239745485717809,0.0477371291125176,0.000501743769703657,6.49209899330903e-08,0.927780759994832
1.41254898479058e-06,0.0050266091666337,0.0039197322226594,3.62565479312311e-06,4.47415216863265e-09,0.991048615932777
0.00192614650525453,0.000359294494621243,0.896959684911967,0.0793468054628612,4.43831170675295e-05,0.0213636855082284
0.00767974678555367,0.00020411662668701,4.94621203468928e-05,0.808175059071595,0.183891606274704,9.121114202284e-09
0.00571797174549539,0.00316652966006306,0.981209200224681,0.00743089126525933,1.08533608700898e-06,0.00247432176841374
2.73197274932757e-05,0.0070347896485617,0.0996228753000703,0.000134729467180825,1.41778848455933e-08,0.893180271678809
0.00088802222458669,0.0262979968291243,0.682459538225689,0.112498677550104,1.67817342848693e-05,0.177838983436211
5.2628023707832e-05,0.0679996198423487,0.110242523252984,0.0150037512018764,1.6324610704428e-06,0.806699845218013
1.40819996799614e-07,0.00157167721537024,0.00345813707047664,4.16419314423889e-06,3.05713509196391e-10,0.994965880395299
0.00699986152115158,0.0013178153125266,0.486075255465068,0.504823204447619,0.00016911408055093,0.000614749173083984
0.00767974678555367,0.00020411662668701,4.94621203468928e-05,0.808175059071595,0.183891606274704,9.121114202284e-09
3.15016793670975e-06,0.00265859164003471,0.0360112025957556,7.98153463538133e-05,1.39653993001629e-08,0.96124722628452
1.40819996799614e-07,0.00157167721537024,0.00345813707047664,4.16419314423889e-06,3.05713509196391e-10,0.994965880395299
1.36712319088696e-06,0.046690086817403,0.0104594107768127,3.32197756334598e-05,9.2081277536807e-10,0.942815914586147
1.36712319088696e-06,0.046690086817403,0.0104594107768127,3.32197756334598e-05,9.2081277536807e-10,0.942815914586147
8.9982201449911e-07,0.00356520272542536,0.00250092802598107,9.84523664010421e-05,2.62521551792953e-07,0.993834254538626
5.72897419880177e-06,0.0405831961463958,0.0121482613298382,1.98418510840147e-05,8.95291107895663e-09,0.947242962745572
0.0726683045461428,0.736493761077571,0.17062352039621,0.00544997214680916,1.57140342316429e-05,0.0147487277990358
0.00170371873530746,0.00272280133142029,0.00525307472887821,0.988155116521043,0.00214401804078128,2.12706425701675e-05
0.00597170913298966,0.993139927199821,0.000340678002065946,0.000516022818128736,3.16628469946958e-05,0
1.36712319088696e-06,0.046690086817403,0.0104594107768127,3.32197756334598e-05,9.2081277536807e-10,0.942815914586147
0.0724784544947395,0.0847765861279489,0.608433904474476,0.00240486611245942,0.000182438887927386,0.231723749902449
0.000711751415379015,0.235974757057157,0.495612638263663,0.0159758834120513,9.8221148121515e-07,0.251723987640268
0.00158349732298637,0.661584214083302,0.197482455252878,0.00120416006435193,2.90433686071368e-07,0.138145382842795
0.000593732056398612,3.8378843696879e-06,0,0.151465397853554,0.84793657397147,4.58234207594241e-07
0.0372148556468661,0.117538299029752,0.814999374453783,0.0267923764463246,1.40534087340677e-05,0.00344104101453948
0.000715456224454522,7.62825627474078e-05,0.0206267743901097,0.977972859799541,0.000599529503436372,9.09751971133462e-06
0.00276717727571889,5.4033894319156e-07,2.06044502709228e-06,0.00233545702336963,0.994894760649939,4.26700183779963e-09
1.38170843767363e-06,0.0175713596569215,0.00969406320697622,2.12250214415584e-05,1.81012553776924e-09,0.972711968596098
2.88390911400509e-06,0.000242682420772361,0.0337553474624949,1.73079363322744e-05,4.82395519671668e-09,0.965981773447331
2.95372654597241e-05,1.05721326142462e-11,0.00427292438704381,0.169283131111273,0.825899116375919,0.000515290849732456
8.62528305395648e-05,0.165112135547952,0.215264897090651,0.00153184079225805,1.13845315264925e-07,0.618004759893284
0.00430689551188885,4.18341446324121e-06,1.30508623564437e-05,0.0494632768247167,0.946212588006775,5.37979953024931e-09
0.102104150714239,0.00202863887181325,0.880802607100106,0.0137111691938028,0.000386792880952775,0.000966641239086168
0.0742889850118036,0.0215877574891717,0.863016624396945,0.0007593369026862,3.03529669870618e-05,0.0403169432324065
0.000775713837573367,0.0494499846051595,0.301032697557779,0.000603554603424935,3.38381201464453e-07,0.648137711014862
0.00042095767449291,4.4326329218093e-05,0.0383142047769392,0.959074884209894,0.00189867090685405,0.000246956102602245
1.36712319088696e-06,0.046690086817403,0.0104594107768127,3.32197756334598e-05,9.2081277536807e-10,0.942815914586147
3.42732389904991e-06,0.000483625580177952,0.000832966030567423,0.99773382695655,0.000355102777001851,0.000591051331803326
0.00437370022760777,0.00121672600240626,0.98216452179233,0.00421236047764909,1.68263950165684e-06,0.00803100886050485
0.00126199932840594,0.000515809742829009,0.790753404286166,0.0958027396112381,9.75408501421094e-05,0.111568506181219
0.965518845563958,0.000671955905178657,0.0025311880010543,0.000403824824666744,0.0308548150330979,1.93706720440611e-05
