0.00581978305691385,0.480347575786641,0.0194312041920365,4.94400650062395e-06,0.000972987457547093,1.28877447504236e-06,0.0337545415195499,0.459667675206336
0.033136775992879,0.582907897849904,0.0062600091648133,0.000688167312849949,0.000218996326068234,3.34927431577596e-06,0.0816018968234458,0.295182907255724
0.639560980525111,1.75993066443983e-15,4.59459070146722e-07,2.56637257096971e-06,0.281265331841554,0,0.0791504870436803,2.0174758011728e-05
0.00445719255976998,0.0380140967428225,0.00221733961497273,7.05242800823174e-06,0.00403809978931688,2.6840772413992e-244,0.00129069747513187,0.949975521389978
5.22414766446969e-07,0.00212041316674478,0.981929124272125,4.785032458755e-06,1.91604197302784e-09,0.00577223217118641,0.00854470286432336,0.00162821816235378
0.0255239258708549,0.865883620274815,0.00138074216998972,0.000688518356890068,0.00178623801959491,2.39929236562408e-08,0.103770561922204,0.000966369392726992
0.000418095556224746,3.5413241361651e-15,0.00696299476767852,8.77239037738636e-05,1.6860718388858e-05,6.49874124922141e-07,0.991453631027242,0.00106004415256375
0.0146751643059506,0.00656383065449205,4.44493748148662e-12,1.7967797872612e-10,0.978742117631324,0,1.87289602162169e-05,1.58263894548145e-07
5.74892890773669e-07,0.00444359909965292,0.987805607938632,2.59834529994689e-06,3.57965693966103e-10,0.00143578082854822,0.00406529570612286,0.0022465428308877
1.1386043036678e-05,0.662510585867893,0.119032841467831,3.66524682094312e-07,2.27141401334798e-05,2.66386992852968e-07,0.000323974315114812,0.218097865254317
0.0162845655411445,0.036600586184683,1.510546654547e-05,8.86550112623571e-07,0.0253101111360788,8.98418396128124e-248,3.14127363849455e-05,0.921757332385051
0.000201455446578723,0.00154811515732474,0.0229173964790835,0.00333246734752622,7.37533954366526e-08,0.065121362672745,0.906290370853668,0.000588758289678151
0.00110743446129453,0.0383965447031272,0.0139025449298999,0.000124123754677061,0.000111411149989036,4.82437906630114e-05,0.208356431990694,0.737953265219655
0.0128656401769863,6.16556360969214e-20,5.19369070720374e-05,0.0715657537332015,4.36117331655074e-07,0.0190989364576067,0.895814002288708,0.000603294319094397
0.854492511716722,0.010241414547678,5.10677976152035e-09,5.45145293070272e-07,0.115697399868377,2.90892383878267e-248,0.017240855993253,0.00232726762189781
6.71493743091257e-06,0.0141146895302857,0.0708384112874221,2.11623044008124e-06,2.78845042767364e-07,0.00099174701201675,7.38635520913912e-05,0.91397217860527
1.88300029165909e-05,2.4879497847531e-25,3.88176854332997e-08,0.991523671111428,3.04663631265604e-157,0.00825582782269591,0.000201330068530876,3.02176743547802e-07
0.000225452722829215,2.21144289037486e-08,1.00368249205506e-05,0.96722286455846,1.7747571916579e-154,0.0110655067604387,0.0214621192245325,1.39977943899448e-05
0.0185706752700565,6.88368429413018e-17,0.00115322933147243,0.00961057829903763,1.17388488221299e-05,0.00193523525272299,0.131876681458956,0.836841861538932
0.00455555936081091,0.00118928437349948,0.000567836670216384,0.649288588267505,1.57731258190624e-08,0.00843811555688587,0.335057607309306,0.0009029926886504
4.54395242601147e-06,3.86809616212645e-05,0.295916404058752,2.21771024140465e-05,4.62652448285622e-10,0.689154470847326,0.00138320155685671,0.013480521057952
0.00475650173662975,0.0332909715911412,0.0010293858044061,1.50326647548402e-05,0.0141483055735579,0,0.946030141730043,0.000729660899467189
0.010698921021911,0.193731711453799,0.000139227570024135,2.28601421528203e-07,0.0376584037164549,4.97470530031678e-246,4.4103192520685e-05,0.757727404443869
0.000763208520315961,0.00299871086140609,0.00413295243399225,0.00318442232653785,1.39780667262305e-06,4.37341007772136e-05,0.988625206128684,0.000250367821613728
0.926129329886195,8.81586864451982e-17,6.07690664150186e-07,0.00115126876809822,0.0255800559227389,1.0932371322943e-247,0.033957367528373,0.0131813702039301
0.91705401614851,2.54843113246909e-05,4.28437130547355e-07,0.00202744537103297,2.00156763888246e-147,5.34504087416198e-245,0.00188448466902085,0.0790081410629813
0.194867544911638,3.98304638707671e-17,1.34328408024085e-05,0.0105176078287603,0.00019358919408595,3.91460053973418e-243,0.791483505345125,0.00292431987958842
0.0039017509064485,8.41633328881583e-17,0.0023400829734103,0.010340149745431,6.02111694792165e-07,1.07273301682838e-05,0.982282400612515,0.00112428632033248
0.000383952469349769,0.990549687616473,3.9479493457259e-05,2.37553236149431e-07,0.00253603163669708,5.44811323384231e-11,0.00371610250468519,0.00277450867162056
8.66908612065093e-07,5.38742839239624e-13,2.01331223128847e-07,0.126773180123863,5.03955907893571e-159,0.873213296903069,1.2358381662358e-05,9.63510313732317e-08
0.000537291233377331,0.0171152321883373,0.00137817660879319,0.00106151181159472,6.05160567079055e-06,3.14154192125647e-05,0.979777865643877,9.24554891368694e-05
4.49922634090874e-07,2.41458584009119e-06,0.128309608081952,5.44982228409321e-05,9.45839616141169e-156,0.868843418838579,5.96149813765617e-05,0.00272999536677703
0.00516370796206428,0.0154993475392879,1.00187495090979e-09,2.15267171776778e-10,0.979208227570195,0,2.46834545727153e-06,0.000126247365853655
2.81495123419021e-07,0.00314190557712858,0.92514721218054,1.01210175555641e-06,1.00933413849653e-08,6.81425679916133e-05,0.000571838568537113,0.0710695974155825
0.00202959076735003,0.0035269783648646,0.00290088266605432,0.00519635101330229,1.1059403055146e-05,7.68719483559897e-06,0.966400751649693,0.0199266989408456
0.000436455418991658,0.990676688308879,0.00181718482173708,1.54104581716329e-07,0.00423417003140401,0,0.00128399378281557,0.00155135353159063
3.95635775559898e-06,6.07254998981308e-28,4.32124440969693e-10,0.999944988332627,7.61403109738659e-159,4.7223640252272e-05,3.81032845949806e-06,2.09087811604532e-08
0.0401146304646693,0.3144001414203,0.000457812965119558,6.92713875708066e-05,0.000317765811285513,6.27996969460694e-07,0.5921385524752,0.0525011974788857
0.0020542857674618,0.00322341084552521,0.00130828060451905,4.54319974191081e-08,0.000330308728805264,2.22844166631274e-244,4.34730075676765e-06,0.993079321320934
0.000222749890160062,2.37881412570987e-09,4.78077237994447e-08,0.990840398718841,1.16069558632848e-11,0.00866103763820458,0.000270742951068062,5.02060358107319e-06
0.0189845242005281,0.000984686601724552,4.67729707628213e-12,5.98031966344865e-11,0.980029227829523,0,7.547206925779e-07,8.06583051040282e-07
0.859887164423829,0.000120193337421067,4.29882923946421e-11,8.12824812006274e-08,0.139093501873319,1.08765072215741e-251,4.44689579562899e-05,0.000854590082004751
0.0249456325425319,0.13670089460285,2.06912897244047e-06,8.76044061649091e-07,0.830619112908911,2.8076217397971e-250,0.00537230280783099,0.00235911196484267
0.00620294880342128,1.11782887827932e-18,0.0470534858414294,0.083304329406277,1.42353782520957e-150,0.02937469264153,0.0150530134819987,0.819011529825344
0.0744586250087758,1.83889841460093e-16,0.00120162337691953,0.00376864331548976,0.0185405188545001,4.04992670810658e-06,0.748007043765324,0.154019495752283
1.2306655345238e-06,0.00858256344131639,0.958437232297819,2.40277769859173e-07,1.5990025344405e-08,0.000865031810968013,0.00114532992657684,0.0309683555899899
4.56645478733349e-05,0.979695449392617,0.00206125213575089,8.03807811421603e-07,1.46426475918321e-05,1.44482029848551e-10,0.0181227102143923,5.94771094814228e-05
2.0571456421758e-08,0.000778731756634501,0.993243754686873,2.28128367031227e-08,3.38817914206706e-10,0.00382225511365262,7.17703992690574e-05,0.00208344432046006
0.000687736502934825,0.619088886961046,0.0431030865315401,1.64338510152785e-05,0.000118703102329741,1.4050745882046e-05,0.321196600200045,0.0157745021052068
0.298530338641761,0.0255326017645092,0.000102086028502315,0.451658362933137,0.000114327861327418,3.47847782293126e-05,0.0640900857228485,0.159937412269685
0.0825757848836167,0.0422459922052974,0.000635481535057581,0.0097017760683135,0.000851119194032967,9.39860252062374e-06,0.706876197333244,0.157104250177917
0.889926883486861,0.000110178016868751,5.91822073470602e-10,7.07719160503893e-07,0.104863883487083,1.10851870453191e-249,7.55701674719534e-05,0.00502277653073238
0.000452806379185809,4.60412317390926e-08,1.09934240635617e-06,0.996807650037452,8.19283201826695e-11,0.00153647867672358,0.00120111889500425,8.00546067612205e-07
0.0443624480868231,0.00166382546703425,8.97737519686836e-07,1.7076286099893e-07,0.128360972692895,1.44054539612174e-247,1.30868279510774e-05,0.825598598424915
0.741873151246695,1.34747904570267e-17,1.17719653772115e-09,2.72313800037475e-08,0.256223579156127,0,0.000946318178776959,0.000956923009824243
0.00108421865483164,0.00329674400365448,0.0274644094534942,5.04545286765402e-06,4.4871424508778e-06,0.000613245880195324,0.000846649510431406,0.966685199902074
0.00306235066469145,1.90390644224546e-05,0.00199201082550381,0.888170279625588,5.18239845129144e-152,0.00711217515697082,0.0169593920006665,0.0826847526621571
0.000692796630126641,5.19999267847871e-19,0.00573405729476567,0.393286177359769,2.73459562075924e-09,0.317667973207643,0.280530420575696,0.00208857219740436
6.94326731528074e-07,5.41447492774334e-08,0.00331027643905531,0.00137355485256466,1.40683836625533e-156,0.995048931146038,0.000156972542554187,0.000109516548307222
1.925748783158e-09,0.000226295295660829,0.993732580241344,9.05469622766699e-08,2.0152495592122e-11,0.000774281647084319,1.16236113520528e-05,0.0052551267116953
0.0185467482402141,2.60028417953848e-17,0.00138251046493311,0.0481769133350635,5.56904408747706e-05,2.96675710342436e-05,0.766820919652731,0.164987550295149
2.97929872767324e-07,0.00174284175637404,0.983506905641547,1.05153332669577e-06,1.14273712281127e-09,0.00993534182457264,0.000607540842906456,0.00420601932866311
0.0729087365225903,1.40567473172067e-17,2.1392469643242e-11,2.6446016815838e-07,0.92254896346485,2.80786900283057e-253,0.00454071094753058,1.32458346882277e-06
0.000910647335424779,0.0131702660570584,0.0919973816847807,0.0379294640209207,2.53558948737876e-07,0.0408200347509222,0.801761574414495,0.0134103781774491
0.989779091694442,6.84579805637181e-05,1.99032720944743e-09,8.73645341445135e-05,1.67681948546964e-146,1.08932542955785e-248,0.00996813732685466,9.69464736682397e-05
6.65748460498851e-05,0.00893161234361517,0.557596583782184,0.00816007887626149,1.04604154178633e-152,0.045099440922205,0.378277892544522,0.00186781668516253
0.000199979579889189,0.00176157768361249,0.0009620466109175,4.43794055836411e-07,0.000120398718724507,1.46963613682814e-05,0.000567855377260254,0.996373001874172
0.171117206828129,0.00869492620178049,1.3041243395808e-09,4.96485667100245e-09,0.819487616406539,0,7.12463679985384e-06,0.000693119657770674
4.78206918642759e-07,0.314141823433744,0.632997781112651,1.30353687921528e-08,4.55356735087889e-06,3.38321217886058e-06,2.62464860556226e-05,0.052825720945732
0.129949762555735,0.000890883120807379,8.46243367934274e-07,1.6946737830132e-07,0.0144161486306376,9.83021423737052e-245,9.30996083700481e-05,0.854649090373704
0.247170863841117,9.66139947086539e-17,9.98093498655347e-06,3.19002555451528e-05,0.0131330934224493,1.10602299324512e-244,0.00340134185413248,0.73625281969177
0.000126518207100496,0.698213644996188,0.271602718208714,2.7701734222741e-05,2.19985367315049e-06,6.33709489852879e-05,0.0260307672059764,0.00393307884513975
0.00218581160487087,0.000326083195911636,0.0135092785311772,0.840719791687773,2.44813790476375e-09,0.032974329306476,0.104676475556986,0.00560822766866743
0.268950927905549,0.0289830786025734,1.03900725362083e-06,1.0702303726728e-06,0.577626196293572,5.79403802788854e-248,0.00146633912758174,0.122971348833098
0.00165301869657446,1.00070491508172e-05,0.00125384020623883,0.0666192682430512,9.36058054398867e-09,0.81002054869558,0.120014085426567,0.00042922232225797
0.382533343773658,7.25451985017046e-19,9.71363309791064e-13,1.75487096818553e-07,0.614757165378947,2.49087240080904e-252,0.00270704039986107,2.27495946500066e-06
0.00166782403390118,0.000406161585060542,0.000533969107602969,0.0241496030312731,4.48795887107883e-07,0.000144607175728962,0.973072139549681,2.52467208649567e-05
0.567677450247074,2.78837174317787e-16,7.62919802386477e-08,3.41507316940432e-05,0.349640449716894,2.04664335246396e-10,0.0772068603537697,0.00544101245392278
0.142367816368739,2.40498529298542e-14,1.15355184939286e-05,6.49837306594414e-06,0.281411785347873,6.80261790259208e-10,0.543036421429822,0.0331659422817212
0.000376574386336133,0.000946156337419425,3.48119580823714e-11,9.18435016834901e-13,0.998620435705304,6.02563779978031e-255,2.55136447236402e-07,5.65783987626485e-05
1.5921860317584e-05,0.00167869621525973,0.112836951539567,0.000831626077757482,1.33771985876797e-08,0.00110876906791102,0.8834418581505,8.61637114881481e-05
0.670952172927011,0.000179623161241537,2.09507109711281e-13,3.71638603956448e-09,0.328848330466867,3.45215883677587e-255,2.47207351746229e-06,1.73976547669083e-05
0.0098007974067062,4.84197484723365e-18,0.00314299161169097,0.683545753246487,1.88122893307127e-151,0.074769449158741,0.222485954192011,0.00625505438436408
0.610220132625364,2.86132263055685e-17,2.08696334754085e-07,3.40157743920653e-07,0.234902976594691,0,0.000409872839272437,0.154466469086594
0.960512687872695,2.87389873897699e-17,2.23950929419822e-07,0.000322053208772469,0.0164108275999988,1.52223268508067e-247,0.00522673160546612,0.0175274757621381
0.828763069813284,0.0922232886214411,1.99661346845289e-05,0.000957888001094707,0.00262359897646819,2.88522903826207e-245,0.00917468706760185,0.0662375013854263
6.24623300077089e-07,0.004288290273352,0.986851301345129,6.83785834413731e-07,3.69596303549094e-09,0,0.000831491544075385,0.00802760473234585
1.07313934166057e-07,0.00337420570476797,0.991654291093585,7.2131114201235e-07,8.20728763631719e-10,0.00266151121503575,0.00044686457997229,0.00186229796083426
1.9586957101539e-05,0.00790403119678704,0.931120165363971,0.000122724285949452,6.15593108320828e-09,0.00599227625696611,0.025854366232282,0.0289868435510122
0.00146745168206753,8.24549553798104e-20,8.00315675632415e-06,0.124154791309624,2.82059740917936e-09,0.0221399758779365,0.852220065590504,9.70956251421453e-06
4.04284587458235e-07,1.33347486499755e-21,0.000446859572722319,9.84918520276431e-05,6.54764526248753e-12,0.998355679123275,0.00105725913677438,4.13060240657033e-05
0.0139698553018287,6.9350864268161e-15,9.30487544037322e-05,1.19262823407477e-05,0.143953568504389,1.09585559973111e-08,0.837778352060903,0.00419323813757213
0.0018751795218755,0.689481000245622,0.0338217649779733,3.73297644064671e-05,0.000141204512778204,1.88005202251376e-06,0.27291679381295,0.00172484711237182
0.000879111574451347,0.0115430206339648,3.02330064973796e-10,4.93445149079381e-13,0.987571980159164,0,4.55171844236078e-07,5.43215775262317e-06
0.035033841001252,0.0105847481606162,0.00384429034212547,0.00336089156974806,0.00016727429175954,7.14371346151302e-244,0.94565239206389,0.00135656257060887
2.13277103816486e-05,0.695052867834459,0.282041233986915,4.07263850059844e-06,8.83425807245064e-06,1.89421441386111e-07,0.00366762088567476,0.0192038532645545
0.074120503754686,0.513005199231937,0.000429192068376003,2.56653905629081e-07,0.0763617779592018,1.71854203376658e-244,0.00283313205501579,0.333249938276878
0.932807557809807,8.6704587482696e-18,3.74299314567795e-08,4.98099596537725e-05,0.00164806874545231,1.11224627591644e-247,0.0654073273543856,8.7198700769745e-05
0.0927475060162166,1.38438505324482e-16,4.30222162472335e-07,0.000578281968697319,0.00833519734578705,4.0570466312261e-09,0.898005887416321,0.000332692973768937
0.113784895705746,0.00196848699237153,0.000221848572909033,0.0287919639164095,2.75357665056864e-05,0.000270505170489819,0.293817874874425,0.561116889001144
5.98734957892644e-06,8.76831039991995e-07,0.0076382854731199,0.0889695306237818,3.53100557056726e-12,0.900997075841716,0.000302943585150781,0.00208530029208145
2.24251366809344e-08,1.04005546428388e-21,0.00354144550828047,2.80107786162177e-06,3.17521666082102e-12,0.996190608008491,0.000215284716292263,4.98382607626951e-05
0.0156808920953263,1.14515981917503e-05,1.65725593096354e-05,0.867446425205583,1.40579188251604e-09,0.00989669403198458,0.00549294646201478,0.101455016641799
6.53685762910166e-06,2.12481744546191e-08,5.12641516849849e-05,0.0324406348803091,1.64810277697155e-13,0.96740785164113,5.63219977483307e-05,3.73692231590789e-05
0.965020440654455,1.69781491720028e-05,2.0037337933293e-08,0.000511167654322211,0.00189404859717975,9.74246658726866e-245,0.000358984267569856,0.0321983606399629
0.000951318010580053,2.78161059006804e-16,0.0293450506961821,0.000213668238565137,2.48419873496367e-05,0.000379139660697044,0.951283805644885,0.0178021757617411
0.000469113657847405,2.02383110720448e-18,0.00157713793946464,0.55637248752398,3.97039659543393e-08,0.123022907932287,0.318302723615971,0.000255589626483554
0.929636666666591,2.81389261492915e-05,2.42306621830761e-08,4.09719369329286e-05,2.44869075567928e-147,0,0.000127205965425938,0.0701669922742392
0.00497797766253631,0.0665444601350822,1.83774244976415e-05,1.11916578740618e-08,0.282752736086907,6.09508685809054e-248,0.000158300328890416,0.645548137170429
0.00145720695397115,5.94188054241377e-16,0.000106298310958382,8.07553618574456e-05,8.32295956322833e-05,1.34014698867105e-07,0.998206285281197,6.60904816842774e-05
0.0153872757731387,0.661049035090737,0.000244281261065993,1.43140822145255e-05,0.0025349153816897,3.36638591163519e-08,0.261079152754412,0.0596909919928833
3.93732516248684e-05,0.0433916212328074,0.711555844861084,1.97363042782742e-06,7.63950471721416e-06,9.9760215508845e-242,0.0011795308005752,0.243824016718764
0.650075641585166,0.249960712515589,5.80264972417001e-05,0.000224018180880123,0.0171601215470294,1.78701518080862e-244,0.0546667004765892,0.0278547791975045
0.000278888227891406,0.329541584994457,0.581602909882413,1.55184518610225e-05,6.29584206116156e-05,0,0.0856077549082719,0.00289038511449453
1.08459263317292e-06,0.00472087855701164,0.844832831487824,3.64418462294552e-07,1.17120852841789e-08,0.000941407170319613,0.000460063232886813,0.149043358828777
1.73854452194141e-05,2.10659765935276e-21,0.0129667713512835,0.0497603151115742,3.74292816227532e-155,0.886930932589884,0.050129444491014,0.000195151011024812
0.990380397933241,2.94869618509373e-19,1.92886965022761e-09,0.00454614792946349,1.80682436403202e-05,1.36325041367133e-246,0.0048061755452789,0.000249208419507156
0.806631210720068,0.000699200033197396,6.21579843375611e-08,2.77974308690617e-06,0.126209583741104,4.61862994136511e-248,0.00052112472743497,0.0659360388771246
0.000191069832220323,0.000326712290842953,0.40604293269872,0.0465565414235808,2.18135151474202e-152,0.0372671686618037,0.507362506234768,0.00225306885806358
0.00932894073093402,0.012475178986187,0.000520109227821015,0.00013006485637884,6.83770786817468e-05,5.30769809787848e-243,0.00141905858397581,0.976058270536022
2.28962482701473e-08,0.000282971884873558,0.996837022165318,8.39364160119419e-07,2.5752204906421e-10,0.00208494611572656,0.000109567149834,0.000684630166317106
0.00488608214595871,0.000611248102143455,0.000554701293921577,0.170185433892345,8.38742746478686e-06,0.000973331771004139,0.814959627413719,0.00782118795344346
0.000236546592548745,0.045568019274447,0.748815625772047,6.67407016796276e-06,5.29318485157896e-07,0.00139203311614825,0.00688438737483443,0.197096184481321
0.000239797652540769,0.0220263613417239,0.0318994146055347,0.000258234632609122,6.87885215290219e-07,5.74359336189975e-05,0.945231962507677,0.000286105441079886
0.000361532878584748,0.000102088168546019,0.0166667331077243,0.0506745027825472,9.26923869182521e-10,0.855158377970968,0.0757284204658228,0.00130834369888286
0.78937081431309,0.00503977920177571,5.43200570489433e-08,0.000244627934967626,0.185910821905661,3.374919506582e-247,0.0113335838058996,0.00810031851854887
0.00646068696639185,0.493461424158019,0.000158617187994988,6.1114711529341e-05,5.72210717130853e-05,5.84221200193792e-08,0.49863425281315,0.00116662466908173
0.00811145047884038,0.000834605495199235,4.77322574077812e-09,4.59325172974107e-09,0.982991015803858,5.32773202422079e-252,1.55976241016715e-06,0.00806135909321439
0.853691222329405,0.000188463397011923,1.60823029033843e-05,0.0242875015088918,0.0040776752961328,5.68097390217614e-07,0.0254289903007902,0.0923094967674742
0.993724357256604,0.000871815477188311,3.88606606806528e-07,0.000243566751498073,0.000211576909600513,0,0.00177119237364386,0.00317710262485879
0.00140699609460063,8.31488294963216e-16,0.222810953891159,0.0499505988913583,8.60795977205811e-08,0.0264156633928552,0.614880952287646,0.0845347493627832
0.0119984280631295,0.000237942858848004,5.09165921798017e-05,0.0777048879585148,2.45382883996511e-06,0.000121132942760751,0.908017968134326,0.0018662696214014
2.86410481493276e-06,1.19966754756932e-24,1.19913929085798e-06,0.0448939402223115,7.31471536317304e-15,0.954979161013823,0.000122303205989266,5.32313762796338e-07
0.00823109759878913,1.74854808344681e-17,0.00621376941746876,0.000943077382114323,4.18789321376571e-05,0.000174384440687354,0.98404899022747,0.000346802001333116
0.0347201721598183,0.289235615730127,0.00106767568469102,3.43392935053935e-05,0.00180399013905676,1.74540184223860e-243,0.0289871469485972,0.644151060044204
2.70660666098934e-06,1.20997442230592e-20,0.00417559370291847,0.0116022915723474,8.06590721044169e-12,0.97706828689372,0.00712405053852453,2.70706777622742e-05
0.000279302292108547,0.0270877994198276,0.000108332830253688,3.73880271174573e-08,0.00019640547477566,1.16467045228316e-08,8.08560353361884e-06,0.972320025344769
0.0246210724683859,0.000316389942207572,0.000609253396275452,0.0348302632878646,1.58229855513249e-149,0.000597598598310951,0.0263138164124392,0.912711605894516
0.00431931029743677,0.0123088385504369,0.00727946515785747,0.000196369744304146,1.98971950250431e-05,0.000205466146364392,0.0470587721033718,0.928611880805204
0.128157176743462,2.45364525729934e-17,1.58317411613282e-06,1.47445215416331e-06,0.0268181948885193,4.1959726909291e-246,8.18318937415076e-05,0.844939738848007
0.210797544558802,0.270327336650545,0.00105152343270589,0.00555114886227345,0.00098433401625605,5.32210925518234e-07,0.0226332556727445,0.488654324595747
0.002167091582981,0.15750178260409,0.00164608086249458,3.4426476735857e-05,0.00100699057567007,4.45854061216458e-07,0.832978080918111,0.00466510112585678
0.0437335934107608,0.0114556903051595,0.00275945053310115,0.00318524928783411,1.18664929708381e-05,2.69888202205446e-05,0.00165131371542031,0.937175847434533
8.2725336552278e-05,0.186434903335552,0.0883495633378029,2.12136544718444e-06,1.25996689451355e-05,0.00084714288344193,0.00123306704912209,0.723037877023136
3.65185189442932e-07,0.000626262862137686,0.934498087859909,1.33047265772957e-05,1.98001419041864e-10,0.0612789187941778,0.00131040598708624,0.00227265438692102
0.714928268588251,3.49054956364111e-17,9.43335430709657e-10,0.000215707538597569,0.021492026454591,1.95288626925494e-11,0.263333394973664,3.06014820327997e-05
1.56984342279539e-06,5.2045604204907e-09,0.00091467859136071,0.00308793291452812,1.1918061395869e-12,0.995725385372216,0.000174427410585162,9.60006621349739e-05
0.00626748196311498,0.00208083300384797,0.000147863812850679,8.61261396174971e-05,3.74348801109374e-05,1.10349982240251e-243,0.00038051077744116,0.990999749423017
0.000472755345641286,0.000240154082252886,0.00106456271359057,2.98291733769074e-07,2.06485399520798e-06,1.75983289141137e-241,0.000206026581864795,0.998014138130921
1.83463663845658e-08,0.000349579839037645,0.99262097785529,5.8428684951534e-07,1.16716162878717e-10,0.00273698217194355,4.57701858276621e-05,0.00424608719796932
4.87684569133794e-06,0.296566943352198,0.694246179880696,2.67695971853222e-07,1.69109193965143e-06,1.33216128859129e-05,0.00694182591461205,0.00222489360600568
2.90120619399481e-05,8.54196493784014e-20,0.0599740840602459,0.535015328887357,2.0292591530227e-11,0.394148211720693,0.00433137707429391,0.00650198617517772
0.721050161906169,0.0473451046970904,8.53454664004219e-05,0.000576641870525529,0.00326863020517868,8.05190570418873e-244,0.159072154122255,0.0686019617323813
8.90341807423809e-06,1.33299907545267e-11,9.81568035803844e-08,0.99931267599191,2.33079880195433e-157,0.000520079052143195,0.000157898136571269,3.45231167283504e-07
0.00255454609781726,1.09802019694872e-21,4.12763683669899e-06,0.91919208619909,2.60819672003084e-09,0.0592818851141056,0.018078895544263,0.000888456799690788
5.17185678134468e-07,0.000459946328140496,0.953382745052394,1.81089096256123e-05,9.7290118891558e-10,0.00342293735229459,9.87552179095986e-05,0.0426169889810561
0.176560725798106,3.5841638372697e-17,0.00864944874204444,0.0177385302215193,6.83847141965475e-05,0,0.725302604540635,0.0716803059834986
6.61841353192597e-07,0.011968155258517,0.98311123626995,3.52507169721308e-06,1.13214075104265e-08,0.000838225570020531,0.00108435706829187,0.00299382759876233
0.000805797550302006,0.0046239108668275,0.174166695320087,0.00205266461501601,5.9453833483975e-07,0.0119583635272444,0.767870717706101,0.0385212558760873
4.50343722710258e-05,1.69634505186764e-06,0.00346196810282346,0.00832066924588532,6.54669377908234e-11,0.982146474216292,0.00583810274185898,0.000186054910350888
0.105693131993566,1.35832182400618e-15,1.36532954681057e-05,0.000299618613481746,0.0379664463259722,4.66023804306527e-246,0.85503822097152,0.000988928799990233
0.691242379096213,0.00519141775436873,1.46627306610584e-07,1.59441521897969e-08,0.278984518515131,0,0.0021340226663788,0.0224474993964501
0.176795484932801,1.59245602233349e-07,5.98751510416442e-08,0.799966797305409,7.26591075119623e-152,0.000428316122410217,0.0213938576235329,0.0014153248950934
1.09558760912296e-05,1.55437713846605e-20,0.0263772577736041,0.0655487159971791,7.82336290117792e-11,0.888352601429888,0.0163292277586211,0.00338124108638257
0.00757514461160671,0.0307840907148875,0.0361797833924397,0.0324304651882171,0.000378154578522199,5.59261313692348e-06,0.83478232227215,0.0578644466290395
0.379710041633819,0.464494894179811,3.05081831175034e-05,0.0294269505079545,0.000222331321300008,6.43318605683276e-06,0.0425689897803216,0.0835398512076193
8.19747399469361e-07,4.1176928607402e-07,0.0125234539713875,0.00342358157302071,6.24250456061568e-156,0.982961073488596,0.000144166557890177,0.00094649289242042
4.45475479620283e-07,0.000644030660842542,0.981008520707421,8.18920401872887e-05,7.71305075782449e-10,0.0127181382634133,0.00431274948366355,0.00123422259768744
0.000311639352214468,0.30542871178962,0.553887828847487,1.44916078404479e-05,0.000144820583449612,1.13357786585456e-05,0.105960185908849,0.0342409861318804
1.98677291130719e-07,8.10562766618554e-08,0.00694859180408669,0.00046738781360054,1.69683433152622e-12,0.992179012892306,0.000314160733432264,9.05670213103458e-05
0.035498194715775,3.05474590065666e-17,9.76119770381574e-05,0.0194775905238518,0.000399851908765482,3.47269993039051e-05,0.938997011448468,0.00549501242679802
0.783743254050379,0.158777938434177,5.90291837776256e-06,2.58922047213116e-05,0.0396666883319514,1.63825658549041e-247,0.00816923227980792,0.00961109178058531
0.000509664152420022,2.96481942273126e-05,6.75847335498364e-15,5.38183369486256e-14,0.999460616243153,0,6.63106642224822e-08,5.0994750293909e-09
0.000378534848086477,0.164346400864155,0.282502695121137,6.35451804625089e-06,0.000124832065594842,0.000211198953963491,0.0571310574022381,0.495298926226779
0.935041088196657,8.5632506667225e-19,2.18227806085965e-06,0.00225467490196657,8.19537097950324e-148,1.76170693779473e-243,0.06048167075276,0.00222038387055529
0.0157534873486016,0.880442189385319,9.35300510072262e-05,1.4610109755017e-05,0.0171481143017713,1.01846969276771e-08,0.0062985700680917,0.0802494885507572
0.00119397638717836,2.53527927156838e-22,1.74681988942979e-06,0.93447149636048,7.35434429730828e-154,0.0341172119859821,0.0301304469902364,8.5121456233738e-05
0.0308290214700106,1.28686764563608e-15,0.0018295893255032,0.000685861715045396,7.92326028414557e-05,7.84146019198844e-05,0.898854829629888,0.06764305065479
0.0500223981180736,0.0017402616561864,0.00540930948997843,0.307169746662493,3.10816398639537e-07,0.0501992919808284,0.331329865586428,0.254128815689613
1.74304824575866e-07,1.53715300992225e-10,8.26498108518033e-05,0.000589581774337492,1.1684621999755e-157,0.999119462010319,0.00020717312468759,9.58821263813184e-07
0.000459733785929899,6.17703342651107e-05,0.168653891799057,0.490782284016512,4.31445663013847e-152,0.232072426786794,0.0995173596563439,0.00845253362109769
6.19837132638857e-05,0.0406277685028979,0.850536851665115,0.000818985680491537,7.05139248719502e-08,0.0127608350364863,0.0347609597055071,0.0604325451823128
0.00678472540541015,0.00734596326060231,0.0167012592735877,7.30119512303682e-05,0.0002365399213339,0.000428464598177531,0.253634232428163,0.714795803161495
0.620803383205145,0.0110052872893968,1.95885111378881e-06,0.000139363473601951,0.00182005432555296,0,0.000250682619142213,0.365979270236047
4.30678633745429e-06,4.76401964861928e-15,0.886182903483373,1.35711007429886e-05,7.27348757269324e-07,8.95779449318764e-05,0.103488017666602,0.0102208956692505
0.00881292529211358,0.01491322238,0.00343265982731691,1.49429380288539e-05,8.42791269048845e-05,2.59297529995118e-05,0.0792656234902542,0.893450417192382
6.24378754611446e-07,4.40154449256473e-08,0.00277984923751388,0.00878472248139659,1.1350995143206e-13,0.987563460399545,0.000793303898436785,7.79955887946153e-05
0.00369674562717259,2.4366300822475e-17,0.0274329991828091,0.00547679886595319,1.2761573317477e-148,0.00221329136536833,0.0428846533662831,0.918295511592414
1.01979899467701e-05,0.000449785195619384,0.231101286991834,7.39463056143913e-05,1.26131477458552e-08,0.00112241275403191,0.000209028717892804,0.767033329431913
0.00102776472427823,4.48605123038194e-07,2.5375086778224e-05,0.108193261771052,1.77478699291423e-10,0.887630736050777,0.0012711316193465,0.00185128196516688
0.000201862659942805,0.0105588002520845,0.709535948552169,0.0193667529362954,3.91124891639987e-09,0.132131833838874,0.0788426605967027,0.0493621372526836
0.013892283294641,9.4133303977456e-07,1.66294554759316e-06,0.960189719059585,7.60448371194561e-153,0.00891382681626774,0.00956923832559417,0.0074323282253246
0.00494389100001957,0.000182859640164333,2.85663769126039e-06,0.00453649424284945,5.25404894296993e-07,4.99243530675845e-08,0.990329948610049,3.37453997945382e-06
0.0785499991313671,0.4129134470541,0.00768646472235928,0.000388004017550047,0.00192404410854511,2.34165121486051e-244,0.155442245521608,0.34309579544447
0.0010801579092069,3.97961571353591e-16,0.227815676867,2.2397128955927e-05,1.11863338118452e-05,0.0524712877943204,0.69017068735357,0.028428606613135
7.84865385625365e-06,1.4551349413942e-24,5.21047247041902e-07,0.782115644384481,3.02355784323352e-14,0.217448234348128,0.000426849545688846,9.02020569529918e-07
0.00762442500698133,0.145147249517729,0.0179388516276769,0.000236770348089535,7.42273635798867e-05,0.000808480609119883,0.229716399833277,0.598453595693546
2.78462905683663e-06,1.44357293523545e-24,2.24731523509871e-07,0.983707039046693,1.03091801228788e-157,0.0161408466060128,0.00014803185122603,1.0731354876421e-06
1.40844386114806e-07,5.76979601649582e-09,0.000169694023235939,0.00216192472389827,4.32562437433706e-14,0.99747801796567,0.000183386784515357,6.8298884548926e-06
0.000135737534302288,0.000291695755472576,0.00403190968298138,0.980465393118677,6.94824724307823e-09,0.000488724745918086,0.00599080001324147,0.00859573220116003
0.387336762169897,8.80419467191046e-16,5.14448239186298e-06,3.44132096430301e-05,0.332007809836951,0,0.28011760082014,0.000498269480975701
4.55122579922284e-05,3.56378657817378e-18,0.0188443143328327,0.0102123664215194,1.16002452220235e-151,0.000730785597423978,0.970061751730532,0.000105269659699848
5.6555453789297e-06,0.00377563025278367,0.954057621104108,3.32769922609597e-05,9.70595146048007e-09,0.00264244045011938,0.00300083626181861,0.0364845296875787
0.0168445801930325,0.234853930403522,0.0999651565924361,0.000724893898177189,0.000940780932173805,6.70161352987801e-06,0.383537331003971,0.263126625363157
0.111466326711085,0.000747148700985819,1.27500340348808e-10,4.06759165320698e-08,0.886919074756632,2.18136933335774e-253,0.000104348154812976,0.000763060873066828
2.08128057802904e-07,4.02035715225293e-20,0.0577710842080027,0.000141636760780924,2.30221840344907e-11,0.94038969171559,0.000730817933404648,0.000966561231141628
7.49719923158232e-05,0.849959014451878,0.109530155062266,1.09836106025317e-05,3.39045357813821e-05,6.18276758797622e-08,0.0367708077129567,0.00362010080652389
5.78288853406763e-05,3.23982628558866e-19,0.0397218884587363,0.00368246122057327,3.57168917541554e-08,0.903360253348884,0.0454544959276998,0.00772303644187459
0.0145811957055333,0.158147133804558,0.000436566719071366,0.000301245203287276,0.0026641132661586,1.92931245101614e-08,0.00230424510739483,0.821565480900872
1.33397357043765e-05,0.00978888482809526,0.939126978991114,0.00031023507493297,9.59235735231291e-09,0.00255866390527964,0.00545944505746037,0.0427424428150563
0.986271617635093,2.43751495979838e-17,1.1112012119272e-07,4.08560318639712e-05,0.00179212541286287,6.05626259978697e-246,0.0096216671299096,0.00227362267014934
0.0159374167106163,1.26402151105537e-18,0.000897709629128028,0.00406378171421054,1.88795102362346e-07,0.272260898915939,0.00567197577360872,0.701168028461395
0.702292300432685,0.00337636106493176,1.17461792047831e-07,3.06708657773543e-05,0.291430789814098,0,0.00193461492062948,0.000935145440086836
4.47173372073698e-05,0.000994211118113937,0.938772289896044,0.000411468231594421,7.72028064612907e-08,0.00399021553646638,0.00904716132982745,0.04673985934794
4.03469449836165e-05,0.000640678526182941,0.831788430503012,0.00197671557997989,1.16967701456169e-09,0.140010660842618,0.0145001868863781,0.0110429795471691
0.000105011372717689,1.02283179424535e-19,7.04120122485236e-05,0.0421938293176355,1.47526015671889e-09,0.00591041135075984,0.951707908327881,1.2426143497515e-05
0.0210710068621629,1.59529055140059e-14,0.00276625098152062,5.86116005388481e-05,0.00216139941589037,7.90595439079956e-07,0.589602714045626,0.384339226498806
0.00198155132841261,0.986742198416801,0.000111621691039174,4.31942917715786e-07,0.00450455137083735,1.3072063934186e-11,0.00196019753247553,0.00469944770444474
0.0176111858947846,0.863018167228503,0.0239093132680753,0.000360223160561268,3.25911911236437e-05,3.32596959290487e-243,0.0832604275135791,0.0118080917433733
0.497196687914992,0.0258387896377935,3.64884954563888e-06,1.51345753947832e-06,0.253631707745247,4.84275356467346e-247,0.00928235356422777,0.214045298830655
0.0805690906505754,9.028871509787e-06,1.07560429814149e-05,0.893757239176405,3.0341086719762e-150,4.48270283473603e-05,0.016051116416415,0.0095579418137655
0.000108168036055052,2.49378165083626e-05,0.033542032199082,0.00024945642310783,8.33952180364477e-09,0.936471413796804,0.00972528748778531,0.0198786959011358
0.00714929766798745,0.00254760031546953,0.000474290506420807,0.00154878818515861,8.8096230644341e-06,8.49045391221914e-05,0.0562624723346479,0.931923836828129
0.012844773913827,2.44927917881531e-16,1.83586384904145e-07,3.36299040945524e-10,0.985551910207271,0,0.00157269586839724,3.04360878201921e-05
0.984474896564769,1.9422471793178e-18,4.10381853642007e-09,0.000336403533895141,0.00164276642850987,9.98239539760979e-247,0.000891808401998972,0.0126541209670084
0.00077175303306984,2.18223319824784e-07,0.000195114871719362,0.984756658316697,3.34358891045231e-153,0.000199979797139899,0.0132584247891169,0.000817850968936993
7.72273512205973e-06,3.11806890726521e-28,2.60345496672029e-09,0.982589456304023,2.18564745008547e-159,0.0173809602554648,2.18136810510049e-05,4.44208837992327e-08
3.2780324705253e-05,1.27025412425206e-22,6.18713090858075e-05,0.0548742212931371,1.61402388535547e-155,0.933663283544462,0.0113610613847959,6.78214381397058e-06
1.15930811848658e-07,0.0126937492141372,0.980266147724531,1.80696104558224e-07,1.13311668124736e-08,0.000115716975381709,0.000968487661167939,0.00595559046669909
0.00212605384063526,5.50040042417492e-19,1.79604780707124e-13,5.61112767812085e-11,0.997864480486482,2.17285660625894e-256,8.81971106659717e-06,6.45905525785599e-07
0.001999147119212,0.941544887192201,0.0323243146531573,6.7266689219968e-05,3.81595633828393e-05,1.85074210473314e-07,0.0206453414431331,0.00338069826548366
0.0091080756386358,0.618387669136906,0.00153136578304143,1.18040479525645e-06,0.0146025119345154,3.38429065480536e-245,0.0155070839620535,0.340862113140052
0.549554224668105,0.0356003476691385,2.60401235007063e-05,2.32941026268312e-05,0.0612243617049255,3.32590497830862e-246,0.017624556791903,0.335947174939801
3.8490128361844e-06,0.0308268878896938,0.958072137228685,0.000316349077567746,3.84696141909561e-09,0.000427113605452085,0.00716810314525258,0.00318555619355067
2.45542251097687e-06,0.00059782017489638,0.973759280159464,0.000351259553656821,6.89798969124763e-153,0.00370657374704439,0.0119910468484106,0.0095915640940175
0.000373313658956717,2.75619163596366e-16,0.000930850874801412,0.000362523397343175,5.20570023794042e-07,6.19719638168081e-06,0.998281247246718,4.53470557747169e-05
0.0115080520589403,0.101965135721417,6.55018095117665e-05,1.72362867612848e-07,0.0069236723377772,2.19372120811763e-246,0.00188128446985419,0.877656181239632
0.0161536124478761,1.35809928110984e-15,0.00530649348318084,0.00434812108158717,0.00094685937102321,9.22604341098458e-08,0.971348937094881,0.00189588426101639
6.09822191941625e-05,4.33614371932713e-17,0.872586587909221,0.00125222642499079,8.37136835706303e-08,0.0537182541215423,0.0284126251475646,0.043969240463804
0.938700335868202,8.81831185793162e-05,3.26721573956187e-12,7.91384289693113e-08,0.0611417565365295,0,1.15469083174613e-05,5.80984266758326e-05
0.000411755571225416,0.00317835286400497,0.624568585955679,0.0270848244968373,4.6736109997671e-152,0.0189174487226131,0.321464250162883,0.00437478222675714
0.00164932081991984,0.229791937453191,0.243957839543072,8.04468666985139e-05,2.43193006490013e-06,0.00027047921645577,0.287806675816252,0.236440868354346
1.44856077762553e-06,0.837462958071337,0.150934860787926,8.86930225277745e-08,1.60809127706078e-05,1.11756346889755e-08,0.00972106112597825,0.00186349067255301
1.45760345947289e-07,4.43649316576873e-11,9.26779906447532e-06,0.00133622952642775,6.07968432488595e-15,0.9986426153416,1.10025649670001e-05,7.38963223507867e-07
2.95146611011728e-05,0.00294914420152411,0.953136573124413,6.28689547842471e-06,1.25350566303897e-06,0.00455965539848871,0.0206709523940325,0.0186466198192994
0.000138906007429654,7.47844754713358e-21,0.000293458983975261,0.0491355735625625,4.68467645543188e-10,0.943015506035483,0.00669399355475529,0.000722561387326441
0.0054900550659635,0.000636246379580234,0.00509065133947944,0.701260575111829,8.88523657993036e-08,0.0241362217541704,0.0299153392169215,0.23347082227969
0.000330808478528236,7.27439329983568e-22,3.22871407279649e-06,0.161216087226328,2.91084567732148e-154,0.755188371610321,0.0832239411026992,3.75628680508206e-05
2.02536897500778e-05,6.30268920998044e-16,0.0144450449872213,6.5691765422878e-06,9.36463169594333e-06,1.96428785536781e-06,0.985287936236656,0.000228866990278734
8.23771747063398e-07,0.0479506039121314,0.935878548490676,7.05301858242028e-07,3.56592114707116e-08,6.31252712551123e-05,0.00856117258203686,0.00754498501108433
0.886045593967221,0.000598232636166714,1.25723559237279e-06,0.0527101555283073,1.03894031048983e-05,2.21570342395648e-06,0.000777874209899887,0.0598542813162839
8.5060606928757e-07,2.43656005893519e-19,0.125110232370168,0.000237694754373161,9.8321262814378e-11,0.867811421969087,0.00664832899602334,0.000191471205958295
0.000615558402362685,9.39271051742949e-05,0.0021302883138989,3.49164352011706e-05,5.78577636018379e-07,1.55725084253207e-241,0.000143721676884262,0.996981009488843
