1.17984987816277e-05,1.90294308962773e-05,0.0893201726722441,0.833618594970711,0.00211604707937443,0.0669302965011447,0.00660538210989327,0.00137867873695444
9.38036526777343e-05,5.47203147744621e-05,0.861126612367326,0.0571443495936746,0.00061551335489798,0.0779237595005805,0.00187280476482115,0.00116843645124746
2.78632667653372e-07,0,2.65275948269696e-05,2.6424526260636e-07,1.71153137952966e-34,0.00112532402816999,0.986068658981971,0.0127789465171018
5.78747999831999e-07,2.94427290192732e-136,0.0075237377751752,0.0164061782618086,0.972112522753872,0.000379592126523555,0.00322246692487014,0.000354923409750602
2.39729252396915e-06,0.0291986048655029,0.000645507828741301,0.946677589083242,0.002394184785095,0.0210810265150384,3.99903662233877e-07,2.89726193831495e-07
0.00397331270057798,8.2915561080225e-07,0.0392681818077674,0.0763989752041106,0.000941855511192302,0.74939636029931,0.107733134671178,0.0222873506502532
3.74628298853354e-05,6.32144710975402e-06,0.00109667706938487,0.137105959846763,0.000436614935377856,0.860604371731576,0.000685815827255416,2.67763126479601e-05
4.05871596480438e-10,0,5.61246906298118e-07,1.76648636424194e-09,1.61062959663432e-07,2.50502998751646e-05,0.993496555194302,0.00647767002359886
1.27566800572848e-07,0.00581807387809799,0.00146816358331808,0.991057656871592,2.56811193482401e-05,0.00163026249312221,2.07863601556631e-08,1.37013608368442e-08
4.12126308079439e-09,1.67577242116636e-06,0.00605395798487004,0.987707314399881,0.00577492481850048,0.000129807084430772,0.00033220681512619,1.09003507468697e-07
2.3709157182244e-08,2.34399106134412e-140,0.010350342439921,0.000477429184624785,0.910012050523279,1.62648945923885e-05,0.0720447046699017,0.00709918457852397
0.00789721213252521,0.0861427737706527,0.0057551838140353,0.00648943760226422,1.58582693520591e-07,0.893620864565573,2.75654400346008e-06,9.16129882527072e-05
7.40283433456413e-05,5.44025304855402e-05,0.427872010781878,0.0576210675013164,1.06560595973543e-32,0.511506145079907,0.00242737534412324,0.000444970418944245
0.256460107205134,0.0655332045118136,0.00242213852340966,7.56151649302341e-05,2.42535635491482e-06,0.671096732404236,3.55736109165383e-07,0.00440942109801211
6.68920933989477e-06,5.3814518307144e-139,8.82030028927274e-194,1.28314876369588e-06,1.03715048908771e-05,0.067748438224338,0.0111725171439131,0.921060700768754
3.8098213906818e-08,0.002547508796313,0.00421410696428951,0.905850616185625,0.0873308088674651,5.26045882083803e-05,4.19249594327449e-06,1.24003941595572e-07
0.995445380506797,0.00453371025820787,1.07423064484667e-05,8.47499063997182e-11,1.0053129306777e-12,8.3397466974942e-06,8.85073199364194e-45,1.82709609447075e-06
0.9811532371488,0.0137270450976176,0.000163035202469941,1.31912792957883e-07,2.95277204177243e-10,0.00492808320390958,5.90061960636301e-42,2.84671391331396e-05
0.00260412719061053,0.000106839311824516,0.0168449851553936,0.000613154827529151,0.925720327070159,0.0420944999038003,0.000653748428767637,0.0113623181119154
0.656202308928799,0.0206295746022359,0.152937468786291,3.86775759783401e-05,2.70009208101433e-38,0.170099146544993,3.56350311668234e-07,9.246721139098e-05
9.92384581217331e-06,0.909292157794857,0.00608485095731724,0.0659800752706066,0.0174974433817078,0.00113198028387987,2.98719528450986e-08,3.53859386650378e-06
2.13721418555761e-05,0,1.88942814924493e-192,0.0053415866586618,0.0123136578347539,0.437413910067496,0.540671468491157,0.0042380048060759
1.2016837128534e-06,6.36514936381798e-136,0.192282096006325,0.475335755364078,7.79624744942796e-31,0.00102713138236297,0.325616261613183,0.00573755395033804
0.00270036243414491,0.000935455483138806,0.00328390297368881,0.000331266055320289,3.85590363952033e-09,0.992686708708141,3.05325659765147e-06,5.92472330648659e-05
0.000903110820252296,3.19866584719927e-140,0.00590854105075569,3.66413125112302e-06,0.0409072085787155,0.0182096883358577,0.149949806837485,0.784117980245682
0.00158986452466272,2.84639474363834e-137,0.0429309793545028,1.65194285984474e-05,0.60540119826536,0.000618845049126516,4.72791899482189e-34,0.34944259337775
0.0263509856572565,1.68662797211752e-134,0.000725267878427144,3.32456409420559e-05,4.66275006798234e-05,0.850842461735108,0.000225196892598453,0.121776214694988
0.0157307314794755,0.000287303216624738,0.0240622607517808,0.0079268289978025,1.52542457903008e-34,0.951765813350343,2.67978731336948e-05,0.00020026433083929
1.93217688386962e-07,2.59240497834451e-11,0.00855994370989634,0.000498020627225274,0.00105059657702133,0.00700713707299939,0.981759903960593,0.00112420480865216
0.334094990333427,0.665897761713842,5.00170656226023e-06,5.3305639005018e-10,4.45547421260435e-12,2.18243627559294e-06,7.05586198035091e-46,6.32723815864143e-08
0.00201646187629311,0.00017731676834147,4.55374535733406e-193,0.00848187896414126,6.44033285300994e-07,0.989138218827034,5.60169203019401e-05,0.000129462610602863
4.56127706330464e-06,0.978161086913973,0.0016373120883147,0.0199304108156104,0.000253922016225465,1.26994202264476e-05,3.29989658899029e-41,7.46858665244016e-09
6.12623641444695e-11,0,1.52783485816007e-05,2.2263947467118e-07,0.000485927598295733,1.05072676877005e-06,0.995035700790344,0.0044618198352724
1.89446378400593e-08,0.000621245901139825,0.0163052884325035,0.982825078845684,4.17111717070602e-33,0.00024816399291907,2.02510049389299e-07,1.37306594888185e-09
0.0015089054835498,2.00914948096229e-06,0.235323921769249,0.00164462782602275,3.60358776854221e-33,0.759046517053152,0.000472588212702795,0.0020014305058428
2.40076256891813e-07,0,0.00120711427124966,0.0386456545314367,0.0346981492834131,0.00274300922723951,0.922315251909211,0.000390580701193437
0.99993833875808,5.81960113155444e-05,3.01085925955822e-06,6.28177327065321e-13,3.17899840071439e-13,1.88144686344547e-07,2.51873226292172e-46,2.66225712705089e-07
3.3588151699409e-05,7.89430899751018e-06,0.0347490550260585,0.0106583227337318,0.000541768118930296,0.940835057508335,0.000950593184851549,0.0122237209673964
1.1151941343601e-09,2.05233348715887e-135,0.00433206951185582,0.0595366464383242,0.935885965034138,1.2740189098065e-06,0.000181546622913572,6.24972586644033e-05
0.991714655080959,0.00807503785243589,6.94213337607587e-05,2.12274294795789e-09,1.49732150669024e-10,0.000106962535430681,4.59929713459437e-12,3.39209203388473e-05
2.51812209699358e-11,0,2.71626247355637e-196,1.89670904988064e-09,6.77646464079663e-05,2.19456101328711e-07,0.994477834171223,0.00545417980437744
1.33161692400272e-07,1.8870999164122e-142,0.000593584034679683,1.86016454148927e-07,0.00105715057213131,5.09695478198234e-05,0.0126295471128549,0.985668429554368
6.26664745963635e-07,7.09078537592521e-142,0.000488450661331852,6.49058042865879e-05,1.11238971491211e-33,0.00482877018065804,0.986528906744309,0.00808833994466807
0.0152690495168808,0.000866776570534941,0.110075611020681,0.00698528368430036,0.8625595635501,0.00196329965687484,3.24587835178725e-36,0.00228041600062749
0.000798130419444013,2.496290367207e-05,0.0603462090788106,0.00620469438265964,0.153633471354211,0.655439305161469,0.0772351301089254,0.0463180965908074
1.10402710654863e-08,0.00322113417777849,0.000972894465863932,0.995047974722128,1.97412746825016e-33,0.000757393082888241,5.8132585681985e-07,1.11852133805214e-08
3.42444976823198e-06,1.10332966189226e-07,0.0264292914495823,0.306420024892135,1.35621416110317e-35,0.652938132199098,0.0141717197862189,3.7296890231243e-05
6.87074496174105e-10,0.00745995390863627,6.95659353137527e-05,0.992225876854292,0.000221721633995096,2.28745139447454e-05,6.26209246200322e-09,2.04651079983106e-10
1.12132633038085e-05,0.000195876132045935,0.00531210654760489,0.053907962027385,7.02894759390942e-07,0.940269400400017,0.000227574497940336,7.51642369437289e-05
0.144799958661243,2.03465353421862e-06,1.07879963234747e-189,0.000215605605950675,0.0574442851005962,0.033968700494356,0.0146342455974968,0.748935169886823
0.00473725767413284,4.49465449166566e-05,0.129634875210436,0.00082615242950002,0.000576260024535337,0.834178381884964,0.00451613024925828,0.0254859959822566
1.07639501254576e-07,3.58973877666809e-143,0.000914424179127636,1.14923624789795e-08,0.00098057993353941,1.09609505950921e-05,0.0156813354176101,0.982412580387264
0.997229755077391,0.00209968555693899,0.000298980820167001,1.56721718442271e-08,1.08719415481727e-11,0.000341760816292449,1.90977440992569e-10,2.9801855188733e-05
1.30883300050051e-08,9.01392784733785e-140,0.00224947114250074,8.47766690367127e-05,0.963465228480189,5.77303935447189e-06,0.0202291608678169,0.013965576712772
4.52538023141787e-08,0,9.47169797207851e-05,1.94183442941166e-06,0.0630763837860828,0.000814465521367062,0.123521226891021,0.812491219733576
7.21097704707326e-07,0.000696966889110128,0.0674473731441379,0.213486061597357,0.71744746452026,0.000433943334565637,8.23599686921998e-05,0.000405109448172866
0.110769856664119,0.0184321285352916,0.823629340609987,0.000565292210646238,0.0375032993292873,0.00819690381827315,3.11484177392706e-37,0.000903178832395554
0.361139981991909,0.574128597053884,0.0024200832710036,0.00015909952960125,2.8806405180609e-08,0.0621257805725483,3.07283439587952e-09,2.64257018140727e-05
0.000984311914450386,0.995418055672659,0.00299249264216028,0.000473199584833883,1.12301924528064e-34,0.000131734458823474,8.99568829264822e-41,2.05727073050927e-07
1.69512261967173e-08,0.0107713868159136,0.000409274852096751,0.988795501130022,2.33884733568789e-35,2.3817967302386e-05,2.26128230825937e-09,2.2156327374325e-11
0.0319842541854712,0.000853911887132955,0.121301421912109,0.00314699141774646,0.000447349763377922,0.838078324474758,0.000130899115528954,0.00405684724387581
4.0859440259109e-08,0.0242967658413637,0.000844514284731807,0.974389871711957,0.000268017276185955,0.000200753843385839,3.20263738095754e-08,4.15656139878986e-09
1.13231184157846e-07,9.00261837341151e-146,8.54910346589825e-196,2.55150787253355e-09,6.52491455088127e-06,0.00173056046077702,0.907608571706351,0.0906542271356294
0.0092578379952122,0.0837936030750947,0.358707592083808,0.0155558127460497,0.000260722903270007,0.532105430983301,4.12751948943534e-05,0.000277725018370072
6.27015854313856e-05,1.01940746524143e-140,6.28575680523318e-194,1.00225115295114e-07,4.61497197597407e-05,0.0028046657264932,2.51740828782763e-34,0.9970863827432
0.00136127461461965,0.260373215704356,0.107822502630202,0.195076221872423,2.87825529685942e-36,0.435364749826061,1.22924574911864e-37,2.03535233926729e-06
1.86286618254533e-07,5.25822934050574e-06,0.00237510544147474,0.00937822000763592,0.987775287742012,0.000248560587203521,0.000170897513577238,4.64841921382101e-05
7.72414546667579e-09,0,0.000317385727980692,2.05670395090796e-06,0.0745057449600828,1.2732766817958e-05,0.804350569397151,0.120811502719871
1.05933293500876e-09,1.56327177771158e-07,0.00188824534628604,0.995798005510382,5.46979304874021e-32,2.56391049132165e-05,0.00228790381343758,4.88384704483682e-08
1.10738974624229e-08,2.52185972897714e-138,0.00119387884903351,1.06768911085454e-05,0.990887968751307,6.04551639737147e-06,0.000709061996650756,0.00719235692160563
7.95270120241592e-07,1.32774935270585e-137,0.000590111038480897,7.98897965938001e-05,0.988248910329157,0.000242084613121932,0.00144521887912159,0.00939299007340501
1.06935782522279e-06,0.000519848764501271,0.020346801688158,0.965714468123946,6.34434043261259e-05,0.0132777254954243,7.36476305927525e-05,2.99553522611869e-06
0.774129320232818,0.102217342290726,0.0324714491364041,0.00114383403849687,1.93304773541951e-07,0.0898615095655092,1.65471804288284e-08,0.000176334884091119
1.46550305185517e-07,4.55670433017515e-139,0.0136189171215769,0.000192046063050884,0.0532414913033452,0.00205469453830441,0.75051163422004,0.180381070203378
0.185915305244232,0.660086681431055,0.00706789717806244,0.000216696927719215,1.3899896898982e-06,0.145222364284213,5.21051854912066e-08,0.00148961283984274
7.25730265184334e-06,2.85941175059943e-142,5.22997789386563e-196,1.2646604088358e-09,1.36945598174382e-07,0.0129001110115158,0.0257350661148757,0.961357427360698
0.0315032171156589,0.000270893268395843,0.0517668821713116,0.000229834388450785,2.05707748355698e-35,0.915400591606965,6.2063234476329e-05,0.000766518214741891
1.01584299827633e-05,2.36509033662218e-12,5.39361228076506e-05,6.48798603856392e-07,0.0119885670060586,0.0100471774606201,0.652467618816544,0.325431893363018
7.1802737827098e-07,8.80764216648822e-10,0.00113178133412865,0.000700380900747772,0.00306765675582852,0.217025170758808,0.705090375977312,0.072983915365032
1.20184380222298e-11,3.29669375668138e-144,4.6180775736773e-195,5.87002627796977e-06,0.000342230357442788,1.66723994722272e-05,0.991769935570902,0.00786529163388615
0.000908241701876272,0.0137564032852914,0.000114328645029551,0.00760935309413392,1.09541414436782e-08,0.977610524119297,3.64288410695033e-08,1.10177138974337e-06
8.82556094167321e-10,1.07271071892297e-148,3.12678653857845e-06,3.74680139934986e-11,1.83002035616754e-05,4.19554633028124e-07,0.0840953870093373,0.915882765525905
0.906750125228003,0.0172608614047999,0.0135537885485298,0.000235453304969961,1.60581334742131e-05,0.0614577212028825,3.69241862517248e-37,0.000725992177340291
2.7804821866857e-08,0,3.193783591564e-05,5.0782077067995e-06,0.988191895312278,7.51310535025263e-06,0.00488624907702382,0.00687729865690306
0.000533408275630403,6.27673010763164e-139,0.0107128995898644,2.47136384141605e-05,0.0626853937509324,0.00559714855289183,0.119488516520713,0.800957919671554
8.41575094569293e-05,1.68797068693301e-137,0.939878619913154,0.00015319884416863,4.48632686149623e-33,0.00460535443026625,0.00901401006776308,0.0462646592351913
3.73525635351426e-07,0,0.00276544659506279,0.996553170946153,4.83627746036558e-34,0.000680783847590958,2.21219852802788e-07,3.86570450705932e-09
9.84720796468388e-08,0.00123067279773643,0.00105027476307729,0.99682516536577,0.00036572405687059,0.000527709520595556,3.48381337519839e-07,6.64253331501239e-09
3.96665027598693e-05,0.124644350642805,0.0217322600670259,0.79132194550829,1.38833923016318e-33,0.0622598318489241,7.83094729102944e-07,1.16233546538813e-06
0.421527952797223,0.0363168798846127,2.60161928176226e-193,3.51978151328172e-06,2.46395836332956e-06,0.540843955218231,2.65400436790282e-07,0.00130496295961921
9.13356061032805e-05,0.999504661907865,1.46863205525614e-05,7.02878258319386e-05,4.17523504355845e-08,0.000318957070156228,6.11361225392774e-12,2.95110265243459e-08
3.4069531755756e-05,2.4125516736685e-08,2.60690713539034e-193,0.00153477715622082,9.78269766364988e-05,0.804194088055491,0.18629461253662,0.00784460161775915
2.84738832038677e-05,1.68385384306989e-05,0.0203748057475998,0.733774080418411,0.0032900492609167,0.238681541650197,0.00368833701567339,0.000145873485567181
4.54268981262515e-13,0,7.26161339236955e-07,1.11531276518589e-06,0.000139815012996264,1.08026284722642e-06,0.999275117955813,0.000582145293784929
0.0029910015069093,4.27048535612593e-134,0.0137022830852717,0.0194076682032131,2.63013044794561e-05,0.95761716503387,0.000163445006746211,0.00609213585951003
3.05340593401617e-07,1.50064649799707e-07,0.00421905532148137,0.990324387205027,0.0023932405385149,0.00189164484393658,0.00117032537203906,8.9131375803904e-07
3.72202529342172e-07,1.14548451233442e-136,0.0776755286672391,0.192452692318825,1.05870530977404e-30,0.0120231002408871,0.679404708524304,0.0384435980462159
2.62740789326863e-05,7.46332077044137e-141,0.000184234141158219,1.16594002220824e-07,6.89222698809497e-06,0.0115824011027107,0.00479813270082203,0.983401949155386
0.000361377351486448,1.28944025407882e-07,3.96882079775996e-193,3.89633524759921e-05,1.0166387777125e-05,0.930211022417792,0.00480267571135329,0.0645756658350894
0.00836398893824023,0.00271547380261549,0.573266705968026,0.00427546743146952,0.0502598703738851,0.332492798423178,9.07259324215209e-05,0.0285349691301645
0.01059438461158,0.97920466522649,0.0100210769815716,9.49106269830416e-05,2.92861886852131e-36,8.49092050988798e-05,9.19232053426651e-11,5.32563527611141e-08
1.23920503420218e-06,0.999367782830042,1.69060180637754e-06,0.000515390991556354,1.78781088224029e-07,0.000113715148659216,7.62634690804778e-12,2.43418748779798e-09
0.0835499791929333,0.00088840247146503,0.89192804905983,6.49854263641191e-06,0.0197240781340869,0.00114534698919249,5.34063964397065e-08,0.00275759220345933
0.00688949272591186,0.991275201039588,0.00181359101103385,6.48434925799048e-06,6.95758184256014e-07,1.42079795695639e-05,6.88308152967331e-12,3.27129571948111e-07
0.000214158843530265,2.06524329882023e-138,0.00522578908200329,6.52974437342986e-08,0.0362768677107153,4.74408095024624e-05,0.00143011979338697,0.956805558463418
0.000379853311142054,2.85182742110385e-05,0.00195310350616012,0.0506324419153019,0.0626463623965376,0.880899801519196,0.0013274853334034,0.00213243374404833
0.29806268249594,0.598393848376408,0.00494664478155358,0.000641323077736423,8.00572964517295e-05,0.0978478070109624,6.23430613844121e-07,2.70135303342348e-05
2.05621517154703e-05,0,0.00375732523526675,5.1048397273289e-07,0.974160491555603,1.07853508848827e-05,1.11337724887687e-35,0.0220503252225572
2.25921789853468e-10,2.21975536645653e-139,0.000620999511772194,0.00222278356338829,0.902151046662324,9.3968074598147e-05,0.093705866483965,0.0012053354780305
7.41285344438037e-05,3.67409894107191e-07,0.000801979076980848,0.000566440758617727,2.29733949976591e-35,0.995045032870957,0.00288721437498668,0.000624836974119624
5.19706824588745e-06,1.37402259654536e-08,0.0224976392445298,0.00407560303596369,0.242107431844849,0.421533302306571,0.247900432910344,0.0618803798492704
4.83790866867594e-08,2.99544951376209e-134,0.00498207024947395,0.92630525309914,0.0683205920382897,0.000343169081098314,4.75230603134168e-05,1.34409259811128e-06
0.000174451178962536,8.43712017805974e-136,0.0356859712775714,0.00426287586322715,0.230289852819047,0.144617485778824,0.127645439364482,0.457323923717885
8.09346210249965e-07,0,2.19596369208115e-193,0.985351743736274,0.00432669213587788,0.0100722967115432,0.000244264478920034,4.19359117507677e-06
8.83998431912932e-09,0.00178424185045248,0.00117315387991404,0.993950632918422,0.00300156061441972,9.03310391357024e-05,6.58973156132004e-08,4.96035647354247e-09
0.0538339597060452,0.937962886796309,5.77230931538539e-05,0.000254718538846256,1.26548197178177e-08,0.00789001316327529,1.85825512137839e-42,6.86047550274256e-07
0.00848571888658126,2.7961046441429e-138,0.0022887305833969,1.96105263437849e-08,4.5830703953121e-07,0.00233648753890435,2.69547229331897e-05,0.986861630350618
1.90136399788591e-06,1.991522336621e-139,0.00560620938893806,8.19497542741409e-06,0.0927066031470412,0.000343422307883771,0.0268586144013258,0.874475054415386
0.0186398115498005,0.386006129413716,0.0349627658792018,0.119686418079481,2.05347782475448e-05,0.440656610429795,4.46832171197517e-38,2.77298697579847e-05
5.64447000116791e-05,3.66602834672838e-133,0.976262492081373,0.015061356996022,1.86841789217012e-31,0.00673183132785201,0.000332105476049935,0.00155576941869164
2.20096137296216e-07,0.00701206714595357,0.000462500940925063,0.991931812140364,0.000340177554904473,0.000253122010212797,9.53550800656537e-08,4.75642273895894e-09
0.242068144089645,0.000718931072876612,1.26698217330374e-191,0.000482012922574335,0.000169757890223074,0.753563619268518,8.55953840583018e-05,0.00291193937210401
1.50635483413282e-07,0.00260680686448319,0.0324394089180767,0.945174874668621,0.0186345628287495,0.00113992532230191,2.63588683378812e-06,1.63487545064981e-06
0.000125628660189214,0.000281295526173375,0.00100620101985706,0.0614723747066502,1.92340371235505e-06,0.937064095404021,1.56293682934947e-05,3.28519111032192e-05
0.0144459396230053,0.955315683913474,0.0132096797307025,0.000564491214920448,8.87362453520009e-07,0.0164566242247891,9.06362758916086e-09,6.68486702747774e-06
6.87671036971026e-05,9.30514459581412e-140,2.36973425201225e-192,1.33035583008879e-06,0.0147828124327975,0.00474367336755011,0.244734445144706,0.735668971595419
2.08950701251995e-05,9.87033435874032e-07,0.00598051904651498,0.00277694746187305,1.01572544029202e-05,0.989664453115547,0.000609857000947554,0.000936184017153419
2.51566449222516e-09,1.70674746586774e-144,0.00010447426305018,1.14757352828256e-06,0.162558820314846,2.47605282625254e-06,0.809150153296121,0.028182925983963
0.00605366273178579,9.66543773301101e-09,0.138015502054171,1.07384225239339e-05,0.0402166736675304,0.00189412544789412,0.0049936307588307,0.808815657251827
0.00050033149975082,0,0.0852620141927073,4.24708486286205e-05,0.182793514649318,0.00581375162428428,0.0159308992264913,0.70965701795882
0.00930584225316231,0.135247611794168,0.301718608734167,0.22765708614856,1.03948402353461e-31,0.326034275882418,1.13755898841871e-05,2.51995976394967e-05
0.0356118114077036,0.00140880742015315,0.0495992847487564,5.6285922370673e-05,8.66556728368826e-36,0.91110674381233,2.3126416573575e-06,0.00221475404702862
0.0551708485930841,0.944804850482313,5.74656365454235e-06,1.3755959705733e-08,1.43446955418552e-09,1.83443086087552e-05,2.84188800100612e-14,1.9486188224647e-07
0.00304797486808102,0.00107768360154519,0.000697460973207933,0.00520448567424614,5.91676532343608e-07,0.988576070966689,3.43673689953688e-05,0.00136136487070297
0.000105957648715614,5.44551757798334e-133,3.4127955486778e-190,0.559684836486735,0.0209101436099703,0.380060393284076,0.0103826642142779,0.0288560047562244
0.00374139749686963,0.995222340871613,1.06630838821838e-05,8.92404003793752e-05,7.83346798721232e-09,0.00093631660843984,3.75257448851124e-11,3.36678226110903e-08
5.77610301068959e-09,3.24701154220768e-09,0.00135504869101121,0.00341816075435092,0.994700979141727,3.32614183202565e-06,0.000492376737969208,3.00995099950376e-05
0.00319773601921812,0.00255624113584765,0.890798844027525,0.0018709821626312,0.0945665248717575,0.00588149819641607,7.1556207462594e-36,0.00112817358660486
0.000130156253893621,0.00931957239810466,0.391482583181999,0.256473756619003,0.0317619885815478,0.306943896411547,7.77168521578754e-05,0.00381032970174804
1.04883697441702e-07,2.92523091130185e-140,0.000278444885563127,9.01624486312358e-06,0.977183272011963,5.66142879398273e-06,0.00460206059284325,0.0179214399522757
0.000297931237279441,7.49866845930784e-06,0.968449137270844,0.00333416516040298,0.00113867682004398,0.0158709170629696,0.0030768147065651,0.00782485907343591
5.88630494955775e-06,1.04172694088808e-05,0.00386711957873823,0.00967734645148438,1.29390518883717e-05,0.984785717055558,0.0013228080733672,0.000317766214605595
0.000104656477274255,3.8850914688091e-07,0.977577233968344,0.00170215506428832,0.0129810028583275,0.000209586900903762,0.000286110713963095,0.00713886550775258
1.23699837316269e-07,0.000614488075737976,0.012049843097359,0.889415089666819,0.0958834368140687,0.00175988769118813,0.000262203096038641,1.49278589514808e-05
9.20729482513497e-07,0.162224920866269,0.000786863319365193,0.836321038964522,6.02031259976386e-05,0.000606037600480589,6.34740366012249e-09,9.04647951927862e-09
0.000295563833402323,5.47830766432252e-12,5.94881262861376e-05,2.78341284016819e-08,2.19258550005162e-06,0.144593869755341,0.0243287233956822,0.830720134464181
0.000447634924552222,0.99922835190729,0.00027115441077758,1.71472953059106e-05,2.47497284322183e-08,3.55931472074202e-05,2.15650766236167e-12,9.35629816888689e-08
9.5924787665671e-05,3.82188804602966e-134,0.956960990481901,0.0114232427469256,0.0126309905990921,0.00642187023863832,0.000777937662619924,0.011689043483157
2.55207705959635e-07,4.70081964873876e-132,0.00945482222616091,0.0719235537800617,0.917382936973499,0.00107362330042671,1.93453782107629e-06,0.00016287397432502
2.30169327641277e-08,0.00820252614409803,0.000194058603291021,0.991380946072352,0.000203677748628058,1.87634968131132e-05,4.77383632398599e-09,1.44048964331197e-10
1.86582867908454e-08,5.6179290938123e-05,0.000439445622816967,0.993977016973112,2.02325986730321e-35,0.0054920133289435,3.52751261095659e-05,5.09997934448984e-08
0.0753811010867786,0.906896844091464,0.0161180976567666,0.000535572647992964,7.00713142648272e-38,0.00106824080021242,1.78222707299309e-10,1.43538562518737e-07
0.000543332376892975,7.16129419577658e-135,1.02950402214726e-191,0.00601028193192478,0.849004216808804,0.0771474478366969,0.00449811541427148,0.0627966056314097
0.999024488886155,0.00081334596934888,0.000115950690840838,2.17505226137911e-09,1.12584251722051e-08,3.62656515162378e-05,8.73069173859183e-43,9.93536866211918e-06
0.918596598554209,0.0773619969101439,4.50184873773622e-193,2.18768591828104e-06,1.13835460807412e-05,0.00383628241196307,1.32097805065487e-09,0.000191549570706864
1.23560422251696e-06,0.0203875540901581,0.0176629783590469,0.96189668433284,7.0522578016088e-33,5.1514343178142e-05,2.83524556310998e-08,4.91809891822e-09
0.0206036551009472,0,0.0318903218114239,0.0115627764893412,0.605949372053058,0.303147019497744,0.000444413572445756,0.0264024414750398
1.21261406082182e-07,0.00367896077129014,0.000593286473409173,0.995100185785259,0.00028271856786929,0.000344336782970842,3.83965550082169e-07,6.39224530444993e-09
0.00306029483958553,0.0206808506219067,0.00766216444888504,0.0778244465264828,0.000342221399615212,0.890006034673494,6.0607185913443e-06,0.000417926771439677
0.00650362049538142,0.989672677742649,0.000296823822885396,0.000221024143992183,1.57175455966263e-08,0.00330175967867136,1.6570675038562e-10,4.07823316799375e-06
0.000267540411153629,1.60506373267888e-137,5.07987373296329e-193,0.000330677043466757,1.41789558555447e-33,0.716821135119427,0.250910779112851,0.0316698683131021
1.43002048946642e-07,0,0.000646901729927026,0.000193535791448844,0.0594710626284769,0.00726282226635601,0.0511803345735379,0.881245200008204
0.75069528318735,4.96458107081305e-05,0.0178993644359916,3.38480080438738e-08,9.80754062850425e-06,0.00737863007275459,2.99254931915198e-38,0.223967235104559
0.0115571502044753,0.983492992855992,0.000349381055368325,0.00147920182872365,3.78878323429851e-05,0.00308315617247342,1.76670559935087e-10,2.29873953997875e-07
0.00954007303829293,1.57249198912947e-05,0.351925380475567,0.0193010405803955,7.1714023699072e-33,0.610105741328457,0.00781719733589786,0.00129484232149888
0.00132063844580162,3.76445435402946e-06,0.940243576900294,7.56772598208689e-05,0.00152591768312036,0.0120668819364964,0.00482650842899517,0.0399370348911175
0.000447161380523741,0.998139868728935,0.00113261035884367,0.000246858976339661,2.10554152159887e-07,3.32794287553899e-05,8.75858276987925e-42,1.05724505157376e-08
3.26996373511349e-05,0.144684953709786,0.0037232849010379,0.841306750076047,1.6332829818497e-05,0.0102358817132209,7.42598008375691e-08,2.28729376431619e-08
5.44964251711889e-06,5.37066621763163e-05,0.00563101644889002,0.9458031983045,5.63271581331124e-05,0.047886456642667,0.000556387631154587,7.45750996219871e-06
0.000204285786480738,0.999062102956912,6.74470318978335e-05,0.000496242763619253,2.2803433275074e-07,0.000169671469542187,4.18510142068068e-12,2.19530304983305e-08
0.0815797016661094,0.000255896988558248,0.00367119681040542,0.000890438381415756,0.000214868883077004,0.898465803428842,0.000266667836729856,0.0146554260048626
2.13177808311197e-05,3.45429487406975e-137,0.11053751288638,0.00123624724782828,0.000361090222021432,0.0410573227678185,0.105543153869849,0.741243355225272
2.52191165428691e-13,0,9.67080203689254e-198,2.42552829493473e-10,1.1579182970916e-06,2.6989350130772e-07,0.997597844875864,0.00240072706953236
3.46262359542296e-07,0.000192124287789992,0.0108007070129821,0.979617881606544,2.35405398169049e-32,0.00913809628293029,0.000248005709723722,2.83883767014248e-06
0.00945356466415111,1.08506521512694e-134,0.00451681499665043,2.11287612653925e-05,5.8372407067464e-35,0.0727797427123548,7.8681881263135e-35,0.913228748865578
1.10196952756127e-05,1.15608400346613e-08,1.41783112626547e-191,0.0316737535433939,0.220065842813153,0.0208309766292759,0.710646505554738,0.0167718902033237
0.973487253033054,0.0226936062405238,5.19630059803988e-05,1.40455642398105e-06,3.06951803774099e-05,0.00361076793105117,6.9221221308142e-41,0.000124310052589628
0.000499290624333115,5.93587748850355e-05,0.0139554286359776,0.013208074659223,1.13672275423426e-30,0.962571074800396,0.00419082475802396,0.00551594774716103
0.0980507763939892,0.182182027195138,0.617514550271426,0.00384328250854454,0.00064010906064233,0.0955748123186805,1.21108954889367e-06,0.00219323116203107
0.000488327864247783,0.999450402159829,2.94190607221044e-06,2.21246863725811e-06,5.78954467202436e-10,5.60905646670461e-05,2.40082178412331e-44,2.44575920047776e-08
0.0214953670686528,0.879025896606387,0.0551703317805986,0.0273251174600056,0.000498798708976918,0.0164760222996688,4.86672538453205e-38,8.46607571006389e-06
0.00030387761621436,0.20944575077672,0.120932885734618,0.574741358016026,0.000811545227144426,0.0937555507856859,4.64518806725957e-06,4.38665552438149e-06
0.000131750142852606,0.0144313049877374,0.0382365519038341,0.0418683936895767,0.000533218477634473,0.901978680928504,0.000113846871730165,0.00270625299813057
1.36894286302546e-05,0,0.0539122735160125,7.2933898870897e-06,0.674266356514833,4.78023128586293e-05,0.00604514945449789,0.26570743538328
1.49529189610513e-06,0.000905067042947953,0.00115667709644085,0.913732578857197,5.05789140339346e-35,0.0841898094345195,1.43124157945979e-05,5.98612035256197e-08
4.70252698243772e-07,5.02501737614363e-07,5.055094476563e-192,0.00515622483229829,0.983792378851687,0.0087971510864337,0.000720571210001373,0.00153270126514371
0.00292361007035055,0.996834273906528,3.11020313814313e-05,2.16974648599269e-05,7.66705813077773e-09,0.000189295185516509,2.10491940636959e-13,1.36740948981988e-08
0.0258648411110594,0.0196327155746158,0.112139922234631,0.527107997910538,0.161407740275176,0.152211104538444,5.72617365042243e-35,0.0016356783555361
3.8487430159538e-06,0.0160686862724143,0.0791403441863734,0.826759895867103,0.0778386414049006,0.000187988504983097,2.55739853556496e-07,3.39281356385047e-07
0.18521108565979,0.719888236542928,0.0925421937562676,9.46679190119548e-06,0.000301685380040056,0.00138439447321636,1.16582454257479e-08,0.000662925737611988
0.00414241547784407,0.201368462676338,0.722357915513124,0.0216087710298899,7.20364001169717e-35,0.05051159807423,9.18267998568164e-07,9.91896057546616e-06
0.78827928672886,0.0242309421583265,0.183904715668875,2.21444519022549e-06,1.57809719329949e-33,0.0027001679462552,1.10935832565448e-38,0.000882673052492987
0.0128272898743934,6.85476552906877e-09,6.30938373318089e-193,6.10775099177599e-06,6.26514731492497e-06,0.958363183794314,9.39792518228596e-05,0.028703167326397
4.62214030213464e-05,1.2697192532685e-135,0.0787416107642922,0.0596270838823551,0.768206554413057,0.0741623512346377,0.00997311426937421,0.00924306403326205
1.27593181222483e-05,0.021890735897377,0.000524694637851462,0.822587651550057,0.0325575149381742,0.122346904632164,2.17404324016344e-05,5.79985938527098e-05
0.892893532002263,0.107055907819228,5.49269429713511e-06,1.27668777224648e-09,2.47770956906674e-11,4.46543511238371e-05,1.62760128144033e-14,4.11831606600714e-07
0.00013436924070716,0.0162984935183777,0.138066352160702,0.251691851576419,0.00966323187928724,0.582016886082867,0.000261995452647172,0.00186682008899269
0.962502164604408,0.0374132308709596,4.58035958071071e-05,1.66763909270535e-09,8.94625065232246e-12,3.85107319131567e-05,3.44735497916676e-44,2.88520326505778e-07
0.00124437359488414,0.998663427777739,3.02729043117108e-05,8.37297857832668e-07,1.36316773136451e-10,6.10834786892625e-05,1.44994668033087e-13,4.81005609947883e-09
0.146530797640655,0.0226160088695868,0.815734010855118,0.00387474606313556,1.26941955247096e-33,0.0112326449250836,1.86783651059618e-06,9.92380991096703e-06
1.25011988693282e-05,0,0.000128656534517813,1.39699557927473e-05,0.00263878208659353,0.0150735059941313,0.919048110489542,0.063084473740553
0.00658745335764566,0.0108135723668562,0.000552295069462465,0.0103510164343554,1.94184860611381e-06,0.971686435355602,1.14002581421839e-37,7.28556747160252e-06
1.29825331265775e-06,0.0162724805383578,0.0148151325333625,0.966947121473028,0.000579697315509422,0.00138401391045197,1.06083517616269e-07,1.49892460134379e-07
0.000654916447780259,7.91141071945965e-05,1.41146714661427e-191,0.6962011427025,0.000255828599115729,0.299332307902085,0.000947279647913223,0.00252941059341175
5.34780326772238e-08,4.62876419786774e-144,0.000180902609200191,1.61380320659567e-07,0.0063223218009631,0.000230253516369157,0.763412819420249,0.229853487794866
5.65398569396625e-05,0.997229361748072,4.52111683334204e-05,0.00234928102842687,7.91544670515204e-08,0.000319521408602413,2.69337327445623e-11,5.60822522068214e-09
1.71186164732449e-06,3.82692161118451e-06,0.109541542780112,0.77397484716396,3.00221038408964e-34,0.113290091494236,0.00318431214165835,3.66763677568699e-06
0.000702328859601063,0.972096679910525,0.000266727000780821,0.018646781327101,0.0016622263615327,0.00662211078124564,4.9629592489467e-08,3.09612962116587e-06
2.66633526886895e-05,5.51022158247349e-09,0.47735380669815,0.00258968817469803,0.340488486669996,0.00249529351490343,0.160004525864932,0.0170415302144099
9.35162990996868e-06,0.0214190887080149,0.074874575690442,0.900691911428409,4.3904169563334e-33,0.00300427388605044,7.18322849884834e-07,8.03343242880242e-08
3.59258289635695e-05,1.68238319461175e-139,0.000278400331117539,6.11005570218403e-07,0.0121268777312192,0.00263986385302774,0.0168855049430439,0.968032816307058
0.000610051298906676,0.430464122196738,0.0693370628879271,0.00214182144437174,0.495919912051321,0.000783869266818083,8.85192921603384e-07,0.000742275660996168
0.000225480849473334,0,0.1028191317855,1.69596974227453e-05,0.00160002671384973,0.00285294892654914,0.552995833430681,0.339489618596524
4.62384683057297e-05,0.0302951563896213,0.010354086821611,0.946393612756787,0.00703042064986874,0.00587765915598629,2.29575965710657e-07,2.59618185386648e-06
0.00311360266385106,0.548480116718334,0.217591643272008,0.195887160674158,3.55147426787785e-05,0.0348777996250915,9.22422879232738e-08,1.40700615905636e-05
0.238323713094604,0.0138346586140425,8.67945898922594e-05,1.19241109636143e-05,6.90516237100492e-08,0.747683733517101,5.09453374537456e-08,5.90560764359987e-05
3.7644441341188e-05,1.51028620230847e-06,2.19704675526932e-191,0.120294233714253,1.30862769110166e-30,0.829813008255657,0.0435614967108652,0.00629210659168141
3.84500633129454e-07,6.3192793857248e-12,0.0168965690916603,0.00230516636681561,0.000670440880311195,0.00339252393988017,0.973721095213436,0.0030138200009446
8.92180130497518e-05,3.79365205044041e-135,0.870983896815633,0.0356465355829721,1.11764505785727e-34,0.090526964227707,0.00125555716070001,0.00149782819993857
3.23108673642324e-08,1.05339901179382e-140,0.00035620362214915,1.36727599208052e-05,0.927055232934082,0.000576589621665752,0.0361183168354979,0.0358799519158167
0.309816405590844,7.95821494014943e-06,0.366522083179819,1.40500092343403e-05,0.0036444851332454,0.0172758787339768,1.11937478333252e-35,0.30271913913794
4.48968809238922e-05,0.989283469958499,0.00373350840579451,0.00483795261484397,3.9985745197481e-05,0.00205700746409988,8.08033502260572e-09,3.17085030606356e-06
0.000143096316811646,2.04486090693458e-05,6.26780287611489e-191,0.00421838377624474,0.979151627685971,0.0151409533860388,6.749544307424e-05,0.00125799478278997
9.54889786281656e-10,0,1.65604626588271e-195,7.7995723114836e-05,0.000942908858374423,0.00118459328270402,0.985945150103128,0.0118493510777885
0.0022625471149373,1.84484008395701e-136,0.00511101910135605,3.11926315727579e-07,0.00057067574721658,0.00599281367816719,0.000573179137564985,0.985489453294442
0.599162284714164,0.000134902552567339,0.39244954634707,1.89002839128482e-05,3.37733835916128e-36,0.00763908274081176,9.33792127234857e-39,0.000595283361473755
0.991919013687381,0.00807724763362398,1.82834402670131e-06,3.70584148807381e-11,6.32989146750014e-11,1.0493542434159e-06,1.02748083949203e-46,8.60880367144328e-07
0.393528553883847,0.598402787098824,0.000162880244234658,1.49547092553247e-06,2.23966053461238e-07,0.00787050967933588,4.95712563062248e-41,3.35496567791638e-05
1.35351915115362e-07,0.00219769601135957,0.00175390415443571,0.991898529372512,5.32250555322375e-36,0.00414946817320037,2.64405449795927e-07,2.53112788309434e-09
1.1548478503139e-10,2.06915985394708e-148,1.71028078151161e-197,3.91722482305523e-10,1.77520780604922e-05,1.07145030269619e-05,0.979341123807266,0.0206304091044387
8.02474426204342e-05,4.4812323845131e-06,0.184679330355797,0.633287387349818,0.0376280126667888,0.121567133129454,0.0211377681291005,0.00161563969403679
1.56542771786925e-07,1.31355405760556e-136,0.0366247033998786,0.115021474304205,0.657910538118894,0.0443888001802047,0.143599752251946,0.00245457520209967
3.62840392914235e-06,2.63187520087311e-137,0.0120448544358601,0.0016816251011683,0.727393129908576,0.0117618872197266,0.0877252126758035,0.159389662254936
0.000101458923097066,0.000553237364067551,0.340619798486875,0.631974174216438,2.72681928657353e-35,0.0267444897764792,6.44368706224517e-06,3.97545981072977e-07
0.000839081864388932,0.0755807741489734,0.0192170627872545,0.843213639152038,0.000134888814012398,0.0610131329931397,3.85216723279935e-37,1.42024019346186e-06
0.000815275805971454,6.79908109442952e-05,0.000114818475446624,0.000574582819415703,5.12145887093692e-09,0.998399869256055,4.46422121822341e-06,2.29934894902616e-05
8.52710687020253e-09,2.97765991921121e-139,0.00967801361603131,0.000740087774716164,0.960178257170832,0.00107837278346606,0.0238169345087835,0.00450832561906379
0.0097182855762002,2.79811935974148e-06,0.0813731323138035,0.0283888934655134,7.42669122704479e-06,0.861838743116281,0.0168332843855624,0.00183743633205258
0.00210092014072563,0.714357555381574,0.00379352829847145,0.236125759162479,7.72130352716372e-05,0.0435409186465817,8.03142034090356e-07,3.3021928626031e-06
1.30441341047974e-06,0,4.72429850970819e-05,2.79552101865916e-09,1.39465726748564e-06,4.17794280533089e-05,0.00320008927021448,0.996708186450436
0.0112957365406265,0.152951515444859,0.0521103960432379,0.478536391571635,0.000180624175971347,0.30489914286421,2.96308393213902e-37,2.61933594600553e-05
9.40402620803247e-06,0.000639827213354817,0.255461785890551,0.524657506943934,0.00494482783414748,0.213621568760425,0.000105245053273688,0.00055983427810527
1.30162049208338e-08,4.3105352632162e-07,0.00867646269794118,0.944212037167769,5.46314153823421e-34,0.0385260150826729,0.00858464912253575,3.91859349626018e-07
0.00231358123027139,0.997680178326289,2.69412135727575e-06,3.77887952331068e-08,8.13098173255449e-11,3.4937236447357e-06,1.28396545318444e-14,1.47283199739111e-08
4.27011398708648e-06,0.00269324874185941,0.00131981332625525,0.960465235133906,0.0211754997872824,0.014312679576406,1.54652487790868e-05,1.37880715247107e-05
0.904794452712046,0.054098471860846,0.0228895238840547,0.000176780866152198,0.0037738830266431,0.0121497315431387,2.2528678767061e-07,0.00211693082033214
0.0952355466320429,0.208303898673521,0.663714000712909,0.00323066993420136,0.000185854748367872,0.0283477258892613,7.98732745419255e-07,0.000981504676951246
0.316481750755233,0.648392614459966,5.15320245322988e-05,5.90381751385374e-07,4.1996124331887e-07,0.0349713880158842,6.95150277410355e-41,0.000101704401389861
3.93470666896412e-06,4.6930113387339e-07,2.41957893633567e-05,0.010988985177537,7.12570084999065e-36,0.988784840885816,0.000195997873484252,1.57626599647002e-06
5.63736513986606e-08,0.000196897659595804,0.00915208234967615,0.980846747802978,7.17252792488426e-34,0.00979221105415204,1.19402566732067e-05,6.45032732296387e-08
0.000592243199776799,2.69347130226269e-07,0.97251029104505,3.50809734286778e-07,1.1453106359569e-33,2.96092208855187e-05,1.91814222038667e-05,0.0268480549552188
0.000142169946543968,0.994413195236324,8.04515483188782e-06,0.00280934805404148,2.05178389796146e-08,0.00262720535927011,2.03496442936936e-10,1.55276530433648e-08
2.3453299368314e-06,7.60029826742331e-134,0.0468016850469108,0.0211568754824333,0.931884582234753,7.78366109607817e-05,4.28813695625347e-06,7.2387158048766e-05
