0.00963666429545721,0.949620374150804,0.0364191330645257,0.00311218520124331,0.00121164328797022
0.00791275213468928,0.769366260831781,0.220892723645598,0.00132076222504832,0.000507501162883276
0.995483256191656,1.12774873563013e-05,0.00194614321867938,0.00255932310230777,2.85213178269602e-106
0.307873589031352,0.653959482301743,0.00181750739944648,0.0363476317685696,1.78949888908361e-06
6.79240844612784e-05,0.995494510306343,0.000787061631168098,2.58862238555281e-05,0.00362461775417254
0.0553521956945842,0.0609337092200102,0.880093435817111,0.00345030442124221,0.000170354847052654
0.000656666140343002,0.997281955013751,0.00138513919112476,2.58345449721467e-05,0.000650405109808916
0.932440475170876,1.9714278409217e-05,0.0337419956689009,0.0337978148818142,5.52768172000913e-104
1.54249083442296e-06,0.998736317857965,3.08573309677233e-05,1.27705385756972e-05,0.00121851178165762
0.00114239242928259,0.998837196638725,7.43502696424348e-06,7.6077657794586e-06,5.36813924839379e-06
0.480420669703743,0.0328622413701399,0.000597204458244536,0.486119871469292,1.29985797719218e-08
2.47266975423406e-05,0.0537419925923416,0.0536642282712515,6.37812448144312e-05,0.89250527119405
0.0027425728465939,0.93134590069839,0.0411428418886587,0.0165432905257907,0.0082253940405665
1.66332551879556e-07,0.00033917142698848,0.109683019181126,5.10254576586484e-05,0.889926617601675
0.0131055685959149,0.00703395336704532,0.43561045524192,0.543578402720237,0.00067162007488232
4.33195286362784e-06,0.999119734217884,9.89387684646411e-07,6.86448351688489e-06,0.000868079958050827
4.05360870275661e-10,5.07117645266854e-06,0.253741988285146,1.49916819986887e-06,0.746251440964841
1.4353467179086e-08,0.00148074809769678,0.0496444899701666,1.48413457789875e-06,0.948873263444092
0.00327035346192918,0.446919132127614,0.38362331495966,0.131340418852808,0.0348467805979893
4.1670329034049e-08,0.000229608790279266,0.276616131551553,2.59800619027121e-06,0.723151619981648
9.42712058242257e-06,0.877786804181033,0.000754045570908466,0.00055966539747539,0.120890057730001
0.90829884691931,0.034351523470739,0.0571179144758132,0.00023171513413778,2.77924463432939e-100
0.337323413315579,0.0966519533602168,0.000145943733264631,0.565878643739449,4.58514906216409e-08
5.56299472335665e-05,0.0233305877580463,0.851517700535221,0.000195430938557025,0.124900650820942
0.186263488135857,0.00160026481278346,0.444813511308567,0.367322581424348,1.54318445013807e-07
0.00614896391089863,0.00781175616164057,0.00142052904086364,0.984618526510406,2.24376191000516e-07
0.000935543846045781,0.0010797011944167,0.948867438773274,0.0429758180350232,0.00614149815124
3.76757863601323e-05,0.0172594411752734,0.969368650904565,0.000698445417729596,0.0126357867160719
0.973308895749523,0.0228433943261815,0.00318524237843584,0.000662466460503123,1.08535644436173e-09
1.99180474809351e-12,8.47309575137678e-07,0.000593313956299444,5.95233101044998e-09,0.999405832779803
0.00554796865283758,0.228356262187127,0.756626617744448,7.29009082509486e-05,0.0093962505073369
5.88508961976466e-08,0.986999357113631,9.2232698860559e-07,2.35261687401804e-06,0.0129973090916099
0.962594695338692,0.000131413108255446,1.72393395756718e-05,0.0372566522134763,6.12613030267929e-106
5.87744085935977e-06,0.999508521489081,1.02802322560628e-05,7.79753649194282e-06,0.000467523301311291
0.00796529151616484,0.00537743438449778,0.986308133731806,0.000331074227774011,1.80661397570409e-05
0.996352799788856,0.00305318764073884,9.13124585733304e-05,0.000502700111831867,2.64911962537573e-104
1.56288744005269e-10,4.63679702168026e-07,0.745757904680859,1.41330460087701e-06,0.254240218178549
0.00447189884426258,0.615730087642072,0.348676064653316,0.0258495001781926,0.00527244868215699
0.00186719440296052,0.885287676861859,2.53725230636335e-05,0.112671192107006,0.00014856410511102
1.09019226053351e-09,5.43978407042946e-06,0.256109452659989,5.08243350304029e-06,0.743880024032245
0.998480869191729,4.0036185846034e-07,4.36270801125815e-05,0.0014751033662997,1.55915016115745e-108
0.138526761479031,4.33036789651807e-05,0.0048039211530968,0.856626013149198,5.39708459424599e-10
0.854763540084703,0.00192767663445782,0.0236652160652799,0.119643562325774,4.88978479477155e-09
0.00565989587731892,0.808661568009868,0.0335806011002252,0.15192227332406,0.00017566168852766
0.110076030875467,0.0806711567394824,0.808723879908039,0.000448573671087465,8.03588059239933e-05
4.74352097939735e-07,0.998260039500621,2.96370146834786e-07,1.24277774017888e-06,0.0017379469993944
0.0211361966569413,0.899192042489128,0.0794479280237722,8.0708243146326e-05,0.000143124587012528
7.9938083634934e-07,0.999502760228587,1.6418042947537e-07,4.98195534973162e-07,0.000495778014612168
0.00339576748838206,0.970489771861179,0.0256266884549678,0.000237167907503589,0.000250604287967179
0.00271449539319296,0.0675901159628789,0.9230496148628,0.00529215824638677,0.00135361553474161
0.00719005310267628,0.0931260159962811,0.841220047527935,0.0031295052594458,0.0553343781136617
0.0697950592255828,3.52404784187929e-06,0.00292166084504484,0.92727975582101,6.05208227343035e-11
9.29998522689648e-09,4.41116718151359e-06,0.577554751183267,5.65316562027473e-07,0.422440263033004
0.0318207978800749,0.00204626272635406,0.000255446179612497,0.965877482015131,1.11988276822167e-08
0.0645908881922957,0.00144029705851003,0.00141935291612267,0.932549461833072,4.01365596683382e-102
0.000897305596455507,0.99389295788551,0.000437680379842344,0.00373154722321365,0.00104050891497882
0.00242997826901023,0.761330501273236,0.208009226472967,0.0264073455699287,0.00182294841485747
6.9944881744913e-07,0.00253695068113681,0.723825254837757,0.000129461865301753,0.273507633166987
4.81123118512002e-07,0.111807210430622,0.000887036639115714,2.83221669901889e-05,0.887276949640153
4.26358638522034e-08,0.984606424941391,3.25240904609558e-06,1.02808819793688e-06,0.0153892519255016
6.04976057774919e-05,0.302729772525524,0.236856580387292,0.0018567407631211,0.458496408718285
7.39830211346999e-06,0.999368210853645,4.92997921410799e-06,1.84929940693051e-06,0.000617611565620214
0.984758096395243,3.71809590339804e-07,0.0105215392388303,0.00471999255538621,9.49988895921448e-13
0.000652171407476403,0.944466161279719,0.0268587749307843,2.45364298640354e-05,0.0279983559521559
0.743873106660056,2.39430230351243e-05,0.0564180395308448,0.199684910332853,4.53211049465415e-10
6.54785568124932e-06,0.726975479453986,0.00306153849141378,6.3251218715785e-06,0.269950109077048
0.00843804770674568,0.980195169437804,0.000353870325367991,0.0109830060825131,2.99064475691442e-05
0.722413521600484,0.00012812608293862,9.74031070787605e-05,0.277360949209498,7.10218108658413e-105
0.0424101794244925,0.957199343241592,1.27532517761854e-05,0.000377221736563129,5.02345576012476e-07
0.0250022838603002,0.00450026443089339,2.39415377507184e-05,0.970473502094968,8.0760880477978e-09
0.0494147000884549,0.0138715711712522,0.00637556360832654,0.93033037218777,7.79294419651989e-06
0.000233672117459003,0.996862209186515,0.00171553075285671,5.78351095121554e-05,0.00113075283365753
2.80744415857138e-08,0.00187168564171201,0.157629351533674,3.54205837161801e-05,0.840463514166456
0.66325633187127,0.0155195742368722,0.00468092955384976,0.316542543416374,6.20921634653291e-07
3.09705269089418e-05,0.00198653741179171,0.702581575481001,0.000197610853246526,0.295203305727052
0.0501676267827647,1.37418107030289e-06,0.926329206301965,0.0235017902635752,2.47062432743593e-09
8.94318078891599e-05,0.0028424332893273,0.994399517387309,2.62088733701431e-05,0.00264240864210427
0.953403670232109,0.000130277437164629,0.0263241553902614,0.0201418968601906,8.02748418424943e-11
0.807129149344299,0.0401983117720735,0.121456941795082,0.0312154688765401,1.28212005741652e-07
0.992282425840222,0.000169040117239515,1.98273730884094e-05,0.00752870666749802,1.95156276550043e-12
2.31817638148744e-05,0.282506945695035,0.537619718582459,6.65800056959688e-06,0.179843495958122
0.673109958556325,1.83793128072724e-07,0.000778490896381821,0.326111366754158,7.13492439518287e-15
0.000530088794248464,0.0738757624437708,0.882847132505149,0.00627480150095237,0.0364722147558792
0.00783074024405829,0.000514460480355387,0.000113643373998057,0.991541155901588,8.55434040064632e-103
0.0159167393784605,0.000611827949616673,0.377897157973116,0.605573605377044,6.69321762431206e-07
0.326931894404613,0.0175516442378766,0.0775050688497053,0.578010618606765,7.7390103912776e-07
2.81325371628088e-06,0.999983742137703,7.61055660317713e-06,5.83405197799962e-06,9.44002615722239e-97
2.74675542236129e-05,0.999953736965778,2.21573353582431e-06,1.18168680112056e-06,1.53980596609823e-05
6.85198656016099e-06,0.874999128763338,0.0201444358465556,0.000333204438416829,0.104516378965129
4.01375402071026e-05,0.000939150127125764,0.950121734839466,9.74681469535584e-05,0.0488015093462473
2.4800374486183e-09,0.00329782612434513,0.000234632836111207,4.48721584579679e-07,0.996467089837922
0.98654759597527,0.000310123069499506,0.0129353206852113,0.000206960148849683,1.21170024500612e-10
0.180268132954163,0.780700175382177,0.0331727700946073,0.00585126881930661,7.65274974673408e-06
0.996812664373058,7.59818070417421e-05,2.39713885223456e-06,0.00310895668104793,1.26657041174458e-106
0.00504602522463327,0.406555521612034,0.424761026588061,0.030405223648702,0.13323220292657
0.00158343745296318,0.998355977157188,2.39511663928994e-05,3.35603873603951e-05,3.07383609604676e-06
0.188719717680552,0.0721423522771833,0.000113000260024669,0.73902489966259,3.0119649695919e-08
0.358534267620593,4.4657098134125e-05,0.498913082908128,0.142507986698623,5.67452133663154e-09
0.00316428853126648,0.000288554525109931,0.99615278667227,0.000389081912438208,5.28835891529922e-06
1.97232363136485e-06,0.327519807692371,0.0245334214714855,0.000226555044367166,0.647718243468145
2.38231149218497e-09,0.00424193199100269,0.00098027225282327,1.76469808268323e-06,0.99477602867578
7.07580220083732e-09,0.0182933287898908,2.76072102053828e-05,1.13757919724112e-07,0.981678943166182
2.06768537470914e-05,0.0405159128551279,0.874429956765931,0.0461867450702022,0.0388467084549918
9.13077882157087e-10,0.000872238777063781,0.000669330114410098,1.13508584917598e-05,0.998447079336956
0.00253554357463468,3.66419865004343e-05,0.0173045924580503,0.980122567415372,6.54565442922026e-07
0.011365405752958,0.932019424338233,0.0558133220651595,0.000686049760716858,0.000115798082932394
6.9309445726901e-06,0.0253654820131718,0.0644406648804761,6.19602010617217e-06,0.910180726141673
0.00189285319777323,0.00596291312052077,0.000543008305541141,0.991601225376165,1.2193135520248e-99
0.9147515090182,0.0520686249954287,0.00010169627092382,0.0330781606138748,9.10157215057402e-09
0.0167020526660605,0.0163537443880382,0.966643762726557,0.000101245915774055,0.00019919430357056
0.152157541024044,0.32714555699726,0.44545270147443,0.0752371257025291,7.07480173759164e-06
0.000306457578380788,0.999553907261763,1.70023169834401e-06,0.000112033117507784,2.59018106503077e-05
0.689653926432902,0.0257051584076307,0.0234670619449887,0.261164729704844,9.12350963535961e-06
0.00129977750629688,0.995817256746405,0.00241832899206585,0.000464636755232242,4.70653583153313e-97
4.61707905479372e-07,0.997499761502862,1.04584704856171e-06,1.50245117112874e-06,0.00249722849101294
3.39336963181239e-11,0.000386168061028654,0.00272305536208108,1.22464977823831e-07,0.996890654077979
1.27664687698934e-05,3.04308605367772e-06,0.976619738592268,0.0231963901324968,0.000168061720411362
0.0215940055817392,0.000133596919785628,0.00159179276931126,0.97668058444736,2.0281803584719e-08
0.000169297091870794,0.442204715348274,0.506227476213018,0.000372858163332693,0.0510256531835047
0.00186214521417512,0.206205263640724,0.00849559464681341,0.782865089324171,0.00057190717411699
1.3737008987734e-05,0.995145702085682,0.000188330493936357,4.81717320007978e-06,0.00464741323819311
0.000191267653154007,0.0061045595298561,0.989367354961442,0.000691227163747305,0.00364559069180059
1.19756104789813e-05,0.991297112439044,6.15112614457646e-05,7.8350480226511e-05,0.00855105020880472
0.00300150939561001,0.750804183446279,0.241461386110138,0.000107292560209738,0.00462562848776365
5.7684852288147e-06,0.318680304170364,0.0115406726696478,5.8884547293236e-05,0.669714370127466
0.777077300356679,0.000604172105214795,0.12464662346478,0.0976715854462476,3.18627078322577e-07
0.00293992175294398,0.385397491495484,0.607899772987253,0.00235348904007693,0.00140932472424239
0.796141838516278,8.33106985366449e-05,4.04825250581769e-05,0.2037343682593,8.27047931104126e-13
0.0350364162614154,0.00176908911738841,0.914637762658815,0.0485563924416038,3.39520777246422e-07
0.178587090634908,0.00397152586124516,0.110157973093898,0.707283410409949,6.69414974420674e-101
0.000744093048896231,0.957204790398361,0.0395199832668549,0.000843416526271312,0.00168771675961636
4.5717586722175e-05,0.000212488546267016,0.999044474791003,0.000226497578775378,0.00047082149723203
3.32835189445543e-12,3.01586708471717e-06,0.000780151880209598,3.66597031320189e-08,0.999216795589674
0.00127414956186198,0.23734730430723,0.689603918773293,0.000383255300386337,0.0713913720572289
0.00171674791734041,0.668685663250127,0.0824482303973031,0.0977048078900964,0.149444550545133
7.14333835332465e-09,0.00164478740903219,0.00297225041404344,1.80924252505054e-06,0.995381145791061
0.0381146368469114,0.794701347881158,0.000714335365592224,0.166467967981233,1.71192510583795e-06
0.00440054595217816,0.957193219947267,0.0272601893770794,0.00895717656056678,0.00218886816290886
0.000181143717381142,0.955358573900652,0.0234594407556673,0.000753881372081313,0.0202469602542181
0.0266730271359742,0.00132056021159858,6.2225429716671e-05,0.971944185470673,1.75203762878764e-09
0.00397170822011983,0.0458185362865615,0.943353079775481,0.00624517833088435,0.000611497386952849
0.0330676418777546,0.390161916067697,0.576518005271102,5.35605429264586e-05,0.000198876240519548
0.00149385326786287,0.781395239361646,0.0609114051594213,0.154454060025525,0.00174544218554469
0.0019689864221563,0.997656707936945,8.16808242557433e-05,0.00014585614721387,0.000146768669428616
1.18990984157502e-06,0.96840813952323,2.41813382136982e-05,2.34792150004245e-06,0.0315641413072149
0.00124025051100812,0.000371053875264211,0.996645453446118,0.00173610901691096,7.13315069915228e-06
2.31170520898012e-10,0.00023858437036228,0.000584903066389769,2.5573081083147e-07,0.999176256601267
0.0124396464688061,0.368490873836984,0.415691119135895,0.199045522984015,0.00433283757429889
3.19597573612601e-05,0.942969503645145,0.00041128223483893,0.0290938930380737,0.0274933613245811
6.25503595344475e-07,0.99878797168947,3.76147996181596e-07,8.89075702473627e-07,0.00121013758323558
0.00226466745270899,0.997325422132922,0.000377829124245752,1.12414426934857e-05,2.08398474295966e-05
4.58983714878626e-09,0.0035854096216072,0.00449074020354805,2.69937852376759e-06,0.991921146206484
0.371673015975845,0.0342736445765785,0.514940496314562,0.0790712291331196,4.16139998954905e-05
1.04764222490738e-07,0.000202396001187238,0.835123982067615,1.43573981741312e-05,0.164659159768801
2.95993374064279e-07,0.000932281604641866,0.670874625072435,0.000301307135568986,0.32789149019398
2.11621150182121e-06,0.998458325862936,9.64815236473626e-06,6.66454546683332e-06,0.00152324522773102
0.00115352141502509,0.137171205532582,0.858021504893173,0.0036537681592192,1.61457660728184e-95
2.3204744746469e-05,0.999537100873057,8.1100863823699e-06,1.98078087978917e-06,0.000429603514934596
4.47825785156762e-07,0.0837934336243607,0.0379062319064488,6.15690557163707e-06,0.878293729737834
6.65969564122722e-11,0.000107918140556913,0.000878583395908181,4.26783944636285e-08,0.999013455718543
0.93305886814527,0.0028400360238485,0.0616251058166914,0.00247555331708615,4.36697104506709e-07
0.0505628355311328,0.00351933442545699,0.00127834188168781,0.944639488161722,3.66622331509227e-100
6.34134197570953e-07,9.98327366358508e-05,0.998149568255198,0.000766747917347162,0.000983216956621581
2.25956020653439e-09,0.0121037063927292,0.00194869755507666,1.49112171056812e-06,0.985946102670923
0.00951733897842086,0.343950405268085,0.644808620552991,0.00122195085039388,0.00050168435010856
0.241783909139046,0.0289724983118827,0.719391605814719,0.00974970930350005,0.000102277430851481
1.61937235083793e-07,0.299136826966966,0.000126856106146659,1.15689558873327e-05,0.700724586033765
2.25861974413863e-06,0.964901583431282,0.000190841122346848,2.53401929401358e-07,0.0349050634246974
0.0266749519651462,0.965223432295175,0.00692854930288095,0.001061467400339,0.000111599036458795
1.45930844163447e-10,0.000629881592115559,0.000439067000696321,1.73223085118761e-07,0.998930878038172
0.0134197845859649,0.00220188672232425,0.9753772256051,0.00884298172332964,0.000158121363281088
0.455240569974606,0.0249108276411571,0.313958155159915,0.20588060261522,9.84460910298928e-06
0.999523621646406,6.9110013911879e-08,3.27032118022719e-06,0.000473038922399709,6.96585849618683e-110
0.0140360847373143,0.974952203024504,0.000481856982844872,0.0105129357970195,1.69194583167727e-05
0.0065899309317102,0.000175572825355799,0.366071085240448,0.627095083692355,6.83273101308427e-05
0.581899861217286,0.286001129953728,0.0970603071448819,0.0350310436968332,7.65798727039034e-06
5.6540443953166e-08,0.000321062813275869,0.185526552338581,0.000157136734074469,0.813995191573625
0.0253662929145326,0.882003087878689,0.0223599752603036,0.0700799627108563,0.000190681235618253
3.84918038502905e-06,0.0106075986331425,0.749951773187805,0.0006541952545361,0.238782583744132
9.42928828970551e-11,3.48591182400461e-05,0.000507831824981483,6.31769428369378e-08,0.999457245785543
0.000115756225684058,0.880245946968426,0.0356498331739235,8.44329579563014e-05,0.0839040306740106
1.15642192513043e-05,0.994056725306291,0.000131397480407884,5.83491463877986e-06,0.00579447807941147
0.000224501536947019,0.926339659145392,0.0235086229995604,0.000116986056301913,0.0498102302617984
0.0105209650610731,0.00220749352686961,0.0163656220469027,0.970905919365155,2.66761032992615e-100
3.06701994573335e-05,0.983042232986595,0.00148915701349656,1.66965757239923e-05,0.0154212432247273
0.006369988751628,0.969096966916462,0.00751245371189417,0.0169448238637266,7.576675628912e-05
5.86944516043055e-11,0.000738659628516492,0.00173327096340043,1.24522927285514e-07,0.997527944826461
0.00569328494063797,0.969448613241581,0.010422003843939,0.0141556928670471,0.000280405106795033
4.36514011092302e-07,0.99689231977763,2.58845149992905e-06,9.4332867262455e-06,0.00309522197013296
9.15708852306949e-07,0.00316597907515024,0.0424094345089612,0.00609172507404864,0.948331945632988
0.000260308586610394,0.934378345159939,0.061091220864411,0.000377767826256111,0.00389235756278394
5.82712019369117e-06,0.00676377404379957,0.42983422996038,0.106707903691421,0.456688265184206
1.50836611187697e-05,0.000130278904005249,0.999832664909903,8.13805221351659e-06,1.38344727595773e-05
0.0179391187796979,0.902278868499703,0.0394641481231301,0.037363842674789,0.00295402192268026
0.000426156563019192,0.990593789059486,0.00317190919958328,0.00259289215573075,0.00321525302218079
3.5785104235396e-12,3.61138905852942e-06,0.0107752609106109,7.58237539636861e-08,0.989221051872998
0.00148665114795788,0.92501817085342,0.0522727606615038,0.00492382992770915,0.0162985874094098
2.1736570530683e-09,4.70580127713116e-05,0.0525378333848502,1.86283535636511e-06,0.947413243593365
7.72967182573515e-12,3.26289495010195e-05,0.000347352261858124,1.39421177915999e-08,0.999620004838793
3.69872901492564e-05,0.618879160249605,0.101793583870499,0.000135439288157071,0.27915482930159
0.891221165219707,0.00707430482621501,0.100574720756292,0.0011298091977861,8.6057985515185e-102
6.08934737581303e-05,0.544695314590024,0.362782232625218,1.07875241940531e-05,0.0924507717868055
7.6753562166022e-06,0.985907699662517,0.000794752890355868,0.000169440737329133,0.0131204313535817
0.000117581285213725,0.92039334742304,0.0761656123971045,0.000424736660581608,0.0028987222340597
0.76863439130218,2.08167314834864e-05,0.00187207112412549,0.229472720836074,6.13750180219172e-12
8.20687537814813e-09,0.0513562899748495,0.000276420873210604,2.03681115221382e-07,0.948367077263949
0.0388112741906606,0.925049081892732,0.0359862465927639,9.23537443446851e-05,6.10435794990001e-05
4.20648452198862e-05,0.301241974016133,0.00649432092747998,6.20539232362663e-05,0.692159586287931
0.668668281062559,0.274307029438395,0.0174634215520893,0.0395607228666232,5.45080333478615e-07
3.30170138830378e-06,0.994289742737304,0.000236465392928356,6.62411616891192e-05,0.00540424900669003
0.1475156857101,0.00254100693901261,0.112214030005657,0.73772890288553,3.74459700164945e-07
6.55519739257667e-06,0.345711514104289,0.00774317192485209,0.0417389888426963,0.60479976993077
0.897759520774079,0.000278259269476047,0.0618049559108083,0.0401572640456369,9.38838761401583e-102
9.67170911612185e-07,0.772055984678156,0.0044142189351772,7.69420657301984e-05,0.223451887150025
2.61873208031242e-06,0.507624278275988,0.0619951214424549,0.000510864048864537,0.429867117500612
7.20240982710665e-07,9.79197490927226e-05,0.990443397519886,1.84037160440388e-06,0.0094561221184345
0.00470907152354357,0.843740558600526,0.0576050152099986,0.0918350839436834,0.00211027072224856
0.955551355741871,0.0138167264251148,0.0261344661917568,0.00449743889879788,1.27424594818678e-08
0.0462166912059207,0.551125513597273,0.343048280433625,0.0587440539128827,0.000865460850298826
0.177210555097682,0.00688752973285282,0.00236211244846926,0.813539572771505,2.29949491027226e-07
0.00123021517933477,0.00851947998265399,0.988064780717441,0.00168733596166247,0.000498188158908233
9.38376349288726e-06,0.878592914632653,0.0186640062059627,0.000362771868970165,0.102370923528922
0.000191952586988608,0.897988519927004,0.0652672249641752,0.0302599129060222,0.00629238961581012
0.997567386926903,2.46420460217935e-05,2.26865713418987e-05,0.00238528445573321,2.2466508360427e-106
0.0180074681706028,0.0216489043844202,0.145494605563632,0.814712686083639,0.000136335797705971
9.95606982376172e-07,0.00401130798773878,0.956645455724256,0.00170835672192469,0.0376338839590982
2.74122762173774e-12,2.00176390600175e-07,0.0241357373381336,6.97447476753723e-07,0.975863365035258
2.36598207627182e-08,0.000403448723619372,0.047344011109056,2.46879113218008e-06,0.952250047716372
1.50150915979217e-06,0.998792807603103,5.15311943561944e-06,7.18292666677124e-07,0.00119981947563499
0.999174531207724,1.00422422977613e-08,7.42693915973688e-05,0.000751189358436688,4.9414918622234e-17
0.387589605713572,0.553268157998921,0.0552097562988498,0.00393089572790864,1.58426074832193e-06
0.68133500835671,0.307572552658792,0.00263129710794588,0.00846016751209152,9.74364460650186e-07
0.221310227633905,0.0835418281685515,0.00718252191996253,0.687964924300167,4.97977414292355e-07
7.70188231778606e-05,0.927065902811587,0.0228740424678511,7.87977376525535e-05,0.049904238159732
2.97701918782576e-05,0.944411022069194,0.00583479057246422,4.25564164123015e-05,0.0496818607500516
8.93242779415543e-05,0.00379176270449267,0.992166173476522,1.53853857117337e-05,0.00393735415533236
0.822685132178706,0.0843549614934377,0.00236408457290996,0.0905955769744792,2.44780467498429e-07
0.271002956888225,0.02024162745133,0.706855489369151,0.00189880620685484,1.12008443865337e-06
6.33145829738731e-05,0.974865211625854,0.00180921977182956,4.994038040892e-05,0.0232123136389337
0.0068598853234907,1.95180351577988e-05,0.0247429173686244,0.968377679272727,8.06081619529185e-102
2.7954718601324e-05,0.965052712131551,0.00353507651974754,2.32678884493406e-05,0.0313609887416506
7.88976633542386e-05,0.947710297283359,0.0209646591029174,0.000661833834221097,0.0305843121161477
0.261274608467271,0.736390848425612,0.00229120806644,4.31000084233505e-05,2.35032253674639e-07
3.94994313788376e-12,3.0512671924228e-06,0.000173393384371633,5.62482898662184e-09,0.999823549719657
0.00736744435862968,0.98913951465241,0.00322471666491429,0.000248545430726441,1.97788933197539e-05
0.00042830625462265,0.0555027979762975,0.936000226074335,0.00330408144865986,0.004764588246085
3.4382775151686e-07,0.0051467378514,0.21315560953243,0.000205140172501434,0.781492168615917
6.71220530946191e-08,0.000457537053116065,0.0597557620075903,1.55895922268415e-05,0.939771044225014
0.000670152450157799,0.971946097701854,0.0238828515526281,4.03067189874473e-06,0.00349686762346106
5.03019017840103e-05,0.999781822039559,7.82866195297493e-05,1.60810514660465e-05,7.35083876608222e-05
0.00425279748963095,0.000146765831665105,0.253244296228253,0.742355133346097,1.00710435385997e-06
1.4456474920573e-08,0.0337640021845522,0.000690779925156107,9.42266148621516e-08,0.965545109207202
6.52963997304381e-05,0.963435820070091,0.000327833673208157,0.033084162829316,0.00308688702765426
6.07658195072042e-09,0.000268177789698667,0.164883552575574,4.87800881577424e-05,0.834799483469987
3.2830680098351e-09,0.000830822512568326,0.00804392774833326,6.06012275828206e-07,0.991124640443755
0.0015883261296829,0.948083318523443,0.0246160543827031,0.0176969971156107,0.00801530384856018
0.933496134125646,0.0592431245463061,0.00234174499605575,0.00491873251188076,2.63820111062257e-07
0.0339588495718875,4.15095395871859e-06,0.0014764065441677,0.964560592898298,3.16877777846335e-11
1.3686029865929e-09,0.000680151550870698,0.000258093038524723,2.69699709808575e-07,0.999061484342292
0.00403580139261851,0.994728167689085,0.000460464423810612,0.000775566494486255,2.39667932483867e-98
4.68045653499705e-06,0.00379383043383927,0.866494262357049,0.0149759678828195,0.114731258869758
0.0610227636826434,0.00159068804785238,0.000323666981099649,0.937062858805708,2.24826966499324e-08
7.58546104334883e-05,0.999884289086725,5.22041288587777e-06,2.38927913017871e-05,1.07430986538093e-05
1.53220446072777e-06,3.95095333805812e-05,0.0553538490869411,0.943946825737887,0.000658283437330567
4.47185138483052e-05,7.30757280834457e-05,0.998960954149218,0.000441872493040736,0.000479379115809851
2.76917353101121e-06,0.973546393010996,0.000458659551024354,1.21108812680691e-05,0.0259800673831804
0.135714911422298,0.00175525228076496,0.656716736004605,0.205799791407746,1.33088845849457e-05
2.17520579744116e-08,0.995842327709715,5.34075009436618e-08,6.41636276907365e-07,0.0041569554944489
7.4035692705948e-06,0.967835997427301,0.00492881925356454,0.000106609009521403,0.0271211707403422
0.00118028621464218,0.997806491390884,0.000802560823382403,3.79379561336322e-05,0.000172723614957852
0.0213303924573687,0.977934021921136,0.000723595715283992,1.10775978624817e-05,9.1230834849265e-07
0.00492068075618654,0.00576624284498631,0.921649934320205,0.0667910834902494,0.000872058588372615
9.31081691143682e-10,0.00172481008961462,0.00178707629636483,4.10290031904531e-07,0.996487702392907
0.966312789623946,0.000225726858710484,0.0162897295051881,0.0171717528810577,1.13109739820748e-09
1.01020392489917e-05,0.998922781415116,8.1093792397205e-06,2.09704030290941e-06,0.00105691012609236
0.993828594944949,1.3137714696476e-05,6.89978567597486e-06,0.00615136755467883,4.9772671681827e-107
0.000103835344300088,0.9077494359107,0.0307186771715097,0.000261092842101537,0.061166958731389
0.000323765802462964,0.252506601243855,0.362949127068683,0.00692417104766992,0.37729633483733
0.0030652845092629,0.00423738913492622,0.984496395143923,0.00819482443573981,6.1067761482625e-06
0.00169658614984769,0.997587692200469,0.00039545143516407,0.000202702449554135,0.000117567764964942
0.00181339423996521,0.28350228310146,0.711215359617983,4.36902433769863e-05,0.00342527279721428
0.867542705455478,0.0705625624173613,0.0277686455616919,0.0341260865654692,3.04665914661572e-100
0.00192962242169502,0.838806359983213,0.0981388293153528,0.0569263809887215,0.00419880729101802
0.705533819826238,0.222799607208731,0.067012045751244,0.00464722650258516,7.30071120210575e-06
3.38923758491151e-05,0.229196313795077,0.150677005500251,0.000159068822823388,0.619933719506
6.99208772772035e-06,0.871152809879474,0.000263873769484524,8.26498104084582e-05,0.128493674452906
2.23450241433499e-08,0.00201409702365097,0.0843402424706227,1.80740702174175e-05,0.913627564090485
2.18139591993508e-10,0.0087681010443866,5.81568605351756e-05,3.61744956620172e-08,0.991173705702443
3.34796562274937e-05,0.000468543975516603,0.998773959693422,1.06110750966604e-05,0.000713405599737411
2.95701474731555e-06,0.448947542650256,0.00349239786577278,5.28342689935575e-05,0.54750426820023
1.23710987711999e-08,0.0495305494545189,5.23875603772854e-05,5.50867579960077e-06,0.950411541938205
2.9628087946687e-05,0.0773049295192161,0.181673046332244,0.0195611213728427,0.72143127468775
6.44111647642642e-05,0.00579558037774412,0.990113568155404,5.29916607448944e-05,0.00397344864134239
4.69146733875206e-11,5.10550484627739e-07,0.0942502688240575,1.72322405801263e-06,0.905747497354485
2.06420038005674e-05,0.99877090512913,0.000151586123642992,1.32881758476847e-05,0.00104357856757897
0.00194849098535166,0.000358178523416189,0.99757686852743,0.000116461963802076,4.25220312340967e-99
0.000827750220870869,0.771309116068539,0.000419021641507589,0.227119042439013,0.00032506963006947
1.4231517249073e-06,0.000241808039152606,0.84605858492672,0.000163369165350479,0.153534814717052
0.706724684297959,0.17587765261898,0.116039517752205,0.0013495789368784,8.56639397836328e-06
2.45641649975416e-11,2.96310614298713e-05,0.00378742225863292,5.87769249246953e-08,0.996182887878448
0.00178492676067146,0.0043195110210811,0.123631864725275,0.870161211481956,0.000102486011016834
9.05458148063507e-07,0.364596190494667,0.00439869237326273,3.66848815206113e-06,0.63100054318577
8.63848005016571e-06,0.745666913631834,0.000906012925744454,5.30981658718388e-06,0.253413125145784
0.000288196511908916,2.60582034790504e-05,0.00319574418317026,0.9964895123031,4.88798342205367e-07
2.07725144925634e-05,0.997479734011188,0.000277217731236168,2.33240025046868e-05,0.00219895174057886
0.954906332129379,0.00872617975014401,0.000153364031928239,0.0362141208969942,3.19155461388354e-09
0.277284238509479,0.672991675206293,0.0021843688553872,0.0475384513245366,1.26610430411381e-06
3.54280007302793e-06,0.0825042179465845,0.00191281350428285,2.66910987567728e-05,0.915552734650303
5.17924711298915e-08,0.114818626255803,0.000283364774344901,3.30561587697106e-06,0.884894651561504
0.000152542593743052,0.976154871304335,0.0113239810029436,0.00369656249042475,0.00867204260855402
1.99293250570827e-13,3.03569379166233e-07,0.000207195058525107,1.97060811540644e-09,0.999792499401288
0.000202771580480009,0.985793234037486,0.0098730191143722,0.000388664479446502,0.0037423107882151
1.42313092033391e-06,0.908780223047534,0.000529168527876763,2.75755883498308e-05,0.0906616097053193
0.000867084940888353,0.996417769204531,0.00189761820531623,7.12496721588608e-05,0.000746277977105885
7.44129615288693e-10,0.00031717401291065,0.00739161223305884,3.76591413872061e-06,0.992287447095762
5.56435453123623e-05,0.000101671333782503,0.99980468546224,6.35970650811511e-06,3.16399521565933e-05
1.29209284539399e-08,0.00242239048316784,0.00408137954243581,1.28029606001385e-06,0.993494936757408
3.29167343108472e-09,0.000966963523103542,0.212572923023773,2.9633214912165e-06,0.786457146839958
6.65302229410254e-09,0.00109757772474092,0.016229431174254,8.97117622580186e-07,0.98267208733036
1.88641278067224e-05,0.0155767715593057,0.963157533163464,0.000179347207936473,0.0210674839414867
2.83867736792621e-05,0.999739825176643,0.000135082673618269,3.62905996101441e-05,6.04147764490451e-05
1.65995831601074e-06,0.00162898484305056,0.996713337301148,0.00165601789748513,8.53700906398376e-95
6.75260805975786e-08,0.0618828736622562,8.07952775328364e-05,2.42682414530609e-05,0.938011995292677
0.0229757635754778,0.00115876178691668,0.931305028767876,0.0445269200535639,3.35258161660024e-05
0.00338526470737992,0.735304636758551,0.240734271185568,0.0184038415252681,0.00217198582323299
7.72398433456321e-05,0.000792475313984528,0.997039777693821,0.000342019787195349,0.00174848736165298
0.000167591020232427,0.966207865570797,0.0133397802464228,4.29109398110512e-05,0.0202418522227365
0.00075836739744116,0.0969436935828028,0.88652372977016,0.00183841687047875,0.0139357923791171
0.00100419609969069,6.32664951711561e-05,4.2889880755766e-05,0.998889646973828,5.5055482226554e-10
5.04591022273917e-07,0.999427859342763,1.26140416485609e-07,4.16975833054948e-07,0.000571092949964834
8.67132263147797e-08,0.00176006277574196,0.301098568374521,7.84626997213891e-06,0.697133435866538
0.00923311951525495,0.13883610258584,0.595365584207266,0.231816661060915,0.0247485326307237
2.5138998485629e-05,0.0341404802524876,0.847215938444522,0.000290269207746266,0.118328173096759
6.90357807925998e-07,0.786728793007881,0.000246766846237529,8.0444774745583e-05,0.212943305013328
0.998406802997971,0.000471494104481034,0.000127172763019776,0.000994530130442973,4.08536775984567e-12
2.09476457991637e-06,0.00211953617526591,0.876314314482275,0.00316401884460433,0.118400035733275
0.0042877205252417,0.0182921929732946,0.970108294905247,0.00724940209704247,6.23894991739262e-05
0.000605337527536963,0.000106983273032776,0.00150334887451358,0.99778380371655,5.2660836651905e-07
1.27061892151413e-05,0.900076877241144,0.0284365797792644,1.64205884041269e-06,0.0714721947315357
3.21970399667705e-08,0.0265631386596789,0.00933544870653024,9.9680263482673e-05,0.964001700173268
3.19222622922185e-06,0.996779934755877,0.000195110983192638,8.52726392328088e-06,0.00301323477077809
3.55093227881031e-05,0.945988133709574,0.0191500150886279,0.0033859849984055,0.0314403568806047
3.08667211703552e-11,8.71149191684508e-06,0.00118107289356165,3.55299081911582e-07,0.998809860284573
0.0917606493782127,2.92636386109876e-07,0.00125414987964084,0.906984908105019,7.41269948068978e-13
9.93299593599826e-05,0.0226777611763517,0.830354997201231,0.0230655856941305,0.123802325968927
0.183314808128912,0.622304757298313,0.193561641528427,0.000809290632622015,9.50241172654938e-06
0.0159291161735916,0.748755339071603,0.0198679528173436,0.208126180172649,0.00732141176481302
1.26267187885792e-05,0.849610603147491,0.00522769392183938,0.000483803992222564,0.144665272219658
0.781689931788498,0.0497572922292139,0.0325480515828827,0.136004724399405,1.06790073058174e-99
1.29000137139791e-05,0.997886520020091,1.2148786721834e-05,1.76761234284152e-05,0.00207075505604487
0.0149639080106271,0.920988886178949,0.0451171419990529,0.018664318631738,0.000265745179633199
0.0107773479768139,0.725891879903049,0.258486603916559,0.00331012424651482,0.00153404395706338
0.778879054524778,0.151858040458933,0.0628978490922174,0.00636337647687848,1.67944719379773e-06
2.45295092859997e-06,0.333730334101802,0.119711478528653,0.0027979952178367,0.54375773920078
0.00543866723180856,0.980023477658573,2.06777126219385e-06,0.0145221226210473,1.36647173094067e-05
2.34571942952207e-11,3.1909045402535e-06,0.00245817026338286,2.79643140899352e-07,0.997538359165479
0.926395525458066,0.00226766436218579,0.0150860756991571,0.0562507297169851,4.76360551845652e-09
0.974222873178243,4.5594019368032e-06,0.00110212175284329,0.0246704456664645,5.12177690434191e-13
0.0168317551559732,0.944466542586238,0.0362667743576588,0.00207445471670922,0.000360473183420684
0.000231516764987332,0.999615150984898,0.000146451069031531,6.88118108276846e-06,6.88483266407616e-98
0.224987659538033,0.0357180791259305,0.0506464459548279,0.688644528085761,3.28729544776034e-06
0.965110454303396,0.00686233777241243,0.00463166104163815,0.023395546882553,1.24251778976252e-101
0.0391933287735154,0.000151176265098996,0.370647989157356,0.590007505804029,7.81409298932709e-100
0.000349172897598219,0.987128041738453,0.00479288851988863,0.00190099769736349,0.00582889914669684
0.0150814874229381,0.983242775499215,0.000391220069176978,0.00128169391438821,2.82309428144971e-06
0.000750305879881589,0.00169328313055785,0.985030648124788,0.0109615898153069,0.00156417304946572
2.31797379402432e-08,0.0115038060557702,0.0330718547147201,1.14160504857132e-05,0.955412899999286
3.72386647206623e-09,0.205111729702416,7.88358484735976e-05,7.09928341998152e-07,0.794808720796902
7.86322898346378e-07,0.99901682855571,2.71118581181881e-07,4.41084163564976e-07,0.000981672918646979
1.00010251270443e-06,0.10328190938605,0.0596580854886359,1.69756175242733e-06,0.837057307461049
4.81939624778332e-08,0.177229882363485,0.00651788733127698,1.23753445889448e-06,0.816250944576817
0.964359621872546,0.0169416493497705,0.0171837588860706,0.00151496442362391,5.46798860106014e-09
0.000130780425220333,0.00669670363888969,0.813906904671325,0.178622798047528,0.000642813217036685
7.59486197683421e-08,0.895726258231639,8.09994660535292e-05,1.70647399598856e-05,0.104175601613727
3.33174172668136e-06,4.66366370885644e-05,0.997268621402592,0.000347502788894298,0.0023339074296981
0.995814415822936,4.90005459507075e-07,0.000131993599925889,0.00405310057167866,3.29095699866999e-108
1.10745006648006e-06,0.158259312668197,0.00516984207099993,3.02061639478381e-06,0.836566717194342
0.239087279339294,0.0352874078158105,0.578716583609803,0.14690734326023,1.38597486215255e-06
0.000201037197880967,0.941205877310954,0.0130728687459304,7.06096586364462e-05,0.0454496070865982
0.0688407332105468,0.00611412247629147,0.000932143797719092,0.924112966031465,3.44839771634038e-08
2.45731841713108e-05,0.967780252028052,0.00177503437087433,0.000154997894776368,0.0302651425221256
1.73905309124797e-05,0.810929734522098,0.0169807763787588,0.000220867531175346,0.171851231037055
0.00169885340985975,0.981204983957247,0.00660648333160131,0.00666902801433686,0.00382065128695513
0.163459258321531,0.398365373381927,0.400625574212897,0.0375297394002258,2.00546834194967e-05
0.0015722077352158,0.119255383915203,0.0543658772357421,0.82437802175762,0.000428509356219123
6.52838554480573e-06,0.265273808283067,0.022703638715217,0.0120358281477801,0.699980196468391
5.36716368773782e-07,0.987189997253571,8.96766179629145e-06,3.10768552061598e-05,0.0127694215130576
5.34588448244372e-09,7.87049307272131e-05,0.0336716476085333,7.63601007869228e-07,0.966248878513847
1.30848733170122e-08,0.000179814313031324,0.0141254684776785,0.00183208730341784,0.983862616820999
8.08154306442814e-10,6.51599170155646e-05,0.00981033159422143,2.49935996131249e-06,0.990122008320647
0.00204952016715291,0.997848729183962,5.25759306195432e-05,3.94855246026715e-05,9.68919366313766e-06
1.11837088434099e-09,0.000190042133671346,0.000286268069253569,3.11987120631439e-07,0.999523376691584
0.000307495355462365,0.877200181911676,0.0210510316434714,0.00227104308665431,0.0991702480027361
2.07415624063868e-06,0.944879972461785,1.65572839010117e-05,6.7158944422591e-05,0.0550342371536509
7.83664688397747e-08,0.153699138827287,1.75390664598417e-05,4.23372607709557e-07,0.846282820367177
2.0206889813996e-06,0.99869795847249,5.39255253677644e-05,4.33524606759506e-06,0.0012417600670929
0.0404948975083377,0.0146503688353415,0.00109666078365747,0.943757884650235,1.88222428473704e-07
0.000293828097105496,0.00265698342139147,0.0474225166568247,0.949590169154462,3.65026702163266e-05
5.94435295078104e-07,0.136671881633153,0.00531864939606795,3.5943258867294e-06,0.858005280209597
0.0645833318778712,0.489835401618755,0.400514608731847,0.0448900692640869,0.000176588507439994
7.41691956735152e-07,0.0319564905344304,0.314795060314275,0.000126943138820477,0.653120764320517
0.992450926026278,3.86663410410955e-06,6.35553672060087e-06,0.00753885180289682,2.14358729965743e-107
0.180587295265955,0.00535867112959831,4.10677859955816e-05,0.814012965818451,2.09996895151834e-102
0.463425125836654,0.232968907518023,0.121568507165801,0.182034632682076,2.82679744627165e-06
1.4260281798001e-05,0.993966432944075,0.000422969647213498,0.000469381293404953,0.00512695583350837
3.28926122358716e-06,0.30912227617354,0.0805899078115954,6.20031374529739e-06,0.610278326439896
1.14088982278993e-06,0.990309801721334,4.85821245472657e-05,3.76871428022354e-06,0.00963670655001543
4.4062587187066e-09,0.00126067461746168,0.00270566813630711,4.73468616243833e-07,0.996033179371356
