3.24521457033804e-05,0.094190336781326,0.0649665442979102,0.508877190969145,0.00126626806747177,0.00399657586895297,0.32666873682947,1.89504002135558e-06
0.00199913630870106,0.275404295893499,0.0636350985101125,0.334971488445688,0.00118769199915329,0.21748855208766,0.105300908094383,1.28286608029842e-05
8.97374150617405e-08,0.00215076142485693,1.41949768398866e-08,0.0282677439536657,0.91435024479421,0.0552202306352401,1.09152596355487e-05,0
6.93568874124389e-07,0.000145491236343948,0.00019341619652956,0.00719065887275203,0.00134993496114262,0.000696504783064865,0.990423300381293,0
2.21562613577212e-05,0.0102183118181956,0.97573691163147,0.00978399845151121,2.24522902105435e-08,3.40891377749736e-06,0.00378652918354938,0.000448661287848737
0.00149258500378883,0.0672151221778729,0.00109394449168216,0.924646502396686,0.00189512670304882,0.0034325455807762,0.00022417247554142,1.17060338133996e-09
3.66509519558013e-05,0.574028516837148,0.0440472240044149,0.379264711192333,1.40822125653003e-05,0.000316445042598369,0.00229185533578912,5.1442319638624e-07
1.43639894106246e-11,1.28772003657465e-05,6.73710711702852e-13,0.00133931364734184,0.998427373359753,0.000220357880298286,7.78972037424376e-08,0
8.46266277009232e-07,0.000408341662482519,0.995192188261944,0.00346936695525306,1.34445607700121e-10,9.34148596180504e-07,0.000629855085098031,0.000298467485904098
1.06313363510657e-07,0.000130355889990301,0.132811278255939,0.501747767051887,7.13409737811771e-06,2.78845987014792e-05,0.365275339858015,1.33934726119728e-07
1.21073272865389e-08,1.45721152538036e-05,2.52533448393173e-06,0.0244672956676416,0.0319136948538432,0.0088672846937611,0.934734615227689,0
0.00472506872176841,0.956588270303624,0.0208807337266551,0.000922793277577175,7.25780945542621e-07,0.000357898117282956,6.86266514460696e-05,0.0164558834207008
0.000166437304044417,0.744085550227421,0.0545197042388587,0.0958103341072029,0.000720204007753417,0.00452538065261697,0.100172389462103,0
0.0243936810717427,0.958260842915016,0.000329444278352673,1.72504929712266e-06,4.12395542967584e-06,0.00223428300693402,3.11578197919377e-05,0.0147447419034359
5.90934984852899e-07,0.205284365669095,1.04289053875757e-08,0.00142970676642343,0.764957041431913,0.0278632284400004,0.000465056328677693,0
2.64285390028068e-07,1.69213165041188e-05,0.192162857265421,0.0101948482503954,8.12154952059485e-08,8.28420617626315e-06,0.796042835664014,0.00157390779660439
0.996630792604691,7.52366872414977e-05,8.40131283492674e-08,4.50082973167764e-12,4.13997583636452e-12,0.000134078794647777,8.48847224196351e-10,0.00315980704280333
0.971144241878678,0.0219931200324839,1.06137592359745e-05,3.91558250844093e-09,9.64627253568418e-10,0.00020869127138487,1.58099021155519e-07,0.00664317007898621
0.00182398699669544,0.0402252929734503,0.00062224708613033,0.00442953288422592,0.00152900692156157,0.152040275369173,0.799329657768763,0
0.769973069271829,0.132552111260431,0.000468147011480935,0.000290283593516529,9.07281233975711e-08,0.091271758325243,2.60972796187012e-06,0.00544193008141378
0.000158278802283633,0.00102540721537924,0.896797917245469,0.000858039659475362,3.3361320454014e-08,5.1798143843517e-05,0.025841891449914,0.0752666341223141
1.20030986124855e-05,0.30228091916448,0.000159900667586337,0.52154366636171,0.15291958134566,0.0183938404732481,0.00469008888870272,0
3.0874027675911e-07,0.000250411673598663,0.00207129797506875,0.282447923139713,0.0103961390748426,0.0126641897999157,0.692169729596584,0
0.00341150870880105,0.994714527195694,0.00145443954418352,0.000178553442563448,5.0217435851347e-07,0.00022650987038543,2.41443904034501e-06,1.15446249741141e-05
8.48408815506395e-05,0.0186271230060268,3.63060405669324e-08,0.00118721087320871,0.74202829948125,0.216469714595908,0.0216027748560158,0
7.01774078673946e-05,0.000510468875556052,3.31662061438679e-07,2.55009552858427e-05,0.0114537347659811,0.889377108030853,0.0985626783023956,0
0.0041030414306618,0.988424618434867,2.95064764564328e-06,0.000211990910638731,0.00164038972223512,0.00541826957788768,0.000198739276064521,0
0.0187026414571012,0.91531427986667,0.022046831742406,0.00581491388889817,3.7429623363528e-06,0.0378102367485157,0.000282249122659057,2.51042114138301e-05
3.51622924857409e-08,0.000817202663601224,5.50280415775629e-06,0.985037375232514,0.00873744984069268,0.00247161710829332,0.0029308171884484,0
0.0611835044169093,4.29983761725585e-06,2.17808686150407e-07,1.39671745555843e-13,4.36357132520818e-14,2.24979229037006e-06,2.9899332862944e-10,0.93880972784532
0.00562879571784543,0.946202191432116,0.00124243163589663,0.046663404141484,1.19211652588692e-05,0.000216078079447485,1.84979985468218e-05,1.66798294055483e-05
2.02464922321832e-05,4.45788473881332e-06,0.427355482320535,3.80690967160693e-06,5.47660932817244e-12,3.9443282747628e-06,0.00113669611798008,0.571475365941091
1.21211921939506e-11,1.37448893349646e-06,2.53199514838875e-10,0.00881126238897088,0.990332729839422,0.000368608066296032,0.000486024951056615,0
1.08046081312773e-06,0.000109873539888004,0.98330646360768,0.00465074884975516,1.60463869392627e-09,1.32039706364723e-06,0.0119234316506284,7.07988953322141e-06
0.00485490999065859,0.958155400656945,0.00116594363936334,0.0129616084107554,0.000508457133336098,0.0164220596624212,0.00593162050652067,0
4.68822297807914e-08,0.00035783990039903,0.000488917626040278,0.983576068326302,0.00820761378567652,0.000122174087267409,0.00724733939208537,0
0.999973573488506,6.94206838242368e-07,2.95616083342528e-10,7.58536779285371e-15,1.4269467912618e-13,2.2382808462002e-05,1.93225388654136e-11,3.34918110467482e-06
2.82899170339404e-05,0.724520060421655,0.00148286532447667,0.211037246838503,0.00159505030440359,0.04659951538061,0.0147364639295925,5.07883725224788e-07
2.48781614002687e-09,6.80600657091544e-07,0.00173068486216621,0.00253823635448122,6.4444040090036e-05,0.0001784877684159,0.995487463886373,0
0.996153036187157,0.000151153177304201,2.5694726472294e-08,3.03401871253296e-10,2.06029354099539e-10,0.000304815901190202,2.06230632386694e-08,0.00339094790712761
1.20638727782237e-12,1.58947946666317e-07,2.20586442512123e-13,0.00053933908612322,0.999234810129015,0.000224589237316527,1.10259817168635e-06,0
1.00479702579556e-08,0.000108873617074645,6.3353381411038e-10,0.000147141964200334,0.94708955325762,0.0495012723938324,0.00315314808576895,0
5.25269227409873e-07,0.0137402115991662,5.53316537936e-07,0.0945644434814214,0.890363622324123,0.000738418126143472,0.000592225883381146,0
0.0398093946250591,0.0099818168656142,0.0266617728741174,9.83491358580208e-05,5.42616611676611e-05,0.0878018759188671,0.835592528919317,0
0.000594446675043634,0.701138957409136,0.00250923953546118,0.0159488548940758,0.0614656672808918,0.0820561304607054,0.136285967525595,7.36219090801005e-07
2.49587055940381e-08,0.000180135312709786,0.99469077495681,0.00161920085691708,2.98115489892277e-09,9.25595235001885e-07,0.00314933666667477,0.000359598671792607
2.59248006112374e-06,0.0229829932843665,0.0027408319080384,0.974227197014769,1.59695753755088e-05,2.47780304347041e-05,5.63768669210729e-06,2.02627517810568e-11
9.23518045391318e-09,6.1161809639072e-06,0.996747202903352,0.000480753602042287,4.74660998782279e-11,8.00250803529912e-09,0.00164873193594955,0.00111717809253805
1.318634503076e-05,0.954500277317268,0.0212469237721792,0.0232483934113388,5.63942827032346e-05,0.000260888834700974,0.000663353049265169,1.05829875138327e-05
0.00153865447828342,0.000717729902273582,2.29684214707657e-06,0.0105427469803369,0.000360614524590219,0.978384144585097,0.00845381268727192,0
0.00976281102470071,0.925286880142015,0.000308117608716003,0.00655054044577777,0.00554343477507931,0.0429465540666695,0.00960132271967938,3.39217362502352e-07
3.99107992943589e-09,2.12125075535884e-05,6.30336095938884e-11,9.86711384379558e-06,0.924308308474802,0.0743580255712963,0.00130258227839107,0
0.996225078283766,0.00163214089171554,7.82720100446845e-07,1.33948481215695e-08,2.49199643714574e-09,0.000658634789452465,7.47309184373523e-09,0.00148333995502939
9.54054489877789e-09,1.22237050951686e-05,1.19117841718569e-06,0.00146129485019654,0.0701361491623696,0.00755034680218309,0.920838784761194,0
9.69946801359897e-10,0.000410154873836877,5.0747102759744e-09,0.000646089648496229,0.963224184515079,0.0278902711819925,0.00782929373593792,0
2.54163995459516e-06,0.00033232000080874,0.0361544823456484,0.0112283086690354,7.38550575849555e-05,0.00176099387703173,0.950400237795023,4.72606149136392e-05
0.742344021786258,0.00736868083396342,0.0102037732416001,6.45691834495971e-05,2.62550513573044e-06,0.145628978814774,0.0936327429813466,0.00075460765347226
0.633304311928282,0.233271646093491,0.00667594915755225,2.32030404818426e-06,1.02188865213576e-08,0.000645736971919742,2.30524646507737e-05,0.126076972861169
0.0020491530575003,9.86854343360728e-05,0.0255250837763329,1.4491146475693e-06,7.70692793601158e-11,0.00029427322977615,5.91741935813219e-05,0.971972181116756
9.48290107936304e-08,4.42733395123881e-06,0.998699801318256,7.20554784867756e-05,1.8202664034714e-12,2.04565662407507e-08,0.000389341797230642,0.000834258784677755
0.028261465504716,0.931744517193076,0.00457719888315872,0.000863470413291039,0.000139483980385375,0.0183907138790412,0.0159973345500047,2.58155963265017e-05
4.14104785006004e-07,5.17674639101514e-05,0.994278359113831,0.000841448481028322,3.22831437113022e-10,8.50024627093771e-08,0.00246828748862359,0.0023596380225283
2.87489742274444e-09,0.00111877762972206,1.12632081772226e-12,0.000180771305652002,0.998357683793286,0.000342383244048543,3.81151267145552e-07,0
0.0458529790337187,0.650247621848353,0.24096153624892,0.0336053186045774,5.11671689959048e-06,0.00986828217850011,0.0109776582973698,0.00848148707166141
6.8571839811743e-05,0.034729750511355,7.62287130044516e-09,0.000269757893387386,0.84094832212907,0.123441233471999,0.000542356531504759,0
0.00533893277290342,0.193130299451417,0.771923158001829,0.00396822215422257,1.02752678125339e-08,0.0001803914333728,3.865250498134e-05,0.0254203334060064
3.22455532127957e-07,0.000279977021259204,0.00148832824453171,0.00410292853040812,0.00013593341933443,0.000428822837687051,0.99356273553601,9.51955237063417e-07
3.97101088076747e-10,2.25842741384973e-06,2.07541347857844e-09,0.00639187830653347,0.984102782169752,0.00554826775565755,0.003954810868128,0
1.21461346446226e-08,7.80918510258055e-06,0.111453983401603,0.829408054039497,3.84910672091535e-06,3.53118774078892e-06,0.0591227609332007,0
3.23303189758769e-09,1.85532369987202e-05,1.48549174983553e-06,0.000399547692351172,0.00923723977986928,0.0145643872611273,0.975778783304872,0
3.18905596195169e-06,0.00265239155114588,9.08601771739132e-06,0.00204531675158054,0.0557795553420449,0.0326594396880969,0.906851021593452,0
1.44479242185143e-05,0.00589902375753966,0.61707449461295,0.373361265415351,1.34568847668986e-06,5.59328151089624e-05,0.00357307022492226,2.04195614332118e-05
0.963324289611612,0.0269671142433066,0.00184810048205757,4.72581095099491e-05,8.00224336064345e-09,0.0026354125895321,2.27864936539053e-05,0.00515503046808435
3.11867790834021e-08,0.00178965152507841,7.5381340286097e-07,0.0174809988808897,0.718728757906509,0.131433455212459,0.130566351474882,0
0.354523327155242,0.407568154556038,0.00227627341005949,2.13999846805992e-05,1.6076905615169e-06,0.00403808020560207,6.92506911553479e-05,0.231501906306661
2.24639150217419e-07,0.0506508119985849,2.31514490312434e-12,5.41337654629967e-06,0.94495152400707,0.00439162605087958,3.99925454131956e-07,0
0.0798508484053012,0.889271091680723,0.00141516247842978,0.00851949282354892,4.41805956875242e-05,0.0208845536123648,1.46704039442228e-05,0
3.1573380002551e-07,0.00862068166578912,4.33041354324505e-09,0.000995756993638031,0.981402509096275,0.00839779246500668,0.00058293971507784,0
1.2968998005744e-07,0.280654508906361,2.04079448393835e-05,0.359403440246976,0.313829161211543,0.0331183293997336,0.0129740225659534,3.4613800731219e-11
1.95129119900824e-12,2.61480206679816e-05,1.99935363888165e-09,0.0138482629166938,0.985079649826127,9.18379951996389e-05,0.000954099240006733,0
0.0011116876645058,0.962027101907615,0.036005161353805,0.000207115226856947,4.6444971916349e-09,1.54270180720592e-05,1.46076494680522e-06,0.000632041419701055
4.9851840171111e-12,1.22398162354689e-07,4.67958417683878e-15,1.85398305989474e-05,0.99530821552989,0.00467033129099268,2.79094536644989e-06,0
0.864594255688151,0.10435453398059,0.00261616682346842,3.83847975477047e-05,1.11479721205758e-06,0.0186566386073805,0.000967397979167217,0.00877150732648332
1.41410322087234e-08,5.87374341251283e-05,9.72399863730251e-08,0.00047182963681487,0.347568857107314,0.0237888286613931,0.628111635779334,0
1.29459655936597e-05,0.00427452441337006,2.81787816682356e-07,0.00157152328594995,0.0527266593093056,0.928192153776045,0.013221911461919,0
7.61528409409445e-05,0.00858075124761772,3.82568515592188e-05,0.0959381270633068,0.0257503471853022,0.846023652286702,0.023592712524571,0
1.17116065658959e-06,0.000106201873391541,0.997562672226423,0.00133074444756731,5.13970051594462e-10,2.68367225787457e-06,0.000996526105733864,0
3.87023940366169e-07,0.000185046052770504,0.989290964721244,0.00642775832967607,2.2260207742218e-09,3.95966141955434e-07,0.00409544568020676,0
0.000370588750991746,0.0181265066017606,0.962555982928134,0.00976033656012063,4.22963996721663e-08,0.000192680815628777,0.00386765127378105,0.00512621077318333
0.266742943972825,0.721699989478227,2.16781351742539e-05,1.4368556144168e-05,1.10753724264751e-06,0.00334888052190758,6.85146437805468e-06,0.00816418033410181
5.86808594054604e-05,0.000261987955325322,0.000735324846002213,1.11789786137643e-08,7.74464263534472e-12,3.26500103441767e-07,3.4567389522334e-06,0.998940211913488
9.26591203405068e-06,0.904643841000084,2.04600497223427e-05,0.0502782770546379,0.0432501516306505,0.000941590202045306,0.000856413554052799,5.96772811885547e-10
1.99438834742449e-05,0.0227395303351843,0.0317957510490369,0.941787100334894,7.49460158534222e-05,0.000436810449457156,0.00314573143350797,1.86498592068802e-07
2.32409224088664e-13,1.92434112202868e-06,1.9583313791599e-09,0.0348734502601808,0.964927479788287,3.14993241010317e-05,0.000165644327745173,0
0.00496694245737887,0.958911233229645,0.00448500901381177,0.0137260697571517,0.000477441760887825,0.0166783388434768,0.00075496493764787,0
1.23710873845155e-06,0.000504149700797915,0.0415913962921759,0.947400149938046,5.77856893344768e-06,1.28625751094409e-05,0.0104844258161991,0
3.74864835710271e-08,0.00451514952785123,0.000873536241000472,0.578470283001264,0.10688945244927,0.00612651386164233,0.303125027432488,0
2.0788895528624e-05,0.286928745860819,2.40603968098612e-08,0.000678453432885058,0.657567562550598,0.0547054844742915,9.89407254818882e-05,0
0.000177312840557241,0.987804735807847,7.29275415374202e-07,0.00134281223200887,0.00712660726184503,0.00350122803162554,4.65737380665515e-05,8.12633900335565e-10
0.00522820344130148,0.261411774303508,0.00298328018339891,0.00174208292034609,0.000232745917661842,0.231849156805885,0.495596104159321,0.0009566522685775
0.173936797005784,0.000230672978648019,0.0149586692222078,2.2768782828414e-06,8.02497327846177e-11,0.000160798531319468,4.12409443155353e-05,0.810669544359192
2.299880331771e-06,7.78642439756412e-05,0.0037821983828981,4.09401562032966e-08,3.36349703070361e-12,1.55620284191527e-08,3.70110072650229e-06,0.99613387988652
0.0802017701098216,0.00124472581587281,7.97365345286402e-05,4.11914467029719e-05,2.25310905031265e-07,0.847978296854828,0.0704540539273406,0
0.0168570896318766,5.7518509015413e-06,0.000399788719049141,6.15492745175035e-08,4.99205720599464e-12,5.22243487863349e-05,1.21092992387923e-05,0.982672974595881
8.49845721384867e-05,0.000361744398901183,1.52898629752712e-08,5.01487108742289e-05,0.170834561839498,0.804255466056483,0.0244130791322421,0
0.000215666654773174,0.740867059721663,0.0150849128880198,0.107700068580366,0.00176286524783632,0.0165082360212788,0.117861190886063,0
0.937755401239444,0.0414054412576447,0.00396530414781629,0.000220632468792523,1.57981446608929e-07,0.000363694985034885,0.000105532189912611,0.0161838357299085
9.60986836195038e-06,2.97122405512627e-05,2.29751483209815e-07,3.67188402528344e-05,0.00531193148688972,0.504908439940398,0.489703357872063,0
3.41687249341223e-10,0.00010863626746947,1.92608845591803e-05,0.0300318188494695,0.0383858497568794,0.000573308136502318,0.930881125763433,0
0.000112014685010016,0.901066029810414,0.000132603572102795,0.0960768501679746,0.000917791807266162,0.00166696906429956,2.77351359480914e-05,5.75698494306786e-09
9.62317826919612e-07,0.0730739941019802,4.82829388666689e-05,0.708649237018691,0.0403113774215095,0.118976234702749,0.0589399114983767,0
5.32836688902093e-07,0.000442106655855972,0.236305133450435,0.0394824508730935,5.03409130569766e-06,1.71159446641135e-05,0.723747626147956,0
9.60233476167295e-05,0.0243127973609752,5.47418948312826e-05,0.761033593262877,0.0748480226657721,0.108818203672404,0.0308366177955246,0
1.63608512691892e-05,0.00796401703913902,0.251410602786725,0.728737845505371,3.75757059977824e-05,8.5822356000978e-05,0.0117477757554968,0
2.7134472038624e-07,8.82063553048856e-05,0.925549063982831,0.00487968915478523,5.31032071495246e-09,1.55323880519843e-06,0.0689418874745158,0.000539323138716804
0.0998342716352154,0.0317930488940671,0.0138761305874358,2.68805143343289e-08,4.23220817652859e-11,7.49958565213057e-05,2.8562345567599e-06,0.854418669869367
0.0013827724249043,0.0238634709860452,8.31974097357996e-09,9.08859078893022e-06,0.0028692462975787,0.971817996558809,5.74168221331496e-05,0
2.30931548059618e-07,0.000664003271153299,6.9542470708823e-08,0.000204828552561472,0.884930979188507,0.034769258513407,0.0794306300003527,0
0.0345558930540617,0.2423782606057,0.70202320322107,0.000545949005965851,2.36060213522575e-08,0.00124176653587661,0.000239993205165253,0.0190149107661391
0.000238682572036284,0.00981949318530722,0.0103600902210238,0.0570790411226038,0.000620274839791117,0.130542406307922,0.791340011751316,0
4.56308122609676e-06,0.000147693443239506,0.994729113860565,0.0024656972844885,1.54912168840517e-09,4.61466760113085e-07,0.00223988610916265,0.000412583205436478
0.0660893977489808,0.915052871041449,0.000186788957165684,0.000661496959511521,0.000147657095093174,0.0164266723043438,0.00143511589345689,0
3.22504713695349e-06,0.000560557468921126,0.715791707790655,0.0426026218791041,7.66541274076485e-07,0.000286910609174641,0.240163785862108,0.000590424801626756
0.000185719647122782,0.89882037889641,0.0685656757803539,0.0321963216179826,1.49361106451351e-06,0.000125194832596436,5.37704147481527e-05,5.14451997213296e-05
0.0186155978437327,0.0252467580965628,0.0401565631594435,1.95418272042949e-05,3.9962906129094e-09,0.000443533669269202,7.0382927517216e-05,0.91544761847998
1.05731140073165e-05,0.00205173012179301,3.16845224334909e-09,0.00273390666348272,0.948248433509115,0.0452389296313757,0.00171642379177376,0
6.03606762527761e-05,0.620810035263643,0.00145468876243334,0.375427047705744,0.00019572516046931,0.00142363958229278,0.000628433536245236,6.93129199000658e-08
8.21758440410316e-11,1.31087543100637e-06,1.20365188595945e-09,0.000780083312704579,0.980148658508463,0.00101083958230058,0.018059106435273,0
0.000610280220642471,0.00301771508225405,1.490324015573e-06,0.000141579383661022,0.0266562161703802,0.936836719811774,0.0327359990072729,0
2.3256020845815e-05,0.00105024494027174,3.13622257077858e-07,0.00113946352253075,0.018044764915861,0.962972416447275,0.0167695405309586,0
0.0134186741247522,0.0499097073390503,0.858523427138064,0.0420220622594203,1.23982623800054e-07,0.00914047696212369,0.0153393174166654,0.0116462107773005
0.0517433805192661,0.91310600960616,0.000124184201268881,0.000125652909435524,1.87999216593003e-05,0.0347573256474603,8.5948452888192e-05,3.86987418620818e-05
0.0195354771354853,1.97466887997138e-05,2.68749519308857e-06,8.72934518879781e-12,3.11419760232334e-13,3.85014924705385e-06,1.83785333138158e-08,0.980438220143701
0.000334878440128376,0.995086050309023,0.00374915703059162,0.000210111823668219,2.09293041413512e-05,0.000505556955146423,9.67399836688193e-06,8.36421389346659e-05
3.52474496364464e-05,0.120475031386091,0.00314153525919841,0.107698049565932,0.00500161671034568,0.0264855511544492,0.737162968474347,0
0.0129885302159368,0.00320391276314232,0.0024558107870353,1.08190530837885e-07,5.79970373184441e-11,6.89526940536474e-06,2.60757510772983e-06,0.981342135140845
2.82383184349608e-09,7.18981650537994e-07,3.05039213858766e-05,0.0119950247727543,0.000107610074516427,0.000157411510228118,0.987708727760393,1.55239624686495e-10
0.00655208907268828,0.0122195465422919,0.0155121797865695,0.0018795308145217,2.19294099648628e-05,0.431690589933418,0.529928565675401,0.00219556876514432
0.000196306111428611,0.0887213181052145,0.0378440323306477,0.0160739281497006,0.000156370232488012,0.0247595871148609,0.831620651083586,0.000627806872074126
2.07035439567741e-08,3.05286934881495e-05,1.84978948400981e-07,0.000366864048806668,0.148012068399526,0.0450910558047422,0.806499277370945,0
0.00859161874761943,0.0786260774011982,0.00620895955186488,0.175189067428426,0.0106488407399968,0.606632256258854,0.114102276734994,9.03137045533785e-07
9.82312624953425e-06,0.942198694997515,0.00302499485780555,0.0533543023748532,0.000268489660435624,0.000727119595212437,0.000416150511621503,4.24876307103768e-07
0.000337370782284701,0.000578658348539564,0.00191586240505719,0.0292603046088726,0.00114186471026737,0.572825927860649,0.393940011284329,0
2.98079523446051e-07,0.000485943082287715,0.0867347365924369,0.19280598752694,1.45540591964957e-05,0.000147245582481875,0.719533467589334,0.000277767487799161
2.3570419443252e-05,0.000250834850172408,0.980900169590891,0.000920119915283895,3.61219253001966e-10,2.33290722437038e-07,0.00133305145046232,0.0165720201218051
8.20952482756484e-06,0.519242183232278,2.01988283221667e-09,0.00140040734212728,0.258461699289452,0.220879903021202,7.59557023012037e-06,0
0.00245004795331196,9.66166533717151e-05,0.00176030569955694,5.34368121374283e-09,1.38195941239849e-11,7.25379703083397e-06,5.24149542556234e-06,0.995680529043802
0.000114813203663439,0.00358380844252916,0.00037320863006312,0.00137068767763767,0.00122164192201359,0.135668430190796,0.857667409933297,0
2.2339704979148e-07,0.000460265150729554,0.0101636002322642,0.000443274825435119,3.17540541940728e-06,0.000838110083589953,0.988091350905512,0
1.27146027215819e-07,3.20125156157104e-06,0.996959409026044,0.000231137840687461,1.44576842427917e-11,4.01408669764007e-08,0.00181867057808078,0.00098741400227439
1.72562440353971e-07,0.00287448839426012,0.656294170561674,0.340671333153785,3.34240458901247e-07,4.28805093508827e-06,0.000145937396730451,9.27563971635064e-06
0.858578171688525,0.00170186041519818,0.0152161983338477,3.95697962800902e-07,8.00179366325712e-11,0.000305687321809703,8.8737519648034e-06,0.124188812710675
0.0010663849464737,0.25863069996006,0.000246363900037695,0.2167489051807,0.0250784906003369,0.158860538136348,0.339368617276044,0
0.999635865455624,8.23058066725277e-05,2.32694264999132e-07,7.33261536306951e-11,7.26216574832233e-11,0.000261945672708555,3.8126399610909e-08,1.96120983826899e-05
0.747910776004214,0.015457841217361,4.24251563412691e-05,7.5787678536415e-08,5.81804180366887e-08,0.00721064043291048,0.000136961188901241,0.229241222032176
6.95823210576666e-06,1.09202648329281e-05,0.987654728479207,0.000556561240924638,5.88965094233736e-10,1.57533539306089e-05,0.0108286238601158,0.000926453979918147
0.00193336340171542,0.0982305816003019,0.00426864866186472,0.00190112618660933,0.00076992819283145,0.821065948717032,0.0718304032396456,0
1.19108187814124e-06,9.56850031596545e-05,0.992091630195772,0.00495233543288642,2.04897838220858e-09,2.64030357079852e-07,0.0026189219779542,0.00023997022901367
0.00259267277578648,0.926377906676209,0.051204724790783,0.00265175671656894,1.04514332434044e-05,0.00382326565198007,0.0108985268679451,0.00244069508748366
0.0087821614585032,0.00226726277380607,0.00165505060827057,2.94930197003683e-07,1.57045464963514e-10,8.14076434727089e-05,2.02043177499517e-06,0.98721180199693
0.00015773831868049,0.838357870863972,3.42079772426206e-06,0.0420725946855882,0.112207101652194,0.00689081025936879,0.000310463422472838,0
1.15704822620534e-08,0.0116038768309754,2.66087145043728e-06,0.0089100443645051,0.909498089333768,0.0132847566182388,0.0567005604105799,0
0.0120685685090062,0.00582057834076522,8.18034099454898e-08,5.80303497296674e-08,2.08860637011169e-06,0.9820886775865,1.99471235990506e-05,0
0.0357629953916286,0.00334166510909264,0.0328821919326166,1.05015734164346e-06,9.86393354263517e-11,9.54586839991186e-05,0.000389640481518149,0.927526998145164
0.0253601092632017,0.850321228526165,0.0370338382084762,0.0419353468940954,0.00132554587826397,0.0286770950995328,0.0153465970604546,2.3906981066262e-07
0.0100316103239706,0.0113656506547654,3.99893738707249e-05,0.608736336508453,0.00511336338027545,0.334636583836483,0.0300762217273202,2.44194860979169e-07
0.0031124005535118,5.27828785997139e-05,0.0207249800162571,5.83829305719975e-07,2.58566872257954e-11,1.07673899979659e-05,5.84901666638821e-05,0.976039995139807
0.000101697782486616,0.0024367473556413,0.986886476885456,0.000473676860029784,3.9697488299453e-10,6.503718452237e-07,0.000203749374628411,0.00989700097293817
3.8060989789261e-05,0.0647766714176539,0.78790686833164,0.136693047203341,1.41251880324169e-05,0.000106650287422159,0.0104594579961308,5.11858599061856e-06
0.000176068568279462,0.000113418002547271,0.00660514264715852,1.47941787849715e-07,3.39974145714682e-12,1.05501876338216e-06,6.11444285319729e-06,0.993098053375211
0.0422314464849823,0.952103710798867,0.000235004291250956,0.000315031289195069,0.000340764920094023,0.00367215434468733,0.00109700667424142,4.88119668236009e-06
2.30744461639038e-05,0.0986283447422791,5.36284125683862e-05,0.344437412282518,0.400293572436339,0.143125340340871,0.013438627339261,0
4.97857335175414e-15,6.66940933787301e-08,6.34325522296783e-15,6.82708943352361e-05,0.999925639249876,5.95753608255476e-06,6.56256013802464e-08,0
1.94956078618703e-06,0.0171424060742956,0.764543889708667,0.0920199342118842,1.63410111544153e-05,7.11246761750228e-05,0.126165337360511,3.90173965263196e-05
0.000663075064277455,0.257378189389114,7.43213333859571e-06,1.8436448346034e-05,0.00697882364307202,0.734814094234829,0.000139949087022111,0
1.73126204473526e-06,0.00308780308776458,3.63091727563547e-05,0.834616159720009,0.0374147982736691,0.00424052619963263,0.120602672284124,0
0.963581245198447,0.0159594252401038,2.27952417435371e-05,4.71074788595095e-08,2.04997109451265e-08,0.00243872887103708,3.61770216515619e-05,0.0179615608198275
0.000284968169248031,0.707849735763986,0.00817037699613518,0.128929961567001,0.00201815208634527,0.0442073789779233,0.108539426439361,0
0.220616148326635,0.149550753050448,0.0136006353541053,0.000468543024679959,6.65924273338677e-06,0.463059162361491,0.0601811330061238,0.0925169656337832
0.000667677099501671,0.000146180145027338,9.24572075053399e-05,2.44960946807833e-10,2.45531048524655e-12,6.76311121553879e-07,4.80382573260935e-08,0.999092960951171
0.231480084995191,0.0278919802791902,0.628887123841389,8.40512930936797e-05,5.81921219349585e-08,0.000803663467988125,0.00726413689197408,0.103588901039052
0.000238543677249467,0.00702590497298172,0.971802214380311,0.00942624610536725,2.63579651182096e-08,5.14221385203132e-05,0.00628635741940433,0.00516928494820122
0.000101057157050717,0.928395561543103,0.0393692024323453,0.00120562069763649,0.000135708061659637,0.0026834575656214,0.0271430366267821,0.000966355915801018
1.8068901318582e-06,1.49176835414767e-05,1.2783399196169e-07,0.0049768703197444,0.0248880220898681,0.751084070808659,0.219034184374063,0
1.54489656969633e-05,0.0516575441194603,0.85525009282226,0.092515177904232,1.18487410453898e-07,2.4219307401851e-06,0.000538014985418444,2.11807847821486e-05
5.65320574371442e-07,0.012117533368216,0.000578392461662963,0.00994349845884341,0.000912451844128916,0.00309316434188732,0.973354394204687,0
0.0214833300852449,0.00042242792881235,0.00105686439644322,9.22989980743123e-09,1.55146648013405e-12,6.29709025008365e-06,1.99700359353284e-06,0.977029074264205
0.00588199033788058,0.109581450316777,0.273025494519522,0.000982600199718915,4.25637720859067e-05,0.0084785285296457,0.598362743399591,0.00364462892477851
1.16954510067721e-05,3.33817125706628e-05,0.233844884462359,0.000305504350961249,1.49150083924388e-08,5.90723279088845e-05,0.765055342703682,0.000690104076503041
0.0877646572599052,0.00135616280288708,0.000703402348197691,2.44313685304407e-06,8.15378641041732e-08,0.0317902818465753,0.00209030290593047,0.876292668161787
0.0149056814007446,0.0373988575120392,0.865036380170618,0.00628363547444213,4.30924437794591e-08,0.0156266748080492,0.0016141706801868,0.0591345568614759
0.396127115840379,0.00401562157016785,5.13356040898911e-05,3.6476231115412e-06,4.31665198864566e-07,0.584778447101255,0.00232215658798511,0.0127012440078127
0.00261999725137459,0.977055865174015,8.34245515283237e-07,0.00152306430481382,0.000328424359507949,0.018467212207956,4.6024568179378e-06,0
0.000117333685123559,0.030983984656292,0.00197979450598591,0.722923344327456,0.00309391681929396,0.0547893903742095,0.18611223563164,0
2.64172782143785e-05,0.122626661236322,0.7142710262259,0.0731920251313389,6.48611371366576e-06,0.000156052080641833,0.0646397396884228,0.0250815922454468
0.667252690003142,0.000194438701302037,9.59417851090664e-07,1.90384521171292e-11,9.18278329435391e-13,3.8723442500099e-05,7.53279388366269e-09,0.332513180882455
0.000172313707123968,0.444613764041932,0.0699321611849001,0.0358411307809086,0.000194913759473961,0.0254641717350513,0.420962593680301,0.00281895111030931
0.99726052959361,4.41672179470947e-05,1.30414165761584e-07,5.09118270596047e-12,4.65039894294696e-13,7.31424071218533e-06,1.26297206852757e-09,0.00268785726503643
0.00195208391629751,4.80138864109286e-05,8.62507930565237e-05,1.20130207759498e-09,6.01973059195702e-14,6.1160674822264e-07,3.50733690504184e-08,0.997913003522755
0.973234358386923,0.00166848115248828,0.0132742628361117,0.000681664256476632,1.03316036039016e-07,0.00725763559205638,0.00374204478252296,0.000141449677385629
1.37626548973049e-06,0.0361295508617068,6.51514389430931e-07,0.0271432172066059,0.895576795225679,0.0396994664159572,0.00144894251017243,0
0.0284677924937529,0.953771131714912,0.0171939088092164,0.000206400914661141,8.63882421832411e-08,0.000103280073407761,1.07280844416552e-05,0.000246671521365081
3.6401450081841e-05,0.000583854704805267,0.984008144833528,0.00403053221041377,5.81419754283508e-09,1.15840281003738e-05,0.0110581659993403,0.00027131095953255
0.000439772918113703,0.678907765397244,0.124538692368671,0.153407293744518,0.000290919250426004,0.00915451558532569,0.0332531947050388,7.84603066340768e-06
1.15130146489325e-09,6.30344723470037e-05,6.8803465870934e-11,0.00030124326166564,0.992330173357586,0.00629730124642769,0.00100824644186912,0
0.000114957644528145,0.000291622101345082,0.0252496699663691,2.07370492319887e-07,8.23498358970604e-12,4.71083717191429e-07,2.11877126752542e-05,0.974321884112638
1.09547943842303e-05,0.0108485498094357,0.0617014028058694,0.927153219139106,5.53956717768749e-06,0.000133081416908413,0.00014724548588321,6.98123491559537e-09
0.0125034735525853,0.0299356096703996,0.157525057591033,0.000147522674938319,1.77667906122372e-07,0.000149414430504771,0.019295150042032,0.780443594370601
1.98800428441351e-05,0.000639851073824119,6.30384854588177e-05,0.224301996151566,0.0383028131088305,0.110506093558337,0.62616632757914,0
0.000110153688946103,0.000559499475668479,0.98343331085675,0.00453249075715908,1.14580899817452e-08,0.000121985764646603,0.0103510599274084,0.000891488071331317
8.27914800479192e-06,0.018602979225859,1.66187560534139e-07,0.00334860951934161,0.303113564614741,0.664033021203502,0.0108933801009907,0
0.000739002544998383,0.000557931300930906,0.00497659914998879,3.1964999818384e-05,2.30457523655922e-06,0.0296862484779778,0.727731639789784,0.236274309161265
5.20486519551394e-05,0.0010834532384628,8.95116553523172e-07,0.00954491538680526,0.193558836996072,0.79475817198717,0.00100167862298086,0
7.44851300728035e-05,0.000951116908291069,0.977307984809197,0.000630450566620398,2.71419238460452e-08,2.52712581578301e-05,0.0205888512307373,0.000421812954999743
0.00589419839458249,0.013162221249844,0.918181998306647,0.000610901620269483,1.27329059397629e-08,0.00102107697421108,0.00516943653680984,0.0559601541847298
0.24815859214433,0.750457833503075,3.83284971647359e-05,8.50160755464753e-06,4.70710527377672e-08,0.000352363364993078,1.29794163661136e-06,0.000983035870193839
5.10523572190759e-06,0.0982337816108312,0.00161657973181989,0.729454588059214,0.0052411057663968,0.0337789366729788,0.131669869070022,3.3853015396529e-08
9.03651214166783e-08,0.00105414230288361,2.1315058811573e-05,0.970479753971566,0.0224957297048545,0.00106810632129403,0.00488086227546906,0
0.000267233325975313,0.0943985461247024,0.0152740975150656,0.847410970983392,0.000343487107333277,0.0409136175682738,0.00139204737525775,0
1.9542146769888e-08,0.00334888419228906,1.05640882150296e-06,0.0105196579995911,0.729942371221571,0.0435166537150986,0.212671356920482,0
0.0340946573573324,0.00331993543160247,3.62437536785394e-06,8.76329026323699e-06,0.00011259532021351,0.960033162914246,0.00242726131097453,0
0.000211458420765305,0.00468258100096119,0.0637612347798982,6.62407870198811e-06,1.88532787620443e-08,0.000276821160271553,0.00442707624093784,0.926634185465185
9.15498752372483e-05,0.0141073703488847,0.000583776724269825,0.00265704682097561,4.93934870446237e-05,0.0301622626983476,0.95234860004524,0
1.06405835428139e-10,0.00101847107824504,5.84531195217639e-08,0.0154864406479234,0.982967246552834,0.000101741931344555,0.00042604123012718,0
0.000276605208814392,0.0196305949713028,1.80953289946e-07,2.78233984402838e-05,0.0261795622002935,0.947237439340633,0.006647793927226,0
0.860188238795193,0.0143858340350639,0.000114777645726218,6.563209513327e-07,2.89151408014136e-07,0.12527970034109,3.05037105675307e-05,0
0.975824898486241,9.98494382372312e-06,2.37423065872738e-08,5.52677391913259e-14,4.2551068986909e-13,6.2183917715162e-05,2.13902534041432e-09,0.0241029067704071
0.338801375890006,0.0309721718500215,0.000127849929530589,1.51562378180597e-08,2.96542891842674e-09,0.00208105190295361,3.68934435286269e-06,0.628013842961469
4.95844569400878e-07,0.00138782059123347,0.993019172325398,0.00511741689195591,1.16850138221134e-09,7.89098543993684e-07,0.000191656750934017,0.000282647328864281
3.59670402162795e-13,4.5205009416545e-06,1.40676290377907e-14,4.46476175725385e-06,0.9999369253144,5.32836020868817e-05,8.05820439857785e-07,0
1.91130234537855e-05,0.00208648783103362,0.00691519571590359,0.983998723775057,0.000146129251814524,0.00162316803923002,0.00521118030457477,2.05893299767646e-09
5.14227220246484e-08,0.0132954995694092,0.00100034740646771,0.361435097247271,0.00842075918979262,0.00223330945510507,0.613614935709232,0
1.05502580035999e-06,0.0177112768930753,2.42432631725941e-05,0.0236344824657435,0.318394534383355,0.1905702084999,0.449664199468953,0
0.00223554999925463,0.0153141384957633,0.768334446109296,0.213384629988914,8.5745408925287e-08,0.000264982672423616,0.000466166988939461,0
0.00523026102053385,0.0275488708866394,0.963061026679506,0.00108931870005764,3.28284098816642e-08,2.23239452868616e-05,0.00267499881434584,0.000373167125220315
0.00151091147746425,0.996376741731033,0.000495880598627277,0.00155368887986307,8.46769146907428e-07,5.94170391199916e-05,7.62038100525745e-07,1.75146664436637e-06
6.47352545929608e-09,0.000783462869350871,1.4999288930111e-05,0.0487528819120023,0.023456063714745,0.00196941916424647,0.9250231665772,0
0.0149392672579047,0.89600736530836,0.0126804310788394,0.069568833279986,0.000509664913495337,0.00584544699124833,0.000448975216097394,1.59540689660959e-08
0.00328726266143907,0.0259895404681303,0.848312023992244,0.000578664342824045,6.5451101149545e-08,5.02345958379007e-05,0.00395535526216385,0.11782685322626
7.68355563399888e-08,0.000138790848135515,2.50428178696498e-11,7.10839012006276e-05,0.591803556674658,0.40792358620142,6.29055139867334e-05,0
0.0163592706055493,0.0762512757764578,0.896723719870294,0.00165340621669569,5.16646426353218e-08,0.000335878965576124,0.000461817893912848,0.00821457900687134
0.000143102433458292,0.211229883092969,0.206236264849759,0.423502987715799,5.11190901442406e-05,0.00242799387732641,0.156389651098772,1.89978417730352e-05
4.57700397315164e-08,0.00472537604550576,0.0679132329983346,0.926867842064286,3.05503984853812e-06,6.36462140254969e-06,0.000484083216573183,2.44009548305292e-10
0.00774764103693093,1.02917855766744e-05,7.40804421700106e-06,4.56720501713909e-11,2.22397901533237e-13,3.98013932147963e-07,5.70979866564165e-09,0.99223425536365
1.05449295938071e-05,0.00851609990427179,0.941449177162397,0.0123603623358315,2.27368146855955e-06,7.32752808050597e-05,0.0371504882865887,0.000437778419043289
0.892548187020617,0.0402578071896547,0.00618474611239585,2.78039636973081e-05,1.53181256640679e-06,0.0398081252847415,0.0211717986163272,0
0.871165273913009,0.030361456695573,0.0104682866491562,0.000712581703924089,1.5532479171811e-06,0.054511689781888,0.014334164545795,0.018444993462737
0.0463620406807257,0.0381109021364575,9.88225842083045e-06,1.94772100320893e-08,5.74180685379058e-09,0.000720139687842991,1.96239175213297e-06,0.914795047625784
2.70784603956129e-06,0.983019731466593,0.00150699709884924,0.0154431397192819,6.65295322682563e-06,1.45180896700256e-05,6.25282633958007e-06,0
6.12316232989896e-07,0.0033389648069808,0.885438417621265,0.109226034397384,5.59875649985568e-08,7.25319085242452e-06,0.00198508183211341,3.57984760657947e-06
0.000628675282965122,1.82252327637903e-05,1.20208837071603e-06,0.000103594624787132,6.78918480715082e-05,0.998036508373754,0.00114388822437378,1.4324913544887e-08
0.000224375202969151,0.00358109524655095,0.0361216189339411,9.87373321901943e-07,5.78946618691848e-11,3.04173970908706e-07,3.21981664563188e-06,0.960068399194706
1.06587945271492e-06,4.09819348492481e-05,0.00134323067898992,6.66852255143314e-05,1.62275120741361e-06,0.000722865985049938,0.997823547544936,0
0.993198717077666,0.000318282539437986,2.46447472176018e-06,1.67529344765147e-08,1.31396228914423e-09,0.00647391478769361,6.6030535837252e-06,0
0.16874051076611,0.00229463298403325,0.000320082813896338,7.89778720621605e-09,2.38299873287475e-11,0.000105973155799628,3.54973388922689e-06,0.828535242624654
0.00213408483116017,0.00619306515632245,0.00340365617113962,0.00241087588966329,0.000160903116438512,0.204495983728619,0.781074437403419,0.000126993703237969
5.38804569110541e-05,0.00326342320366667,0.00170951150352941,0.96550881480569,0.00470079374285508,0.00120020898567476,0.0235633673016728,0
1.29212985691143e-08,0.000462584837028816,8.89400440018141e-10,0.000397024501267244,0.961073759001269,0.0378458715452099,0.000220746304526114,0
8.35376194211023e-06,0.000222861350266715,0.000426820664963363,8.92578202965722e-09,1.13171925354421e-11,1.86955062131332e-07,5.62148564778186e-07,0.999341206182102
5.69140751068431e-05,0.0024930501136878,0.757237498220955,0.174997638209236,9.19888165990664e-06,0.000810607743268924,0.0643950927560852,0
0.736317901246591,0.0219324133030181,0.000279005207937367,0.000312686497270053,5.69872573171034e-06,0.239887197008279,0.00124212969315957,2.29683180128717e-05
1.97411149033166e-10,0.000247846682209798,8.76681862507763e-09,0.000565827528456495,0.98256426023079,0.00588484596831928,0.0107372106259947,0
1.28847978866595e-08,0.00015774389577089,0.0503969681411409,0.00604944412491962,2.20051343479863e-06,6.15197799068097e-06,0.943387478461945,0
5.68686976069952e-05,0.000651385314718228,7.22123270851893e-08,6.95038077676553e-07,0.000617250105784719,0.973343949819272,0.0253297788122136,0
