0.00179724237168451,0.591248136368285,4.1552077098255e-05,0.406730923759504,0.000182145423428098
0.479228675304473,0.474376351118733,0.000610568785829164,0.0454946594522288,0.000289745338736918
2.72924691267278e-06,3.51772855748286e-08,1.39927938124342e-12,0.993377373876507,0.00661986169789572
0.000315150065213887,1.36432895085321e-05,5.94226972844814e-12,0.02937976409748,0.970291442541855
2.61189118184399e-06,0.999182871517432,0.000299479648634201,0.000515036801343935,1.41407619909022e-10
0.028427829594021,7.4913233744677e-06,1.20610935257475e-08,0.913375717203301,0.0581889498182101
2.26699535967108e-05,0.168011690137163,9.68496378364352e-05,0.831868790271404,1.5010645580646e-60
8.83440253926533e-07,1.58266788317502e-11,2.08869171445251e-16,0.0470093817980575,0.952989734745862
2.57942928672093e-06,0.99974508587676,0.000226989100328626,2.53455631667404e-05,3.04577390393317e-11
2.02778616403793e-06,0.997155203286436,1.7240583318249e-07,0.00284248811560087,1.0840596565515e-07
0.00693657970732877,0.232856842793061,1.07759102066956e-07,0.636185844707827,0.124020625032681
0.000268072640202008,0.00033262207798831,0.998450959413001,0.000948345802233383,6.65749522446557e-11
0.278921694126559,0.646435429512056,0.00105209397991835,0.0735463815834208,4.44007980467332e-05
0.0452345147952541,0.000181949217212554,0.954580151579022,3.38438012516136e-06,2.83866729897787e-11
3.58140932186007e-05,1.10539955924008e-06,8.78900107722495e-11,0.9229782283111,0.0769848521082322
7.54730544708288e-06,0.9999185299936,6.27756664276202e-06,6.76451343099897e-05,1.10902286344823e-61
2.56003941408172e-06,4.90820323611818e-08,0.999997389071482,1.80707190481706e-09,7.05844094885576e-71
0.0021736002429612,0.00016496841164967,0.997479144992902,0.000182286341015492,1.14719591870928e-11
0.566475589162142,0.309398952030324,0.00833662317961763,0.115750063149861,3.87724780557315e-05
0.0134505158448641,0.00172157512271024,0.984739899799812,8.80092197713521e-05,1.28418669798338e-11
2.00878739227099e-06,0.9997605688621,0.000212360230194404,2.5062120313724e-05,2.16578024066356e-64
0.00227478905733868,2.08144806805761e-06,3.40262618450132e-11,0.141558763747434,0.856164365713133
0.000955643049866747,0.993667311826483,3.02479613315955e-08,0.00242984227789839,0.00294717259779043
0.00415337137798291,0.659389922491719,0.262980974808951,0.0734756540200389,7.73013076837087e-08
0.000337814764300313,1.79973968342966e-10,5.67411607478983e-15,0.000221662658542313,0.999440522397178
0.459186883286925,0.000556765307797809,4.45733378028294e-07,0.041704685381148,0.498551220290751
0.657337341848613,0.000929802935596103,0.0952484801299475,0.24646032005741,2.40550284340456e-05
0.405910453155108,0.0545004332886936,0.538128754387527,0.00146024216455649,1.17004114536673e-07
1.09798050779168e-05,0.000904007739125053,6.44690135113805e-09,0.992219249621411,0.00686575638748511
4.33660223746296e-06,6.92424976618324e-10,0.99999566268914,1.61975270219755e-11,4.65777091668255e-72
0.000172888212934651,0.913172862298012,0.0650037490157501,0.0216505004733033,9.38529154539907e-63
0.000218596300075227,0.997675097714368,0.00209770024053389,8.60572435169166e-06,2.06712357050499e-11
3.45332245112912e-05,1.36721509211535e-06,5.33540830425849e-13,0.0667273468364161,0.933236752723447
5.76825658695311e-08,0.999993400339361,4.25776743790306e-06,2.28420836582768e-06,2.26940162088532e-12
0.76720284531071,0.00227764807613253,0.00159282328814254,0.228833009753736,9.36735712786068e-05
6.83846900452517e-06,0.000216589272899076,7.60926828351032e-11,0.984604148289479,0.0151724238925252
0.00426767575207036,1.97180217499084e-10,0.995732323875461,1.75287313891821e-10,1.32546535648268e-15
0.031514516717876,0.0117442304678145,1.63191009316505e-06,0.947904968642267,0.00883465226194896
0.00594876349731844,0.84282906188613,3.24011377815868e-08,0.0615267291192042,0.0896954130962092
0.000468245108848854,2.14201520397851e-07,0.999531537401334,3.28829621945417e-09,2.56721321072669e-69
4.33155638750649e-07,5.00693120889444e-10,6.56077665108295e-19,0.00384180807886905,0.996157758264799
0.000386663140991746,7.71529908670129e-06,1.28977030042112e-12,0.300220457695548,0.699385163863084
7.68022624110109e-07,8.61743239164187e-09,1.18737851380125e-14,0.602957335588846,0.397041887771085
0.996566611440517,0.000789887308232514,0.00184556705628494,0.000796959910527478,9.74284437629957e-07
0.0445000043551465,0.00141104402340492,1.19098537516484e-05,0.940459602415598,0.0136174393520991
0.000971742342679057,0.99610147698449,2.71309126184718e-05,0.00289939044025637,2.59319955643728e-07
2.81071623160254e-06,0.000636559771769506,2.82553524438839e-09,0.999244241241649,0.00011638544481411
2.00189983150715e-08,0.999966759582078,6.153187550083e-06,2.70672113738099e-05,8.93968935967032e-66
1.82589345683279e-05,0.000742882765468287,3.74766001159249e-05,0.999201381699847,9.49803405794301e-61
0.00012441835721465,0.000222644338842428,4.49728042666116e-07,0.999609868815277,4.2618760623666e-05
0.0142262359449928,0.0147023878575001,2.55519860693274e-05,0.969971330047083,0.00107449416435461
2.29597213694223e-07,4.36477648033233e-11,1.48272122472557e-16,0.00319354646556307,0.996806223893575
0.000170739533466521,1.1074343919904e-07,0.999828924488019,2.25235075587637e-07,3.82763004176066e-68
0.0138372054799739,0.000191242689481304,1.61953912182571e-11,0.000920251520057698,0.985051300294292
6.20880763080627e-05,3.3807569525632e-08,2.37637569337592e-14,0.010725558448131,0.989212319667968
0.000843327510790535,0.964039892011348,1.0757858428327e-07,0.0344920211302663,0.000624651769010306
0.388165715212682,0.0223152393441205,0.589509430002196,9.61518262408178e-06,2.58377988203217e-10
0.430545821146562,5.22706617658588e-05,0.569393881131479,8.0270199663521e-06,4.02268973379294e-11
0.0130761934435265,0.955327635654618,0.0245040813854137,0.0070825641243332,9.52539210874873e-06
1.2771982187101e-05,0.997849377245854,0.00213518104732246,2.66971996230485e-06,4.67378714052595e-12
0.772613649044324,0.0258321427664858,0.199975774012118,0.00157683938389072,1.59479318183296e-06
3.25762656842921e-05,0.993303142857222,3.90770470052936e-05,0.0066251880785466,1.57515420294635e-08
0.681586332076384,1.5011717975502e-08,6.94856482897051e-09,0.191062264054261,0.127351381909072
0.000299955214975077,0.888625431311081,0.0123163215992002,0.0987582918747441,1.25915570535809e-61
0.000902877704967265,7.2279999528251e-09,4.2763306987419e-15,0.00142878651738479,0.997668328549644
1.0856492152355e-05,0.983292823908301,0.000120460774512148,0.0165758588250341,7.45962872255645e-63
0.00595483573086017,0.92726188023268,5.25789925443369e-07,0.0587686589204484,0.0080140993260856
4.68292492636013e-06,8.88721572905046e-10,5.22741084475619e-17,0.000584690596337323,0.999410625590015
7.16562059981849e-05,0.855192413664863,3.77139794084455e-07,0.144684471305633,5.10816837116276e-05
0.000157362386881364,1.02517198416509e-05,1.44970353835429e-12,0.0042137791722813,0.995618606719546
0.0543595443871967,0.00182580584488378,1.52170638630757e-08,0.657680561393793,0.286134073157062
0.000302448549525658,0.805161769692883,0.000196501624816414,0.19433773951012,1.54062265504834e-06
0.024055119882332,0.0161043496465042,0.957328733444341,0.00251179639234589,6.34476928292789e-10
5.4546041066839e-05,1.44071345341429e-05,1.67286245293798e-11,0.506547788216355,0.493383258591315
0.0100483648976026,4.69690527050794e-06,0.989939472623831,7.46557329609684e-06,1.61834482905171e-65
0.000371378805606469,5.7199586921826e-08,1.35401955805269e-12,0.293877167138325,0.705751396855128
0.00104963262842941,0.00375545012739399,0.913758985104769,0.0814359304405318,1.69887615474235e-09
1.76796768581075e-06,4.15115462789827e-08,5.59185524341478e-13,0.726756200334381,0.273241990185828
0.000370416566658549,0.000117393742320189,2.47019810881734e-10,0.639036454866315,0.360475734577686
1.09012079108989e-07,1.64311794026561e-10,1.71938413432025e-19,0.00174417533297462,0.998255715490634
3.6045633427426e-07,0.819640996635626,0.179465212927415,0.000893429980624667,8.89375378436981e-66
1.94490975145491e-06,2.91799466464403e-11,9.83555629678499e-18,0.0056517696252484,0.99434628543582
0.117002444669238,0.000430858299720191,0.882541016017248,2.56808257678187e-05,1.88025641966363e-10
0.00275541470035298,1.07257874336812e-07,6.0958684030789e-13,0.000474435105586952,0.996770042935576
0.0722646401075769,0.000122585244993736,7.01665215559329e-10,0.0870818142837416,0.840530959662023
0.204453834700165,0.227437180172289,1.71289949515781e-05,0.565557975336312,0.00253388079628273
0.00513231649659893,0.989574931273966,5.43684923019204e-05,0.00523610209466437,2.28164246878262e-06
8.59467136656581e-06,0.996846270616897,4.46940796350443e-06,0.00314065549767485,9.80609766233637e-09
1.62259503651703e-06,0.999914345385785,7.92312475378015e-05,4.80076855681964e-06,3.0841968007299e-12
0.00939240407138744,0.653237018953143,0.309229135285661,0.0281414416898078,6.12984388968454e-62
4.63498003148544e-05,0.00201642021515438,0.997934637080782,2.59290374902732e-06,4.39704593884065e-67
2.3343373412375e-06,0.000529632042405998,6.91535143620973e-09,0.996500935140608,0.0029670915642935
0.00182576876022929,0.0830623993798498,6.05722713736699e-05,0.915051259588547,1.18539181977382e-57
1.68859634891654e-07,2.78011955694078e-09,1.03291261700485e-17,0.00633090584733369,0.993668922512912
0.000308349990399754,0.00350441596058652,3.5512765024602e-05,0.996127135448912,2.4585835077216e-05
3.19312423346592e-06,0.997950973128586,8.59884799425091e-07,0.00204497386238135,3.17529825040154e-61
0.00438986325576188,0.0237431403012149,5.28593253708452e-10,0.560954636421271,0.410912359493159
0.00454370993042864,7.19077476964628e-07,1.18417230623085e-08,0.971705946409826,0.0237496127405456
0.0140719101753009,0.0161081702757562,0.000641630744082332,0.968897181093788,0.000281107711072665
0.546643660027208,0.215326117185001,0.185773969240482,0.0522562535473094,5.40996010570001e-60
9.52356839588226e-05,0.00124224831378849,0.99866245312604,6.28762123888043e-08,1.58078278026211e-68
7.24462700329454e-06,0.844849272580581,0.155134370032676,9.11275973973201e-06,3.86384501272751e-66
0.603667339698208,0.3482239065951,0.000147266953211735,0.0477551411734769,0.000206345580003039
0.205500828482335,0.000100752793097827,0.794397927276569,4.91413119952881e-07,3.48777059512552e-11
0.0864829638632963,8.2853565139497e-06,7.52553109406103e-10,0.000503021134516799,0.91300572889312
0.000121844904913368,0.996759615842007,0.00110152915485752,0.00201701009822237,3.10280043201815e-62
0.00235779209207286,0.00412677152204919,0.980652921871457,0.012862513185366,1.32905445216822e-09
0.006634749624044,4.42049752861074e-06,3.28603967626254e-11,0.00120809167110763,0.992152738174459
6.67898789902796e-06,2.65732574014778e-10,5.18228070585388e-17,0.00146864756694361,0.998524673179425
0.396220475816094,0.00136078325390191,6.36772794636765e-05,0.595781652991106,0.00657341065943384
3.50775537590892e-05,8.72904905964736e-08,1.5857048786526e-12,0.308919981154294,0.69104485399987
0.00414789465053315,0.876578532044427,1.00495743354229e-05,0.119053610521765,0.000209913208939817
0.0392087562313211,0.000138997119842466,3.63289164704987e-09,0.813170379799204,0.147481863216741
0.0814557791004358,0.913027204369823,0.00134236153291732,0.00417288887971805,1.76611710555302e-06
1.42126547531729e-08,0.999988721237478,4.42607252750398e-06,6.83847733998317e-06,6.41384015696319e-65
0.000217325026831531,5.10819167315388e-09,0.999782669789447,7.55300899980878e-11,5.50843330521681e-17
0.935988425884461,5.42581841044641e-06,5.10775226233139e-08,0.00471350337445931,0.0592925938451468
0.00481072743043599,7.63096410334678e-06,9.13489150032517e-11,0.00483001859295645,0.990351622921155
0.000634581644985578,7.19511480620873e-05,0.999292550840775,9.16366177324651e-07,4.17017195073554e-67
0.0150187567587233,0.886551988443579,0.000347453832956586,0.0980179991748405,6.38017899006085e-05
1.58777427597449e-06,0.982149925063706,0.00303220272163525,0.0148162844403823,3.87772461570703e-63
0.0102000606071393,2.02009414413824e-06,0.989796527406664,1.39189205242942e-06,1.83026002307028e-65
1.04679200734508e-06,0.999909296887558,3.55888075429306e-06,8.60974396806356e-05,1.46440579433783e-63
0.00135395047744608,0.3039560501626,0.00569747666796153,0.688992002448047,5.20243945351594e-07
0.00536970098466079,0.262827318080899,0.731795361891554,7.61903070863333e-06,1.2177452879275e-11
0.00188394885620814,2.39119896285322e-06,1.44322643087141e-12,0.243418269397195,0.754695390546191
0.000269445061449021,0.00507295218626059,0.000159897076841707,0.994496799775483,9.05899965303037e-07
0.00012484833234338,1.35900228078252e-09,5.49165195128308e-15,0.000343430600751684,0.999531719707897
6.07754893712646e-05,8.01390607079632e-06,1.57190577786279e-10,0.412447143137392,0.587484067309975
0.915893066669398,0.000252906795205307,1.59905053315431e-08,0.00317333989078242,0.0806806706541087
0.00142544314766584,0.997091901237582,0.00131293440385759,0.000169721210894428,6.00865119818328e-62
0.00160908057579112,0.00268055566859461,0.917253394310737,0.0784569694448771,1.22536562596632e-62
3.45248088437449e-05,4.87176474611281e-08,0.999965426330575,1.42933647840449e-10,4.7833332584558e-71
0.0209945144297645,0.0427119427896664,0.00177273974545912,0.934490267066362,3.05359687476135e-05
0.00174571580053482,0.000588634667595748,4.91982250566753e-07,0.992282796142536,0.0053823614070831
3.84450327330301e-05,0.000592591583748599,0.999368956338414,7.04510412765557e-09,6.72717732354247e-69
0.0274894620971352,0.0139826998066306,4.96889332295690e-09,0.335494315597588,0.623033517529753
0.000785487237558446,0.998717411378171,0.0001145422176915,0.000382488965749812,7.02008289731375e-08
0.0383547203672592,0.30352450265703,0.655767576268444,0.00235320070726669,1.17468153362755e-61
0.000268700947919934,4.25677105592267e-07,2.87464231439892e-14,0.000729904066519217,0.999000969308426
0.00307966020500934,0.817305292349467,0.0611762603091655,0.118438787136358,7.8478304255624e-61
0.0713869405669411,0.00156688992341619,1.23494096718892e-06,0.841953757206971,0.0850911773617049
0.990083289404463,0.00164813206309275,1.92314292677884e-06,0.00643485446826624,0.00183180092125075
5.96958717255991e-05,0.997742996187349,2.7047130393721e-07,0.00218292073087335,1.41167387483073e-05
5.58181859758942e-07,0.999587114368737,0.000405209706763363,7.11774263967444e-06,3.29150961019001e-66
0.994772024800851,8.36304692834346e-08,1.82337902411871e-05,0.00520965777843813,4.94408736950564e-58
0.00275715732691965,0.000305334012405051,0.996937479892302,2.87682195602753e-08,1.54136485229924e-13
0.990848966383575,4.17176533692038e-06,1.33131621662566e-08,8.12010811953936e-05,0.00906564745673044
0.202745218197142,0.754232337169563,3.00357482193689e-05,0.0416039536244831,0.00138845526059335
1.30782629604486e-08,0.999994314002844,5.36407839952386e-06,3.08840146812838e-07,3.46610843875325e-13
2.77520607228016e-06,0.999346582032875,9.71968319750821e-06,0.000640922659315239,4.18539767015194e-10
0.0100880657037357,0.641764822329521,0.347860915439445,0.000286196018069459,5.09228441063318e-10
0.0011280113484304,0.00112779456846353,1.69820188772917e-09,0.248518720493788,0.749225471891116
0.0339997072367976,1.39351506854771e-06,0.965998891530639,7.71741751769420e-09,7.72290849392611e-14
0.890339075746173,0.000280532141324723,0.109379013375736,1.37597707043323e-06,2.75969629039729e-09
7.21852538631541e-06,0.999859150009323,4.92417458337168e-05,8.43863823669998e-05,3.33708997352495e-09
0.00247008721834578,0.990751810888418,0.00160038155497753,0.00517759087036028,1.29467898906582e-07
1.4058843798876e-05,0.996370877215386,0.000224465127215689,0.00339059324346779,5.57013212150619e-09
0.110291484411487,0.0139618960049338,0.874969086447663,0.000777533135916048,1.26458618308151e-61
2.4510262658144e-05,0.000154197036277924,0.999821036885008,2.55816056132501e-07,8.1786420014941e-68
1.29605530235144e-05,3.29311151333338e-08,2.06609752448554e-13,0.182866304193214,0.817120702322441
0.00847110170825469,0.00264994247648362,1.32500734667926e-09,0.0205697084160578,0.968309246074197
0.99511429735415,1.72294502844931e-05,0.00471353622913379,0.000152982495658804,1.954470773047e-06
0.00121149974285948,0.544777604631489,0.453985430359271,2.54652663810126e-05,5.10339064528361e-65
0.918180482095996,0.000341100173671555,0.000320155429456595,0.0807475879199382,0.000410674380937305
0.049726970319107,0.0137963809650946,3.16969343250421e-05,0.935802341067221,0.000642610714252519
0.000508708514738397,0.000160120894364136,0.999330901737147,2.68853749968005e-07,1.34726512238508e-67
2.28520939433182e-05,0.917799403031348,0.0821074018104058,7.03430643025045e-05,3.71815667612557e-65
0.00820072061313781,0.352358937143719,0.0942534485154796,0.545186893727663,2.45942606291791e-60
3.62213292824205e-06,6.16678011111392e-05,0.9999347027072,7.3587611622887e-09,2.78958767794274e-69
4.29785466217028e-05,0.00119926388737174,1.49713934486192e-06,0.998692225400665,6.40350259963337e-05
0.000913200688292552,1.1042199042399e-05,6.30160989505565e-11,0.710561742790186,0.288514014259463
2.28158622015917e-07,2.645798781216e-11,6.12346255282529e-20,0.000193630030602552,0.999806141784317
5.57589224922098e-05,0.974766326141567,2.43902165143897e-08,0.0210007969334894,0.0041770936122347
0.0150488647959447,0.00504194621362999,1.04847528979142e-05,0.977426272187294,0.00247243205023338
8.15371343259914e-05,4.94598912596515e-05,1.72064272097499e-10,0.947529409812967,0.0523395929893834
0.997343835808004,5.71600862618241e-06,0.00263261075781905,1.76674543842711e-05,1.69971166453644e-07
0.021984020700657,0.244488521713763,8.63065688791894e-06,0.729698693570937,0.00382013335775441
0.120858410677758,0.0657868247406743,0.808350931025288,0.00500383355627955,1.04423835770569e-62
1.38359884740065e-06,7.21115122028278e-07,0.999997890491698,4.79433230152464e-09,8.44698755774091e-70
0.0749928770429884,0.877298015255651,0.0351190192097537,0.0125899729709191,1.15520687774914e-07
0.00151996748350001,0.904684115910078,0.000233144635349263,0.0935625487115179,2.23259554712371e-07
2.84427082579575e-05,0.655725627314528,0.258133178873433,0.0861127511037804,1.81666903536426e-62
0.115750846269634,2.1361823421041e-05,2.98524083464497e-10,0.0220873827413244,0.862140408867097
0.000196652806682685,0.991188051944758,0.00432157784996332,0.00429371739859621,8.62098176784123e-63
0.937901224186156,0.0295371661372761,1.43941194371042e-06,0.0175646840427586,0.0149954862218652
1.72955051255451e-06,0.000279142879624262,0.999719108018589,1.95512739805845e-08,2.63383695044567e-69
0.999392989200115,0.000216199609923585,4.79650790675774e-05,0.000188352379664222,0.000154493731229985
0.000154075134401739,0.998391547239711,2.95399371330982e-05,0.00142483768875378,1.46284365549584e-60
0.00902562405354691,0.0758733841662454,0.910887858348333,0.0042131316944437,1.73743159911091e-09
0.801656347436486,0.164542995736223,0.00353334579905787,0.030062551161677,0.000204759866555946
0.045759760179108,0.0103332289010649,0.929113252430449,0.014793710235001,4.82543770856213e-08
0.160441933531968,6.69098928218274e-05,0.00974241493798411,0.829748741637226,2.22842190774922e-59
0.0028819131402044,0.00496392130251894,7.05087034971438e-07,0.985949209231224,0.0062042512390181
0.000658733674118851,0.989931754216849,0.000158576738049868,0.00925058696402488,3.48406957210868e-07
1.02172319049931e-05,6.02832103910033e-10,0.99998978213276,3.2502541802814e-11,6.57953881714275e-72
0.000164088640568846,9.00264821423761e-05,3.88927549594007e-09,0.959751755702481,0.0399941252855321
0.0169139993652616,1.72557880802069e-06,0.983084249949625,2.51062656486268e-08,3.95105692823541e-14
4.70388463970505e-05,4.69113605421345e-06,0.999948263352462,6.6650868491944e-09,4.22736664626723e-69
0.0580240377314036,0.0162032583211372,0.925442340325705,0.000330363621753855,3.41650662320964e-63
3.04673636115763e-05,9.95752153341379e-08,4.04864523110225e-11,0.800349967114394,0.199619465906293
0.0746417805033636,0.334330492179858,0.551561403690412,0.0394663027367065,2.08896598114639e-08
9.97772034916256e-05,0.995763175123731,0.00413216170428524,4.88595147079827e-06,1.7021690869795e-11
0.317740381694862,0.0129210369168325,0.000191128019621205,0.654823748789908,0.014323704578777
0.000101700911945389,1.28937690107971e-07,1.69693436626383e-13,0.0132629386287843,0.986635231521411
2.17792752604608e-05,0.116629342376463,0.883345176706223,3.70164205336105e-06,2.55624231170987e-67
8.24245135632815e-05,0.00230393052712511,5.07005180141948e-09,0.997496102052266,0.000117537836993679
0.283303043956327,0.204192756834595,0.245758933950975,0.266743313197165,1.95206093753257e-06
8.47901955511101e-05,8.75521303320047e-05,1.15535515540685e-10,0.988501685974106,0.0113259715844751
0.0163833789034203,0.947214771267718,0.0363676300110853,3.42194630019117e-05,3.54774539071941e-10
6.68751132897302e-05,4.37577755824074e-07,2.07586819096508e-12,0.0383933406129958,0.961539346693883
0.950583567508954,0.0365483395239036,0.0127986578910912,6.85266434880175e-05,9.08432563017578e-07
1.14512070697721e-06,1.56730416439236e-06,1.25017808915714e-10,0.944985497401279,0.0550117900488321
0.00363668763191549,0.776531823343156,0.219432287651711,0.000399201373218473,3.14297854340397e-63
0.0151527906475586,0.184927662935286,0.795411207952043,0.00450833607366538,2.39144689441346e-09
0.000424369886191883,1.77463295959583e-05,0.999512979444368,4.49043398438817e-05,1.65554482272072e-65
0.00397533210516243,0.00042112316431702,3.41010626953857e-08,0.93581526555197,0.0597882450774879
2.39086303880428e-07,5.99574009197722e-08,1.70134417566773e-14,0.896600736467239,0.10339896448904
0.00419775174341797,0.180490414658386,1.13794925153242e-07,0.81361858497371,0.00169313482956056
4.18694326302736e-05,3.25262381682463e-06,2.61377551520937e-12,0.118683946721891,0.881270931219048
0.82505578371668,8.17462857813616e-06,1.11491729462006e-05,0.169865339602866,0.00505955287892879
0.50464007762627,0.011061007805009,0.484167291828997,0.000131563750969423,5.89887551607842e-08
0.0329770299040699,0.00211712675528566,1.8314833919174e-07,0.725981296743704,0.238924363448602
9.05539951642892e-07,1.29611974099365e-07,6.93298517823345e-16,0.0100518712834805,0.989947093564593
0.889804718239182,0.0140823384086166,0.00023951124012727,0.0957031193707288,0.000170312741345254
0.984194411638946,4.27586954220484e-05,0.0157591344116191,3.695063362596e-06,1.90650000972332e-10
2.17638563143521e-05,1.60241981566381e-08,0.999978220104623,1.48641533601045e-11,1.52577020436904e-71
0.0591587537320117,2.84571744552599e-07,0.940837980690846,2.98095951414241e-06,4.58839897663568e-11
1.0781790543506e-07,0.999938628879425,2.63072670404498e-05,3.49560302443961e-05,5.38442245991366e-12
1.17960311656032e-08,1.05930682115213e-10,9.77923629250016e-19,0.00819765059997287,0.991802337498065
1.47529568971875e-05,0.053357699145603,6.05404389063827e-08,0.946555357830158,7.21295269031639e-05
2.74446687285983e-07,1.3104823548959e-06,5.41991076819848e-15,0.0932209301853443,0.906777484885608
0.0189214356440211,0.000890528659442468,2.43450187599464e-10,0.00421982217438567,0.975968213278701
0.00138595799642261,0.180641246040503,8.46280333097706e-07,0.816078281931458,0.00189366775128313
0.0211497679142719,0.941351562831252,0.0336442637613454,0.00385404358458913,3.61908541477754e-07
0.0231549564500896,0.0967340487869569,0.857719841353765,0.0223911474299,5.97928909540335e-09
2.36738421822695e-05,3.02792740119001e-05,2.81007662530953e-13,0.0359917417098085,0.963954305173716
0.00135920800740623,0.00177835169044936,1.01517105401668e-05,0.994381508965907,0.00247077962569683
0.000276985742779075,0.991532817204303,0.006121324307246,0.00206887274567231,9.30020619599886e-63
5.07548806326546e-05,1.79969279694358e-10,4.81466519392903e-16,0.00220525633709525,0.997743988602302
0.000567482666279695,0.919723185567346,0.0796180209278292,9.13108385448578e-05,2.77935071161443e-64
0.35431585797461,0.429472358856709,0.000710060930164755,0.215124432211336,0.000377290027180312
1.32629830624228e-06,0.764265637670118,3.12354332648619e-06,0.235729744726308,1.67761941852056e-07
2.71472668827952e-06,8.25064258127639e-06,0.999989031190978,3.43975217798901e-09,2.55512393297752e-70
3.2838561200295e-05,0.994513045223515,0.00027501902052743,0.0051790971947575,2.80584793077627e-61
0.877131168780007,0.000689311148005939,0.0361225676154833,0.0860456667662979,1.12856902061158e-05
0.999962005634661,8.41245866429456e-06,1.30880124791447e-05,9.69111832750811e-06,6.80277586828598e-06
0.00288476692011114,0.000154419702804317,0.996954642748591,6.17059615875765e-06,3.23347259563191e-11
0.000100003548829845,0.819252513344652,0.00204698605632939,0.178600497050189,1.47473024840439e-61
6.80624508829261e-05,0.996473652197344,5.66095039019306e-06,0.00345257280105769,5.16003254752382e-08
0.000800181940479006,2.78009765505963e-05,1.25516948128803e-05,0.999156029686029,3.4357021280844e-06
3.03511125742071e-05,0.00608690434130697,0.993880539133849,2.20541226996532e-06,4.24891955998639e-67
0.013893470695758,0.985969158359392,1.82422106173078e-06,0.000106984935478448,2.85617883099028e-05
0.383757034247359,0.0013869934449524,0.614765829859057,9.01409391608481e-05,1.50947087499633e-09
0.000648835948263256,5.89843526572796e-05,0.99929217046424,9.23483942419989e-09,3.68831738750148e-68
0.810864520214702,0.18850519683662,0.00019461825637135,0.000198175907443731,0.000237488784863138
0.000798191106972556,0.0110117910700184,5.48198144874116e-09,0.883032619044162,0.105157393296866
0.00101766953651881,4.11113645547398e-07,3.94909458534019e-12,0.55829004957451,0.440691869771376
2.98598317117771e-06,5.3521301191556e-05,0.999943464156129,2.85595086386202e-08,1.20404248737693e-69
4.64615721913337e-05,0.998064524460795,0.000147285865804097,0.00174172810120935,1.82272982819884e-62
0.0048915766975787,0.909048819026026,0.0842922052523369,0.00176739755060672,1.47345157936389e-09
5.67313835515847e-06,5.50770000772626e-08,1.4504221606824e-16,0.000797822814880585,0.999196448969764
0.00117994369917012,0.662202928220936,7.71265855209668e-08,0.332624579084922,0.00399247186838673
0.938479659895319,1.17065784280389e-05,2.1792594154978e-08,0.00407185041936146,0.057436761314297
0.999977714639604,1.86745362253947e-07,1.79566024966071e-05,2.53937078483355e-06,1.60264175214551e-06
2.1254029594103e-06,0.998919767724409,0.000965786650293126,0.000112320222338501,9.76589130958864e-64
0.000120625316449418,6.31056744573439e-07,1.55247907939796e-11,0.984236233241211,0.0156425103700704
8.71951028899643e-07,0.999753875795977,0.000243127666088063,2.12458690621471e-06,8.73793237419798e-66
0.00708153532026108,0.970285902104949,0.0105125008915535,0.0121200616832364,2.91572661271016e-61
1.27515989235424e-05,0.00745266420327363,5.56127579841512e-06,0.992526732180811,2.29074119382701e-06
3.49118056535261e-05,0.679664483089297,7.1940252825256e-05,0.320228664852224,7.66774660895032e-61
0.234685003293721,0.00326796601986369,5.25743554930551e-05,0.747419970035124,0.0145744862957991
6.10113305878632e-06,8.79362193203242e-06,0.999985102861223,2.38378589336794e-09,5.93014352718098e-70
2.86719899950272e-05,5.79488598503877e-07,9.54612869145161e-13,0.0478884603802404,0.952082288140211
1.81949402347898e-05,0.0426179171529399,1.46058645902941e-05,0.957343862114252,5.41992798262277e-06
6.84829942825635e-07,1.66651323051212e-10,6.21078588434955e-18,0.000457370533295173,0.999541944470111
0.000132349667520179,0.981868806730662,0.0138411322007455,0.00415771140107246,1.34179440193533e-63
0.00123032690190697,0.973123368565353,0.00317020078067892,0.022476103752061,6.28434994286752e-61
1.80945470535358e-05,1.59736515286191e-07,3.68116026297049e-10,0.99310168056255,0.00688006478576568
0.000149071791536347,0.977344151593285,4.38859279506861e-05,0.0224628906872275,5.37804131458592e-61
0.00191592905038156,0.746458743654462,0.0384624553756859,0.213162837243404,3.46760664937899e-08
0.000421282632008173,0.808177033339149,7.94464797269364e-08,0.186706904543496,0.00469470003886703
0.012666791295013,0.981854894425748,2.29519315620519e-06,0.00531341028112555,0.000162608804957655
0.000286711778119438,9.05685726328112e-06,3.82321734900781e-09,0.995967185389707,0.00373704215169299
0.000427320539008994,0.131052560192091,0.863294570329449,0.00522554870520176,2.34249264910316e-10
6.17752846522184e-06,0.99767358997663,0.00230658921940663,1.36432754978841e-05,5.2702247634224e-65
0.995177919119989,7.53015873606004e-09,0.00482204771578146,2.54416281394654e-08,1.92442837249939e-10
1.98896944050422e-06,0.00322436662659635,0.996773623615273,2.07886899447861e-08,6.82607681319319e-69
0.0148083419904718,1.65512530721118e-06,0.985189905531144,9.73520561643992e-08,1.02111134211386e-12
0.000191390855907284,0.822013313698627,0.17752518195453,0.00027011314092751,3.50008277730042e-10
0.0160716991380451,0.00720099537890597,0.976724015677991,3.28980505776729e-06,8.48038248758514e-65
0.999776789589754,2.13700008833084e-06,0.000220875538449399,1.77562456199315e-07,2.0309251753446e-08
0.000711580671743107,0.981041948288986,0.0158175233001427,0.00242894773912816,8.54882107989786e-64
0.000315398614146001,1.33380370518914e-11,0.999684601365288,7.22772297159476e-12,1.64288103285438e-71
0.000152322502874866,0.951311245660013,0.0485261705166584,1.02613204535774e-05,5.32214059205484e-65
0.999073594615123,1.21786914587822e-07,5.63813490468936e-07,0.000199197332172014,0.000726522452299803
0.908974786803388,3.06835635275177e-05,6.91757296486079e-09,0.000109168452572722,0.0908853542629385
0.00748432804845581,0.000116871983015212,0.991998883689443,0.000399916240958302,3.81279908102886e-11
0.000160510829241644,0.172267453006265,4.86394208426267e-07,0.82746376865649,0.000107781113795194
1.65299148798079e-06,7.98118969850628e-07,0.999997547777155,1.11238675895468e-09,1.03755119770491e-70
0.999995649336135,2.11993820529372e-07,2.86823397129033e-06,7.9824317741775e-07,4.72192895050676e-07
9.73275528977406e-06,0.960889098525357,0.0391002742355848,8.94483513319842e-07,2.55139487634608e-13
4.71456002917598e-05,0.955760729317202,0.0440720034581826,0.000120121624323717,1.25403604916624e-64
0.995486799810885,7.18994045641674e-09,2.99663182777374e-08,0.000134274079346837,0.00437888895350918
0.000307106428158755,0.99857505710451,0.00039296918483251,0.000724830170059996,3.71124387678189e-08
7.58745786599008e-06,1.77018828450536e-06,1.71735315628462e-14,0.0220355355173275,0.977955106836505
0.00195077620978417,0.0716991669553889,9.14168485574693e-10,0.122684481435851,0.803665574484807
0.00185746433368018,0.967380645947627,0.0276166433705211,0.00314524634817178,8.21061777239106e-62
0.000131471744686768,0.686372047920199,0.313425407971391,7.10723637237094e-05,7.73390349304832e-66
3.80930139410046e-05,0.998357907928126,5.82365651042641e-06,0.00159817540142289,8.47764912187067e-62
8.2946406154409e-06,4.62814464122253e-09,0.999991700706742,2.44977231200375e-11,2.72408812135965e-72
0.000141388040422797,0.998624561049943,5.61677160924936e-05,0.00117775955623424,1.23637307517474e-07
0.00010862043307999,0.553754450187115,6.83665615841614e-08,0.446136861013244,1.54644597769109e-57
0.0030650067230285,0.96705478096496,0.00170025845109358,0.0281799538609177,1.60875124527803e-61
0.000438298530927098,0.000414223208379171,0.999147395831271,8.24293933651936e-08,2.89976906640091e-14
0.0379280827092591,0.0081763327633256,0.937754257063596,0.0161413083071084,1.91567112714677e-08
0.000580501954873326,0.00105412896639839,0.998365222713744,1.46364984867277e-07,4.62629264640538e-67
0.00702768043230258,4.50093611475036e-06,0.992967676733161,1.41897355934658e-07,1.06598187707766e-12
0.149520585574363,4.21697509949058e-07,0.850478484611838,5.08106411857523e-07,9.87642480304635e-12
0.205879760213447,1.29915826553999e-05,0.794068764454263,3.84837496344058e-05,7.71826535940884e-63
0.111919404002594,0.0055110333818289,4.81577915381405e-08,0.519773804703475,0.362795709754311
0.395009783654199,0.109090548301382,0.495777634976961,0.000122032415107076,6.52350422859992e-10
0.000578052246816951,0.97214331138407,0.0121293691444698,0.015148776825137,4.90399506338143e-07
0.99998528419438,1.11120561587505e-07,2.88635388330665e-07,1.00848910915896e-05,4.23115857887577e-06
0.00162984563543979,0.000637676830500517,9.29306671225443e-08,0.970608621097695,0.0271237635056981
0.974692867243935,0.0106328926627915,0.00650935177166198,0.00814256204694214,2.23262746692414e-05
0.00628560470500932,0.063660640689362,0.924847384416424,0.00520636717279848,3.01640620115519e-09
0.46415628096916,0.456718194923529,0.0591491231310144,0.019974342145639,2.05883065741192e-06
0.0431569597509337,7.83661219172845e-06,8.75584819016733e-12,0.000135481620162232,0.956699722007956
3.42191657583521e-07,0.999969279757704,1.42210462050535e-07,3.02348098960901e-05,1.03027988982922e-09
0.0420993777933131,0.004347922529732,0.953461082739967,9.16063649736328e-05,1.05720137361405e-08
0.994189262682724,0.00183454226491313,0.000156407479076357,0.00318324304047753,0.000636544532809183
0.694328928636836,0.0167417635904218,0.28837834557956,0.000550942714076516,1.9479105784733e-08
0.00292420123356752,0.77600694857141,0.221043876801289,2.49733937331605e-05,2.41458080121199e-64
1.01983477518011e-06,1.89029459094522e-07,3.75465132525278e-16,0.0700794908521378,0.929919300283627
0.899049361992424,0.0640047721797167,0.0348661548535218,0.00207961014516703,1.00829170832746e-07
0.977664389721966,9.67362430321177e-07,0.0222678358760125,6.67966611436638e-05,1.03784471270621e-08
0.938589308766161,1.00318875152567e-05,3.00184563157282e-08,0.000709182172200253,0.0606914471556669
0.000174896348533499,0.0246693854075403,0.975152610497963,3.1077459629987e-06,5.94714030715799e-67
0.879114960111721,0.00764293340516924,0.112645784110671,0.000596075991765423,2.4638067389416e-07
0.00257324078381331,0.309555301075379,0.687806441480529,6.50166602786275e-05,5.38623426347995e-65
0.0013699577227172,0.997883704748074,1.54851977495331e-05,0.000722825298562337,8.02703289716293e-06
9.34717660252073e-06,1.98215121712272e-09,0.999990650240556,6.00690732801297e-10,6.24518864669811e-71
1.3711608826208e-05,1.40595273373724e-10,1.40818380873738e-16,0.000703867186661235,0.999282421063917
0.999976665035994,3.08375732603674e-06,6.86010286169978e-06,1.21942371112838e-05,1.19686670688141e-06
2.82919503321709e-06,0.000432004538962519,2.945973243651e-08,0.99954532572596,1.98110803113304e-05
0.000378971579439908,0.999320734079555,2.92487437255241e-05,0.000270518086039066,5.27511240898137e-07
0.00035255625279205,0.983892067203676,0.00132295182909912,0.0144323636144325,6.11000008981148e-08
0.996272972898383,1.1827811074812e-06,2.85139779824499e-09,7.0576719959253e-05,0.00365526474915233
2.4649943262283e-07,0.999977364263539,8.20619321605453e-06,1.41830215134107e-05,2.22986717213673e-11
0.0021670136968092,0.00654409417568183,8.83139147065176e-07,0.890322346811137,0.100965662177224
0.112181958652417,0.819129155253201,0.000684283619167501,0.0678725145194342,0.000132087955779455
0.00160437517794435,0.000383649163964129,9.29002392697079e-08,0.98365472111482,0.0143571616430326
0.995807928978252,0.00377147224834407,0.000110442632712936,0.00028851005907564,2.1646081614991e-05
0.00154452497451263,0.927264060504874,1.47067974966962e-09,0.0397029292245513,0.0314884838253823
0.0002080363294458,8.20245416614132e-05,0.999709933182846,5.94604727724351e-09,1.94348840872293e-68
0.000436659234661973,1.35649264462739e-06,3.45601541221303e-13,0.0605019275941824,0.939060056678165
2.07222001318358e-06,1.0875813915593e-10,1.33888106902287e-18,0.000570331449254553,0.999427596221974
0.00105022360944349,0.00513248168724139,9.45678672847616e-08,0.99146733289315,0.00234986724229821
0.00243477097454309,0.85511548248985,1.13708667505894e-05,0.142416223486674,2.21521821823668e-05
0.529472958949897,3.74586716058735e-05,8.26987329467427e-10,0.00286626374938234,0.467623317802128
0.514664103895573,0.423015739325454,0.00933706585048369,0.0529271810555097,5.59098729795705e-05
0.335517554259569,5.71745297760104e-05,6.38541355468029e-07,0.607490670441044,0.0569339622282547
0.100783281849659,0.00251517467252976,0.896699323099136,2.22035764697214e-06,2.10285106303944e-11
0.160658579461779,0.340156588911856,8.30778291491331e-05,0.499101753797215,1.11706522353042e-57
0.280434488416566,9.46932281594761e-09,0.719565343956334,1.58157777001424e-07,4.82752430513863e-66
0.485316674372442,0.00143344557277936,0.506323434243631,0.00691852836549409,7.91744565374459e-06
0.000207617845779084,0.994104187046261,0.00566919570101427,1.89994069454755e-05,2.50579679047819e-64
8.11590841422439e-07,0.999617886506834,7.93307333236069e-05,0.000301971169000536,4.82749220371171e-64
3.07525900189335e-05,0.619066497310087,0.38013722513546,0.000765524964434856,2.33178236633717e-64
2.57772744973304e-06,0.151859568156675,0.848136513613548,1.34050232802618e-06,6.95892228635033e-68
0.005340431301558,0.0145956755805088,1.91689742948583e-07,0.961982204523543,0.0180814969046467
0.179017173715666,0.698355841150241,0.110828251350263,0.0117986235560962,1.10227733801326e-07
3.91020521078574e-06,0.999975420211393,1.9002055706752e-05,1.66749377698871e-06,3.39124198108512e-11
0.00299994299090331,0.0206149430950333,0.811725644935082,0.164659468978982,6.58681660013977e-61
1.9535095820148e-08,3.29984046252376e-10,3.85755589454161e-18,0.0253039889964516,0.974695991138468
0.000188858052794037,0.105388521831709,0.894296032683949,0.000126587431547279,3.44720040306845e-65
0.00186336489395701,6.66871824492106e-05,6.71105922708147e-09,0.805069966995695,0.19299997421684
0.000339531668623219,0.959226945669024,0.00587448493839458,0.0345590377239581,7.78019132608525e-63
0.078543243464248,0.0247177965871247,3.076146242134e-08,0.551205447365487,0.345533481821678
0.13434652041782,0.0449058945915437,0.00244339144974907,0.818217239362906,8.69541779808664e-05
0.106207943815193,0.632393450335195,0.260762930913342,0.000635674936270092,5.11363653071605e-63
0.437033101711625,0.345379978162657,0.011930437673012,0.205599238853026,5.72435996798142e-05
0.000218321146721878,0.000403919132157398,7.83395083944834e-08,0.997122960862425,0.00225472051918762
0.589557125391935,0.00771873248361334,0.000517939358511402,0.401345888272916,0.000860314493024353
0.48682967225121,0.259984264151862,0.193833455724917,0.059352607872011,4.02912734351321e-60
0.000111553702245036,0.992627096570098,0.00714910083471297,0.000112248892944127,1.14684113219557e-63
0.00301855626544297,1.03301806255689e-08,0.996981432604242,8.00134468719646e-10,3.45027019443917e-69
0.99664529113863,2.24595925001738e-06,0.0033523063480552,1.53106866643051e-07,3.44719835244516e-09
0.00207949814802442,5.43503556657568e-05,0.997866127548528,2.39477574715572e-08,2.41629227005059e-14
1.1562709359417e-06,0.999703797824337,6.30682865759652e-07,0.000294393728949135,2.14929126204916e-08
0.354239303023277,0.000118919362837521,0.645638670466964,3.10714692206941e-06,3.59639175694578e-64
0.066681542104932,0.497923273644193,0.334227119609843,0.101167937953185,1.26687847333357e-07
2.61710784125544e-06,0.999612635520524,0.000351771971927058,3.29753997080072e-05,4.5946956619782e-65
7.39723765623687e-07,0.98639485599853,0.0135833055356975,2.1098742006487e-05,1.28685497693072e-65
1.21095525745021e-05,0.973234539518483,0.0266749833014795,7.83676274629106e-05,2.73222008983372e-65
3.16734267970681e-05,6.1797699647344e-08,3.38592692754097e-15,0.000858949000869918,0.99910931577463
0.0852906439205904,0.00134035850273463,5.13889127170264e-08,0.0930031470516801,0.820365799136082
0.0209161285126836,0.738778455859501,0.235656076032105,0.00464933186229976,7.73341137111897e-09
0.00483644597708965,2.48764279541743e-05,2.98252050895072e-06,0.989574633122482,0.00556106195196566
0.00349579729349615,0.0890233730511259,0.907468235584478,1.25940480029853e-05,2.28972139543868e-11
2.04615302141219e-07,2.02693546208718e-12,3.53640162538333e-20,0.000158219785848449,0.999841575596822
0.000228137196297904,0.000119117972567553,9.72847892689252e-12,0.0264396211744871,0.973213123646919
0.000203797808935725,1.57138306267748e-07,9.73563382421457e-12,0.265791881804192,0.73400416323883
