0.432636967820911,4.82454670035232e-06,0.0437862937433168,0.519200328957887,0.00437158493118445
0.709680237930998,5.44681858816802e-05,0.0160486670992278,0.231735845940333,0.0424807808435593
0.0302239156538748,0,0.969668224530339,1.63181734319338e-07,0.000107696634052272
0.0490033392655735,4.66614603925962e-136,0.558064260611324,0.392526853310055,0.000405546813047484
0.0474544105033501,0.0224886089963926,2.36878405039396e-06,0.929987021590405,6.75901258021214e-05
0.967447429552168,1.22977418824918e-06,0.00730594746123864,0.00221527310064344,0.0230301201117615
0.992866108164319,1.59407864138351e-06,5.51516121453864e-05,0.00704837985475966,2.87662901346632e-05
0.0020902851901622,0,0.997869768288465,5.20402012392077e-09,3.99413173523768e-05
0.0225579277930085,0.00191409811235193,4.57666602243054e-07,0.975521289911405,6.22651663200468e-06
0.0104675773648928,5.30193085987307e-07,6.69237961247996e-05,0.989464516241126,4.52404770571091e-07
0.00163843263079228,2.70981885594421e-156,0.830840111241059,0.167392098187777,0.000129357940371719
0.0648960280273445,0.888543809705511,1.34994741285799e-05,0.016197062794241,0.0303495999987747
0.0946622276120427,0.000111551168018284,0.00561928926906365,0.889468878289267,0.0101380536616085
0.00573897812217447,0.575424573634207,4.46063722907019e-05,0.000895933701745208,0.417895908169583
0.0287936203216229,1.56278356928236e-136,0.931966612954157,1.30320597431935e-05,0.039226734664477
0.000122348776208804,3.98705887098881e-05,1.16038514000448e-06,0.999836466762181,1.53487760311793e-07
1.17812087643479e-07,0.305537488082507,1.11736998813045e-09,1.78089304723064e-07,0.694462214898731
5.66258070426851e-05,0.616639624455532,9.28484923389766e-08,6.27533505009666e-05,0.383240903538432
0.046977001344701,0.000180298703146276,0.169286724799392,0.199750308551628,0.583805666601132
0.00340939806946179,0.0326396532170264,1.15946401993726e-06,4.11393208933915e-05,0.963908649928599
0.00117032580795434,0.439483014770945,3.65148307657411e-06,0.558637665421506,0.000705342516518416
0.653404399298619,0,0.344755640989027,0.000460693314477234,0.00137926639787611
0.0356268934994484,2.26250516759801e-153,0.118213603110614,0.846078500174003,8.10032159349831e-05
0.28382616411803,0.148565832817129,9.10377836786005e-05,0.012663031057341,0.554853934223821
0.00334102736202237,8.44042360583438e-139,0.930530868308653,8.82970661269138e-05,0.0660398072631978
0.000550982225404562,1.825865420682e-153,0.83168887701618,0.0100800476737975,0.157680093084618
0.0162072244108138,1.18914515988306e-132,0.00327550692283957,8.65695324770928e-05,0.98043069913387
0.760201555785777,0.00348710309729578,0.000178039762037523,0.0130567341932631,0.223076567161627
0.401187048490158,4.04386407350747e-12,0.596462397066096,0.0021147013384986,0.000235853101203661
3.7529894519242e-10,0.995523750017312,2.57347448131599e-12,1.2480530893133e-08,0.00447623712428421
0.98671949186401,0.00266960777376016,5.59699258241222e-05,0.00260099082615328,0.00795393961025218
1.68219388656942e-05,0.363636066130547,7.82409722984654e-09,0.636336532488986,1.05716175044263e-05
0.000230261499462899,0,0.999752443166117,1.6561095549335e-05,7.34238870933766e-07
0.000525751966070053,6.79846924085114e-05,8.96250701034175e-08,0.999405459374319,7.14342132855623e-07
0.732707943740507,2.09971833195782e-06,0.0394212008636577,0.0359785067695556,0.191890248907948
0.594751288505796,0,0.371703927475372,0.0335031172780834,4.16667407479491e-05
8.20526345787924e-10,0.00433415605367798,8.69600737642793e-11,6.91807877271845e-10,0.995665842347028
0.931335227981927,1.05374918989581e-06,0.0443601880559585,0.0188842651921827,0.00541926502074132
8.64154907527824e-05,4.9770262322292e-152,0.00210668969297521,0.997802866693065,4.02812320684161e-06
1.04074523913442e-06,0.0722311168459756,3.30413936103044e-08,7.87201939251628e-07,0.927767022165452
0.000104665284396861,0,0.999894938033904,9.86686811310242e-09,3.86814830526735e-07
6.8289732189501e-05,1.73365787298326e-160,0.999912080403969,6.96271406662311e-07,1.89335924347071e-05
0.0667876755397949,1.06447951114173e-156,0.930105246453205,0.000617034534820167,0.00249004347217967
0.000966880687444668,1.56736810388806e-21,0.00251950510230355,0.727906900531642,0.26860671367861
0.664006980473593,1.46121162372742e-05,0.235179244429175,0.0290477264567865,0.0717514365242085
0.000879317375523182,0.000237923285859009,2.43342601097726e-07,0.998882255020185,2.609758315052e-07
0.99763101024426,8.3319079395801e-09,0.000255830984432538,0.00205111876708549,6.2031672314408e-05
0.000189090682998037,0.00225726924027341,6.99147173595443e-09,0.997553619570388,1.35148690166376e-08
0.96330067424889,0.000172081385510436,0.000598038395872624,0.0343513442170999,0.00157786175262685
0.0388622965897897,5.01161512008917e-07,0.128972998886436,0.00196022258625208,0.83020398077601
0.144550703222497,0.000364971200485323,0.10700270742028,0.0935324836114466,0.654549134545292
3.7959084512005e-06,7.70684010224906e-161,0.999877333354693,1.09632461356405e-07,0.000118761104394887
6.78650416766293e-06,0.132429289570053,5.74298671452079e-08,4.75739330853075e-07,0.867563390756582
0.000396717083991749,2.17162392587358e-155,0.979969823735909,0.0194320230072258,0.000201436172873314
0.000703823783271329,0,0.999281364165125,3.61457044329805e-06,1.11974811607296e-05
0.00217647655157838,1.06738823554072e-22,0.00171609499059514,0.996046915949381,6.05125084459593e-05
0.0020642400548878,0.00449848660276059,0.000675899209983726,0.0441769847949912,0.948584389337377
0.0106677525689377,0.366218370329571,7.94351347572382e-06,0.00448685993750336,0.618619073650512
2.43618685086111e-05,0.994209497509522,3.32990391225048e-08,0.00484221036700766,0.00092389695592248
0.000179362967348353,0.00630595538793372,2.66241394643869e-09,0.993514250974952,4.2800735153065e-07
0.0807326634755095,0.0048850324014955,0.00395863647245577,0.348492233895347,0.561931433755192
0.00168802218080003,0.00382133819126184,8.80050924800166e-08,0.994490244048491,3.07574354994576e-07
0.00724977201411121,3.55613658146721e-161,0.992186034467342,6.72030196035075e-09,0.000564186798244763
0.202198691856785,0.177578299686475,9.16955499338979e-05,0.588538980880092,0.0315923320267136
0.00491085177878112,8.54172168848976e-140,0.989208425582036,5.60031778710058e-07,0.0058801626074037
0.0667553065923341,0.694416427265633,8.9952724598895e-07,0.237118430503483,0.0017089361113037
0.0115603560655376,2.28442089514294e-06,0.0242998650960002,0.963945808718986,0.000191685698581442
0.000114831090972775,0,0.99987763555597,5.24107066474436e-06,2.29228239279906e-06
0.00903653949540745,2.26395764869762e-07,0.000182997650871132,0.990779624958135,6.11499821252321e-07
0.000302145106406167,3.1510320383287e-155,0.981549154413792,0.0180686402155919,8.00602642104519e-05
0.00571551426393742,5.66251817439057e-153,0.860319334108617,0.126688268722769,0.00727688290467681
0.246460088705058,0.00255560534612707,3.45254300618297e-05,0.750745609633891,0.000204170884862077
0.00393090628043666,0.239207517933046,1.16263673456466e-06,0.0036665919386253,0.753193821211158
0.00264712039616876,5.32502384893629e-156,0.993562242864415,0.00361492005223297,0.000175716687183245
0.00435906870789955,0.386734493156963,5.39710653331363e-05,0.000696061752532622,0.608156405317272
0.00871861056038199,3.66543571970725e-157,0.964465057116698,2.09678796479281e-08,0.0268163113550401
0.118517363487779,0.00184663207751744,0.000193772402622866,0.000228225721071022,0.879214006311009
0.00332019258044162,9.54512888921847e-32,0.996285873839887,6.85001288148964e-07,0.000393248578382959
0.50702850755364,6.90185313715217e-29,0.492529486575819,0.000238808135473274,0.000203197735067041
0.00112055900774406,1.06749642750371e-161,0.998875311041859,4.04689291808385e-06,8.30574791042526e-08
0.574344935653483,0.384486066663164,6.86414666485977e-07,0.0320357847145493,0.00913252655413757
3.4852560072824e-06,1.22039624870512e-166,0.99999585587656,1.62280101572375e-10,6.58705152476473e-07
0.0042651217753555,0.134996561030322,5.0168192846488e-05,0.00520131597238595,0.85548683302909
0.000245325797526111,0,0.999314255854575,0.000348075231532759,9.23431163665948e-05
0.0150966708307206,2.77380186187911e-155,0.881772946045373,0.000340047214237978,0.102790335909668
0.100941776910914,4.0406009636952e-136,0.790001034480004,0.0505454776693896,0.0585117109396923
0.00507507219433643,0,2.94865347730614e-07,0.99492154114887,3.09179144622199e-06
0.00631047877849739,0.000148539407657222,4.45768554833298e-07,0.993539881546969,6.54498321289915e-07
0.0451495230219326,0.0619152730967392,5.02631452036932e-06,0.89026209949727,0.00266807806953817
0.0122648292173036,0.209985556435323,2.24033909968173e-05,0.000122210348564904,0.777605000607812
1.66218631054673e-05,0.998617057049553,1.1099510577028e-09,0.00132045042638245,4.58695510083103e-05
0.902117363471003,1.18734989169335e-09,0.0967923147298697,0.000140387745342182,0.000949932866435223
0.969054160225439,1.80636897264053e-06,0.00187277850338419,0.0288143496136055,0.000256905288598343
0.00133278444496029,0,0.998662257490369,4.9301311035708e-06,2.79335676124371e-08
0.873222365826757,1.65755915030709e-131,0.0040119496610104,0.0121896760948676,0.110576008417365
0.0827994344151096,1.64999272462914e-07,0.000189374506439921,0.916991514892682,1.95111864962029e-05
0.109636829814028,5.87039296726125e-154,0.485782050888362,0.404527187636508,5.39316611024618e-05
0.0132249882203527,3.56096034408474e-157,0.96185243655834,3.78802939586188e-06,0.0249187871919113
0.603352489057507,1.01254595283472e-23,0.0365616783664138,0.000213216472455555,0.359872616103624
0.0324508448418351,0.00313605238215285,0.00740936113489479,0.409508117964396,0.547495623676722
6.62799873722118e-06,0.979590823924349,9.2911803647859e-09,0.00694855693995918,0.0134539818457746
1.38717845471838e-05,0.993184409692963,5.30170406014124e-10,0.00679927880827573,2.43918404354413e-06
0.00110682908937492,0.000234524870144364,0.00122862186872326,0.0293384262874241,0.968091597884333
1.36510557165018e-06,0.997371126356587,2.47326786649758e-09,0.000392941948965821,0.00223456411560746
3.26442416357519e-05,5.62244788993603e-154,0.729191949356306,4.73582747616656e-05,0.270728048127296
0.962898733610135,9.68391983803078e-07,0.00375221828848926,0.0294704648324238,0.00387761487696792
0.00343492156162204,0.879976799961371,1.5144012054957e-06,0.00175800349168903,0.114828760584112
0.000216972670550318,0,0.9031606004274,0.00762974213151897,0.0889926847705307
0.00606321862547076,3.46786583803259e-157,0.968744008308343,0.0251904351294565,2.33793672958133e-06
0.992599979088867,1.3381235720563e-07,0.00265431891089404,0.000172660604556499,0.00457290758332495
0.600507146489871,6.13492008289458e-10,0.39297803585569,0.00259254941681219,0.00392226762413468
0.000469775439544453,3.96748696285573e-134,1.15938800499824e-05,0.999518155462399,4.75218006624122e-07
0.243946208800715,5.22956963482018e-136,0.742250397473686,0.00359027190334705,0.0102131218222516
0.679743805311082,0,0.000959497663883744,0.318528941176866,0.000767755848167747
0.00018354838814797,0.000121934399364435,1.10773798816781e-07,0.99969422367118,1.82767508852217e-07
9.95165244386927e-06,0.99408944377144,3.29308398137556e-10,2.89408675809516e-05,0.00587166337922669
0.000375752196666689,6.99967491991693e-154,0.0281949154783094,1.59580010830093e-06,0.971427736524916
5.336721840433e-05,3.71087091428271e-157,0.999722582764703,6.22412405182214e-05,0.000161808776374098
0.191924107913395,0.442202009591274,2.96970492787768e-05,0.0897320652239791,0.276112120222073
0.0123628794042376,1.5717757139688e-149,0.00952780133161979,0.951638954794716,0.0264703644694264
0.00223892031439996,0.0108658425674118,2.18479395562752e-07,0.986876973388914,1.80452498788394e-05
0.00857457871895637,0.000398791335463894,0.000392080345222707,0.000291818909718921,0.990342730690638
0.00704686815035045,0.00116437672521513,2.8487446059232e-05,0.991731284764587,2.89829137877604e-05
0.997443389016093,2.40290883598982e-05,3.22707570333866e-05,0.00223256666510068,0.000267744473412536
0.000837510736383641,0.98605584385652,2.18583473712531e-07,0.00992338511037831,0.00318304171324446
0.00297110107104009,1.87533724257544e-139,0.991334085132456,1.0351265008459e-05,0.00568446253149601
0.99681720673551,7.53616230553614e-07,0.000661512424918331,0.00116498831974684,0.00135553890359414
1.45643734636287e-05,2.52449017974214e-162,0.9999744373144,9.7841726708879e-06,1.21413946577626e-06
0.00178534907820489,1.68218118845794e-26,0.818319165913077,0.00118766005017422,0.178707824958544
0.00714835330735665,0,0.973294038427209,0.000322658076190039,0.0192349501892449
0.838459184097381,0.00220722378911517,0.000140948110911822,0.151100756325764,0.00809188767682791
0.0895375469021447,0.000923462940858647,0.00138088890192333,0.00176277741737389,0.906395323837699
2.87327624432296e-08,0.99734609898292,2.48334586791544e-11,1.58873491427703e-07,0.00265371338599288
0.936581978071491,1.09300587503184e-19,0.000371977332808989,0.0231474912150805,0.0398985533806196
0.358104989440209,1.38163389313691e-131,0.109592511487133,0.470528768776192,0.061773730296466
1.50417087935646e-05,0.998153241606308,2.36786019627563e-09,0.000278932207584832,0.00155278210945385
0.0150742461919939,9.99017256147661e-09,0.283168520507678,0.701648787030797,0.000108436279358066
0.0115745683934062,0.000725689548127777,0.0186427359254469,0.821691126517076,0.147365879615943
0.0921377338396522,0.00018374937762734,0.00574256709180539,0.897176500683812,0.00475944900710337
0.000174847048464444,2.05387730166777e-156,0.991542002252158,0.00801562444040038,0.000267526258977553
0.101874419271541,6.08883440294876e-05,0.0581340256857656,0.0524007102669797,0.787529956431684
0.992256285841906,1.12514723415276e-06,0.00251110085494521,0.00484808425460047,0.000383403901314144
0.013957001589159,6.99870454350046e-06,0.119441184541871,0.747605562234451,0.118989252929975
0.0100276103402736,8.08420247378838e-06,0.000507769501080357,0.98945210193671,4.43401946229872e-06
0.0010694362994591,0.0608010281336304,2.7273208429939e-08,0.938124528280106,4.98001359642995e-06
0.211278307087358,1.1691234225e-27,0.63233226247795,6.37203491402128e-06,0.156383058399778
5.69117192326356e-07,0.999300401138671,6.81500757733127e-10,0.000270625856426466,0.000428403206210001
0.0422106429957752,3.00195497927015e-133,0.159566653805979,0.701264534819476,0.0969581683787702
0.00276739089342363,5.21195069935739e-132,0.000677858003934728,0.996439235575659,0.000115515526982969
0.000106958245686237,0.00163838033050267,4.13610430267797e-09,0.998254574610695,8.26770113032617e-08
0.870805890255663,1.0599489784655e-05,3.13339912758236e-05,0.12914891777982,3.25848345691798e-06
6.65877656652615e-05,0.951311980350571,1.71784220906609e-08,0.0133906953554169,0.0352307193499252
0.40218628631822,1.0406957410188e-134,0.568479081860897,0.00879438468575696,0.0205402471351262
2.64002208683814e-07,0.0159158499535359,2.47738805771711e-08,1.4927758815878e-06,0.984082368494493
0.000136206873025178,0.11370960149744,3.74207982003912e-06,0.000121441992914539,0.8860290075568
0.00039244825750317,0.000436332880553229,4.04451249353049e-07,0.999162567947484,8.24646320974265e-06
0.249056471858388,0,0.0308435910054664,0.0648497798501066,0.655250157286039
0.00321392446923218,0.00237920108174282,1.63910714726114e-07,0.994405931484637,7.79053673071293e-07
0.482978346637976,0.0666346103050045,0.000438703350862461,0.33078644211726,0.119161897588896
0.000127111883544942,0.990618369462617,1.36230867666625e-08,0.000703741708148646,0.00855076332260271
0.642669920642637,3.27436471153011e-137,0.35121463371507,6.75737525552812e-05,0.00604787188973833
0.00388914717707941,0,0.995007605969494,0.00105011932267899,5.31275307479707e-05
9.02388307170989e-06,8.85390870413071e-23,3.47227808456047e-05,5.0950435603788e-06,0.999951158292522
0.000227921660376466,0.986890994314432,1.20656191221352e-08,0.00761861560423417,0.00526245635533807
0.408568544940085,0.000277332542035745,0.00894859424800517,0.195273287502965,0.386932240766909
0.194239582158925,5.68255218786702e-06,0.498195156420268,0.0212680523551283,0.286291526513491
2.61120706914449e-06,0.987486568019412,5.04899449378443e-09,0.0118320405954684,0.000678775129055774
0.0132800156590755,0.170280013303178,7.63361610831144e-08,0.816404789041634,3.51056599513975e-05
0.474028882344493,0.000555568556166783,0.000230355059684963,0.524760476322022,0.000424717717633631
5.68982220472138e-06,0.999313261396377,3.03447144696399e-10,0.000476645133404873,0.000204403344566541
0.350685089734427,0.000321160937457214,0.0312674172051853,0.0062140537240387,0.611512278398892
0.108727688902109,7.9224378085137e-154,0.875261433719521,0.00753557713916601,0.00847530023920328
0.000190681777150775,0,0.999809294197436,8.40129454893818e-10,2.31852842572887e-08
0.0259722567870049,8.20789985727082e-23,0.000371267565000012,0.973640394051935,1.6081596060074e-05
0.00508941064318188,9.89417226619855e-151,0.103667875508491,0.000197390053530954,0.891045323794796
0.32127144177678,2.26952602711281e-08,0.637238441468533,0.0383334787444715,0.00315661531495465
6.51413945099525e-05,0.177097938484232,1.31874177161407e-06,6.6291226087236e-05,0.822769310153399
0.584569284552446,4.05179127357945e-05,0.024088545791171,0.372479090425282,0.0188225613183655
0.0224252350991354,0.063911073270876,0.000410223228478039,0.0441716238484604,0.86908184455305
7.41885096426737e-08,0.999763525318401,5.38755651006336e-11,1.95837665721798e-06,0.000234442062557117
0.0033731031476822,0.798533458682429,6.21141919700764e-06,0.159748370081153,0.0383388566695387
0.0282159756825928,0.0284705542860964,1.89515805571508e-06,0.943148815384254,0.000162759489001459
0.0861060300237222,0.00976033354285511,0.00132946721297923,0.895518553566477,0.00728561565396673
0.000298342108106018,0,0.995063699261503,0.000122070158413052,0.00451588847197761
0.363130846638176,0.00774316560991565,5.07258898500428e-06,0.628982601310114,0.000138313852808599
0.106490469276295,8.96937721007252e-24,0.0873688892303735,0.805010485840774,0.0011301556525572
4.46381416059313e-06,0.99766435647296,2.21331313679995e-10,0.000215152022929638,0.00211602746861833
0.0223745280417355,0.000707332411037334,0.00403314759478138,0.954937464854845,0.0179475270976005
2.61332221024658e-05,9.74508003325526e-05,4.72194660754202e-07,0.999872688981948,3.25480095605149e-06
1.87404880989265e-05,0.636841750786581,4.46329851183528e-06,0.000984901381846734,0.362150144044961
0.322021300510825,0.0245980700558302,0.000129078784317086,0.591918932275787,0.0613326183732406
1.10051005041123e-05,0.00833427508643858,1.32274131290923e-05,9.37430367305075e-05,0.991547749363198
0.479048497043162,2.90072347504395e-08,0.0029058206737884,4.31084704341418e-06,0.518041342428771
0.702931433739085,1.030680960126e-133,0.110576305556541,0.16152959721736,0.0249626634870142
0.594971427730273,0.0161364313982408,0.000256802805352601,0.388208536685977,0.000426801380155844
1.85595467321371e-07,0.912695288485699,9.37999414869854e-11,4.98150437879433e-07,0.087304027674596
0.354663614301065,0.00058993285362767,0.011578595113081,0.627690883083431,0.00547697464879508
1.38938065510056e-07,0.671330325590842,8.26660651068147e-10,1.24515985595866e-06,0.328668289484575
2.2441194479187e-07,0.999696575838558,8.67288666232836e-12,4.16949694995935e-06,0.000299030243874493
0.0415084218996254,0.0150454163512105,0.000222806258026709,0.280109184444225,0.663114171046913
0.248852960597626,0,0.74986537670401,8.57672875745602e-05,0.00119589541078947
0.37766849623524,0.389560502634906,1.11033334862632e-05,0.0163136875583446,0.216446210238024
0.00367067593163017,0.00962749278922843,9.12397351640154e-07,0.9865597799301,0.000141138951689844
0.844191551340605,1.6213042019045e-22,0.00169643173865592,0.135024471846172,0.0190875450745676
9.59310135908113e-05,4.9701291709412e-162,0.999884892621144,4.71306060029746e-07,1.87050592056591e-05
8.90543513437804e-05,0.972042332745601,1.07056431928019e-09,0.0278149518406883,5.36599918030093e-05
0.950240834371072,5.46521511688674e-07,0.000360688339217157,0.0491956469270962,0.000202283841103498
0.00926039485563371,0.677134656008079,2.62977144078014e-05,0.306323864663533,0.0072547867583457
0.0192864187360582,2.45781353668028e-10,0.951549210438498,0.0255783988533193,0.00358597172634297
0.0073444444721208,0.00635885381363042,1.85085779707801e-06,0.985999728357801,0.000295122498650332
0.00376491012686196,3.190969218603e-156,0.988742270008766,4.85959481463051e-05,0.00744422391622594
0.00108152766814875,1.26373170428339e-18,0.00113139838458698,0.912841624862918,0.0849454490843464
0.00298763255751462,0,0.976163055668277,2.16190287120059e-05,0.0208276927454969
0.0142018355477746,0.0982935357266179,5.58274738718215e-06,0.883919892342273,0.00357915363594679
0.00630191183831888,0.39428463344881,1.47623920627328e-06,0.583877834306383,0.0155341441672821
0.0532022115411998,0.0490337011043233,4.2771994647611e-06,5.75865616481201e-05,0.897702223593364
0.938342758466153,3.47439391514047e-07,0.0370396447942988,0.0204349318150582,0.00418231748509847
0.196544817935969,1.09311854111268e-11,0.79983497526257,0.00324165032708847,0.000378556463441403
0.819217715935642,5.01213587146548e-134,0.011063279352552,0.157032124244486,0.0126868804673203
0.00337611187570797,3.90087084686886e-156,0.995620988159369,0.000767071770806909,0.000235828194116535
0.000602628305011399,2.12383021096646e-06,0.0118423385170849,0.000183061868105785,0.987369847479587
0.0136704128710031,1.06396316918971e-17,2.16296064287525e-05,0.963982220710687,0.0223257368118814
0.0684954521279861,0.000120012536857365,0.0381690290602424,0.772039879838368,0.121175626436546
0.0359854361047625,0,0.964004656554026,8.15273081787261e-06,1.75461039399126e-06
0.00582823874469143,1.40639691754194e-151,0.428532098027025,0.00335532321285815,0.562284340015426
3.91254490354258e-05,0.000144036032043681,7.34517625117235e-06,0.000217264861252665,0.999592228481417
2.78660305253231e-09,0.575337370820444,1.80636519904383e-10,2.61286389527508e-08,0.424662600083678
1.04431254190242e-05,0.893121063139219,3.38230223830193e-08,4.13961142305527e-06,0.106864320300916
0.012163922850494,0.00166634210485712,1.18789939044638e-07,0.98616746146018,2.15479453018347e-06
4.8743351069793e-05,3.68889564258239e-166,0.999951012840702,2.14143404338934e-10,2.43594084927267e-07
0.955976253315822,1.95572987506868e-07,0.00432114472777073,0.039196202391323,0.000506203992096964
0.257205193157309,1.34339897242115e-136,0.280007417180431,0.462715150931516,7.22387307428649e-05
0.022094632266986,1.25172380240007e-154,0.965452017256107,0.0113656356087422,0.00108771486816537
0.232213906321253,0.00500306918539095,1.21587515610525e-05,0.75683563289402,0.00593523284777446
0.014588339245642,0.0989498564981572,5.03241838261677e-06,0.876418262056808,0.0100385097810107
0.97596803578179,0.000793068917017862,2.01249462387164e-05,0.000316478725933886,0.0229022916290196
0.0187419438730104,9.09966461438635e-139,0.943496760867302,0.0377333147608516,2.79804988363817e-05
0.982330977598899,3.3771287685498e-07,0.00481365107545742,0.00164858160284182,0.0112064520099249
0.0242482846415084,0.0928484383167183,1.37384151254297e-05,0.879263912719917,0.00362562590673046
0.000168267698814587,0,0.998467365406077,2.07205478400662e-07,0.00136415968962981
0.10522236862156,0.327419085967932,8.46576443348641e-06,0.559819944315153,0.00753013533092199
0.152093037341456,0.000785421598812177,0.000700299021937094,0.844160347092941,0.00226089494485402
0.922909788336834,2.18362514340334e-08,0.000413378947256722,0.0766736564938695,3.1543857883559e-06
7.13831664468623e-09,0.999419364725872,8.79842365143313e-12,3.25677686181744e-07,0.000580302449326419
0.317970654971,0.000166084714873141,0.000545095606848655,0.681144021925559,0.000174142781719304
0.0278868190937653,0.0169411050066396,0.00135497882332701,0.0302108378631777,0.92360625921309
0.00231981892333008,0.110506588257218,6.45567160074541e-05,0.0415235598783275,0.845585476225117
4.75065456077055e-05,0.874084042195664,9.4085390575854e-08,3.35484415577689e-06,0.125865002329182
0.996613151816026,1.68089909587605e-06,2.32578113264875e-05,0.00323642815013471,0.000125481323416931
0.136746439113431,6.19672032108099e-05,7.12422958631453e-06,0.863178044392568,6.42506120345806e-06
0.00140256582571445,5.39953019838609e-24,0.107017040418641,0.000814355530773656,0.890766038224871
0.000126934415048154,0.997697450795516,8.14048432794016e-10,0.00210195921279837,7.36547625890222e-05
5.42711436614057e-05,3.10265365988989e-151,0.000113598797647204,0.999773084673441,5.90453852500873e-05
5.76070973505467e-06,0.0027329191927417,3.46776878819407e-07,4.75969213744785e-05,0.99721337639927
5.77947286696803e-06,0.987571639751797,1.84488864422495e-09,5.11854640927639e-05,0.0123713934663544
0.0111573497367008,0.000641043307919759,0.0134214700356127,0.931441792557341,0.0433383443624253
0.533869591887331,3.91383502039224e-135,0.225223747286313,0.237088405632656,0.00381825519370014
0.00169141385320231,6.93836251934119e-159,0.99796011212588,6.66188974756183e-07,0.000347807831942772
8.89064627788076e-06,0.999676649220255,9.19846529932226e-10,0.000269046006336189,4.54132072846837e-05
0.0893077172213525,0,0.000369844340271357,0.910146227007404,0.000176211430972148
0.000784353494141479,0.000412340592168953,6.37724891377688e-05,0.00134098255433055,0.997398550870221
0.000454750733993841,8.47423364495171e-158,0.999365114725784,0.00016119253931674,1.89420009050852e-05
0.00193697857962919,5.73831650232649e-08,0.000271201157888342,0.997790423432005,1.33944731267282e-06
7.00664704460477e-05,1.61636764907385e-152,0.0576543852893251,0.000216328112769232,0.94205922012746
0.0427849237645107,2.42170804655338e-132,0.00042636589928571,0.0002863494053445,0.956502360930859
0.0724510337975422,0.204560306289898,2.78878510527752e-07,0.722942452849366,4.59281846831132e-05
0.0583060405751547,5.31076976795965e-137,0.770672564306554,0.000274889899827555,0.170746505218464
3.12038541811756e-05,0.0131560841076018,1.20587307654984e-09,0.986812702310841,8.52150273657581e-09
0.49721867740363,0.000939647593123202,0.000413576927725209,0.491898259644854,0.00952983843066728
0.744049011251411,3.18096668424072e-08,0.00758262089142504,0.248249068001813,0.000119268045684427
0.961759949500172,5.4452762573045e-07,8.63796082959523e-05,0.038151765498354,1.3608655521382e-06
0.0179515644751923,3.97208304010648e-133,0.0184701110673834,0.00248788763847596,0.961090436818948
3.5549533523993e-07,0.998748709906872,2.23456102580009e-10,2.19931660119856e-05,0.00122894120832429
0.000208321709900416,1.06571894787786e-139,0.994635678758371,3.00569655743735e-06,0.00515299383517056
0.000723774528407243,0.000709579842144479,1.48331239921759e-07,0.998566207028308,2.9026990028629e-07
3.3084531279596e-05,0,0.999963587551957,3.05840411472124e-06,2.6951264824733e-07
0.0243889925442877,0.0669554534069035,8.27500823207644e-06,0.904421213477646,0.00422606556293102
0.156382388419853,0.0596815917357216,0.00491031957522452,0.343926681681454,0.435099018587747
0.08921128097301,6.79447675800263e-26,0.219895114633352,0.000591056054530361,0.690302548339107
0.301237903465012,1.97249743048967e-06,0.000873106528608085,0.697633416997086,0.000253600511863547
0.986041541291877,0.00212489514184527,2.68820164135055e-05,0.00705034954852468,0.00475633200133913
0.3670933331249,0,0.631576915426341,0.000830452920730549,0.000499298528029065
0.0225793760019737,3.31358523517532e-05,0.045510449242229,0.845170178564903,0.0867068603385429
0.957550073059505,1.43618545208323e-136,0.038889487000368,0.00178413002265405,0.0017763099174734
0.00489296140932459,0.921903894098918,2.33368182148753e-06,0.0149376998041443,0.0582631110057917
0.00153625130549625,0.0243453031091784,5.64225105378797e-06,0.973998398985263,0.000114404349008181
1.67200082325004e-06,0.00766388118486434,3.75495712664966e-07,1.18929139137826e-05,0.992322178404686
7.21091358443535e-06,0.99526863377069,7.88160937453704e-11,0.00471502450133079,9.13073557837015e-06
0.000442275496049965,0.00537804914147985,3.99228466283904e-06,2.91739376303197e-05,0.994146509140177
0.0065945707348593,0.876840411383849,1.18890496398742e-07,0.11622753223381,0.000337366756985231
1.73191376782951e-05,0.963932618552233,1.36524585196127e-08,0.0357325553104782,0.000317493347152282
0.000489692106660774,2.54531517035264e-130,0.000101090380982713,0.0102149603327982,0.989194257179558
0.369143429107603,0.080938959200148,7.1760939956236e-05,0.00188085291911085,0.547964997833182
1.05181814094412e-10,0.0133339893725924,1.60495767546417e-10,1.14436096026179e-09,0.986666009217369
0.0133262599098887,0.000805548648895347,2.53738511249272e-06,0.985842445430962,2.32086251411928e-05
0.0584030090021784,0,0.155999506678485,3.48902907371563e-05,0.785562594028599
0.000415587757758304,2.78385424692519e-134,0.0512654371647386,0.946061138831036,0.00225783624646727
0.000125476753934717,0.049579857781839,3.6353267108671e-07,5.26831072975037e-06,0.950289033620825
0.990243907778165,1.36158990961928e-09,0.00895924882780519,0.000637120205771548,0.000159721826668614
3.18531441954728e-07,0.997666313612949,8.60969909061079e-11,4.08801043684485e-06,0.00232927975907475
1.52840278227662e-05,2.43754894420605e-152,0.024531062879976,0.000257950659306694,0.975195702432895
0.00305523583455832,0.893846074613061,1.87360347262664e-08,0.102918729722423,0.000179941093922546
0.036753871198681,0.173533121964798,4.17170258856442e-06,0.789374131959961,0.000334703173971643
1.01932497646272e-06,3.22053035242027e-154,0.456831810865465,0.000100406308869316,0.543066763500689
0.00428534067501697,0.000144666456343585,1.07966661495317e-05,0.995522838530593,3.63576718972322e-05
0.0121229390689475,1.06912539568508e-155,0.958617875698319,0.0292331086764385,2.60765562949747e-05
0.350194604521403,1.72439617815656e-08,0.569725657312829,0.0799023468049886,0.000177374116817526
0.00184711236253339,0.966979680429187,4.40022137939046e-06,0.0247109641686227,0.0064578428182775
1.39201874607818e-05,0.990730613225934,3.7783460401939e-09,0.00886095447006734,0.00039450833819165
0.0786981955408344,0.000606588796959542,0.000979500714734032,0.917737918586705,0.00197779636076756
3.56053615842143e-10,0.996237930147167,1.12440073263228e-12,1.33355935144556e-08,0.00376205616006137
0.0157877302523562,0.00133883341734096,8.26319530878186e-06,0.982453842705623,0.00041133042937139
0.0257537837456687,0.000182041041398174,0.000134207658929911,0.973331303179113,0.00059866437489004
0.200957151301791,0.000748653052347537,8.05790930266359e-05,0.797528233059335,0.000685383493500166
9.11897512560266e-07,0.799876476017467,6.1727549793185e-09,0.000510304641228318,0.199612301271037
0.115077193965329,5.96744827976735e-06,0.000582351375640126,1.50318162391264e-06,0.884332984029127
7.21657567715974e-06,0.966504990663261,2.52956334973815e-08,0.000727363559531463,0.0327604039058966
0.000515912353591097,0.906040129078897,2.48999986102963e-08,0.000697296324752153,0.0927466373427613
3.80737476620617e-05,0.953241817252013,7.06602921191635e-09,5.51070443320662e-05,0.0466649948899637
0.0120395340676621,0.0245709815571097,3.20844007919239e-05,8.39181312671348e-05,0.963273481843169
0.0247650093382603,3.04941509805462e-07,0.000373897997832553,0.974841377472323,1.94102500743869e-05
0.00283670893320602,0,8.41954000005073e-06,0.00159626077628177,0.995558610750512
2.3381165052355e-05,0.978630228695563,4.96116176384623e-08,0.0209104935669683,0.000435846960798552
0.00107373141191644,7.40990966707865e-136,0.283276639817778,0.000842898179056453,0.714806730591249
0.511164126546785,5.79525737268652e-07,0.379521679482772,0.0829221521705069,0.0263914622741988
0.0976514965487078,3.22115563695496e-05,0.0148389102983841,0.000205935948581416,0.887271445647957
0.332902697873156,0.351670989741136,1.43147431063772e-05,0.31312808139289,0.00228391624971151
0.953145779628757,0.00121850284484142,0.000478870471711726,0.00063486103731725,0.0445219860173722
1.09870888239395e-05,1.12084660897722e-157,0.998151407561993,0.00140213555744806,0.000435469791734838
0.000688853753494858,2.56388965364626e-05,5.02744136557112e-08,0.999285437161525,1.99140301572465e-08
0.00141191676071456,0.10889145504273,1.13971796744791e-06,0.000217818350568662,0.889477670128019
0.000719094332451446,3.30816665403525e-05,0.0454341113706421,0.00508883293350626,0.94872487969686
0.00834282340836075,0.00665016133221994,0.000344304214651262,0.0072864882133494,0.977376222831419
1.88930978155155e-05,0.490709466396464,6.98803497030553e-08,0.508866328564854,0.000405242060516929
0.0650984022908164,2.80325445563053e-160,0.934853109974637,4.72658564274796e-05,1.22187811923479e-06
0.0142035523106387,0.000511854229445583,0.000199452551180789,6.83531411220886e-05,0.985016787767613
0.0204494517555987,3.51520468451858e-23,0.00330033676827896,0.00013253014140209,0.97611768133472
0.000194705944260827,1.02348965501711e-152,0.807753429780161,0.000647231331789964,0.191404632943788
0.614579498364332,0.267171421132044,4.01273824227885e-07,0.11693900636439,0.00130967286541009
0.0014610720533169,0.909400669602204,3.92583147216687e-07,0.065276655690423,0.0238612100709085
0.085620450182176,0.00956920758600031,6.1228907644826e-07,0.90476340930631,4.63206364368399e-05
0.00470772206940408,0.000685063450139866,0.000476957326771377,0.967419921571088,0.0267103355825967
1.64180092226257e-08,0.991307192135379,2.0084476936077e-10,1.86016761471074e-07,0.0086926052290059
1.06645093607241e-06,8.99453795545978e-162,0.999913997454081,4.48530660769697e-08,8.4891241916577e-05
0.00409877134437244,2.33329366862467e-131,0.000444306726548478,0.00543484219410502,0.990022079734974
0.998366581404218,3.11452433801701e-09,0.00108505445426514,0.000365050560691891,0.000183310466300574
0.087550041717587,3.4558972561705e-132,0.00337097118908152,0.90641194495456,0.00266704213877183
0.0376247347009239,0.0785908072163783,7.86836406654415e-06,0.882202047311909,0.00157454240672242
0.0125002711743435,0,0.981624661815574,0.000323112445459696,0.0055519545646227
0.00442522728715982,0.00742200332895427,4.74984606705231e-07,0.988150633224638,1.66117464072101e-06
0.0557028020533512,3.3084816434473e-22,0.122110214909614,0.786040918762731,0.0361460642743036
0.1981050926489,2.88053258519494e-05,0.042865809825525,0.69070310105319,0.0682971911465325
0.224642785801812,1.75889028203872e-10,0.76900079503815,0.00538367700660624,0.000972741977543218
0.00609348458402097,0.0173402081207161,9.48419802123986e-05,0.791184976400121,0.185286488914929
0.00348324700885912,6.67212501003847e-135,0.0005890614586976,0.995927248841919,4.4269052421211e-07
7.68578003421163e-08,0.990542783500228,1.58829000570459e-10,8.95813091692429e-07,0.00945624367005117
0.0359058312362994,5.45266195772154e-157,0.962943452159109,0.000784962138077275,0.000365754466514733
6.65516150531858e-05,2.84795113675121e-163,0.999927511468811,3.63260889650391e-07,5.57365524570934e-06
0.984600447304436,1.8378891293793e-135,0.00139588419476608,0.0130653102788277,0.000938358221969791
0.179903077040853,0,2.99717788178926e-05,0.820044581084627,2.23700957025796e-05
0.00655206053671954,1.62748294741228e-136,0.965270737462236,0.013327084811375,0.0148501171896693
0.247119295551899,0,0.745156445299257,0.00391257708931534,0.00381168205952835
0.000504021437340597,0,0.908221224650889,6.81251110707884e-05,0.0912066288006993
0.00174751401474439,0.039419383556407,0.00014217906606847,0.930280922314974,0.0284100010478066
0.0103125223813027,2.28011875752548e-08,0.0194125910856765,0.97016969358835,0.000105170143482971
2.81560266704507e-05,2.80902191880443e-05,3.53711753709671e-05,1.31999999179643e-06,0.999907062578779
1.49001094377879e-05,0.760323694601475,2.06956864531175e-07,0.00383256924044423,0.235828629091779
4.04627172722528e-05,0.805320248550021,1.63492797482852e-09,0.19460128954513,3.79975526489896e-05
0.000115224594523743,0.00508481256676282,8.34410174865247e-09,0.994799926216166,2.82784455241991e-08
0.0168363813636326,0.929657142474271,7.70084965954185e-08,0.0481384130147161,0.00536798613888359
0.00285652402571201,0.984803343307005,6.56571770890017e-09,0.0122143867137904,0.000125739387774823
0.87224825330879,3.64316292591241e-11,0.1253002063799,0.00219640275494013,0.000255137519938931
2.86420111197932e-05,9.29514975355357e-06,0.000201101109257123,3.34149186629192e-05,0.999727546811207
8.00058313644999e-05,0.0149586952570654,1.12718290077648e-08,0.984951493778121,9.79386162021634e-06
0.00087840815312848,0.00171653438927129,4.52207251282713e-05,2.91630118951201e-05,0.997330673720577
0.000209148486377487,0,0.999789247411705,5.81127591754975e-08,1.5459891579615e-06
0.00119254593959601,0.980338461708216,1.22439930508427e-07,0.0175420938603414,0.000926776051915947
0.874534784029681,5.35751568266595e-27,0.117492617825396,6.22311237578667e-05,0.0079103670211647
0.500728299493242,0.0733879779466773,6.53960283116186e-06,0.424723753102787,0.00115342985446275
0.00309648053191848,9.50751088290103e-155,0.975880718125395,0.020723722870762,0.000299078471924271
0.0496901598118392,0.00111978480780384,9.55324381520963e-05,0.948251349051242,0.00084317389096302
0.634092997804966,0.0628173452338286,1.42141405911082e-05,0.294173731854005,0.00890171096660896
0.00328464801657114,0.00217295733547852,0.00019772832943627,0.989897113321309,0.00444755299720471
0.737562170749929,1.86456176510898e-23,0.102214009374659,0.0952037693040066,0.065020050571405
0.0246726829610162,5.41388272010621e-24,0.688551170829099,0.214317692598989,0.0724584536108955
6.18373106376995e-05,0.77156019669879,5.182052445014e-06,0.00941236460492436,0.218960419333203
0.000120552394173716,0.00305285219468045,6.55519932806985e-08,0.996825223842011,1.30601714116045e-06
3.25693914235205e-07,0.187911219378251,1.77770929630537e-08,1.11407971412202e-06,0.812087323071028
5.33161244621415e-09,1.60257336633243e-130,4.88143747767585e-08,4.49600038513775e-06,0.999995449853628
1.94879834325622e-08,0.940882540201402,4.16882063373127e-10,1.59150506699603e-06,0.0591158483886658
0.0246919143142741,2.85856473228924e-05,1.87838921472679e-05,0.975258893063267,1.82308298871162e-06
1.71270089752538e-07,0.968094265734727,1.47215993784642e-07,8.77141935922029e-05,0.0318177015855968
0.00549171794968212,0.287350198352478,0.000110642312509991,0.473661549880826,0.233385891504505
0.00233627169601929,0.00990343487006187,2.41642221349132e-06,0.987746885127204,1.099188450167e-05
4.83950854901457e-05,0.834757399469876,1.53920788018647e-08,0.165171457222274,2.27328302807947e-05
0.00424504937476943,0.00727557863054173,4.82681963268699e-07,0.988395599588238,8.32897244872331e-05
0.00120300934898111,3.9543451115409e-138,0.97259409881131,0.0250960824190528,0.00110680942065615
0.00440439622973032,1.89862904238624e-152,0.630774162566035,0.0737559206391031,0.291065520565131
0.13120913100633,0.645655496984638,5.54995225899667e-06,0.213652588132533,0.00947723392424046
0.273840073503426,2.47095278646839e-21,0.0331323608568777,0.28386875475089,0.409158810888807
0.000588451504881698,0.643215795381731,5.13080606643353e-07,0.00316897066051937,0.353026269372261
5.16748112634547e-05,0,0.999946584558466,1.48673010647183e-06,2.53900164150772e-07
0.000247237049147132,0,0.989542232421674,0.0101739336954197,3.65968337587923e-05
0.152056377293809,2.75951096803264e-138,0.830905272871882,0.0152935622041403,0.00174478763016969
0.00162686861601234,0.00546232376978155,8.43016552332795e-06,0.991613559296588,0.0012888181520944
0.155417560497259,0.756513624829346,1.15331491931613e-06,0.0623266237983039,0.0257410375601717
0.11767428979231,0.00831453767875686,7.19707793564293e-07,0.873979177630402,3.12751907378297e-05
6.19305849476369e-07,0.970336789195037,4.34039361635802e-09,3.06806789789586e-05,0.0296319064797412
0.824322550598371,2.48684143317675e-05,3.45515272846025e-06,0.175646833529879,2.29230468936617e-06
1.64594037823334e-06,0,0.999991846119595,3.63427577944223e-09,6.50430575124351e-06
0.0172874648333411,0.799446167778064,4.85250575837863e-06,0.130658596660022,0.0526029182228141
0.00207159211206917,6.85378930055915e-155,0.981014801480008,0.000207490865059217,0.0167061155428633
0.00179855272535379,0.670512514897005,4.89669528832661e-07,0.327516796459495,0.000171646248616837
