0.0676072235368709,4.97018852772332e-05,0.133747476121447,0.0272586883967035,0.00397093688591164,0.767365973173789
0.142942713517949,0.00154215391766047,0.424427518587053,0.202622786926855,0.000442381295813401,0.22802244575467
1.47926915280809e-12,1.14275851977515e-52,0.000325829969120616,0.00100780961503575,0.998478420902707,0.000187939511657564
0.000816007237947072,3.14403299547964e-07,0.000424320697070321,0.0138519795838333,0.0114924624300017,0.973414915647848
0.848125647667771,4.78756632450854e-05,0.000669389541432602,5.93130669785622e-05,1.30631716233076e-07,0.151097643428856
0.000329054709532611,4.85379583155536e-05,0.246500950494209,0.0956474086817502,0.0284123203420708,0.629061727814122
0.00104968476789665,8.40910996379055e-07,0.0141113576465213,0.000201649578228543,6.21755518572037e-05,0.9845742915445
1.56090376635301e-12,7.33638938385672e-52,0.00142263470101488,0.000351822682331438,0.998121869610019,0.000103673005073683
0.86376284886818,2.80189433684524e-06,0.000114986423572233,4.52366617540309e-05,1.37740538901492e-08,0.136074112378103
0.0477895969836255,1.0726547234065e-07,3.91773973499004e-06,3.10610822523797e-05,9.15873251696984e-07,0.952174401055663
0.000566844045765826,4.67022448671768e-09,8.28429361672722e-05,0.130388414559418,0.0361747259261716,0.832787167862253
0.148561630892787,0.0533696209891093,0.793220270649241,0.00113514480124619,1.40660247322953e-05,0.0036992666428841
0.312145637619281,0.000987517176992946,0.314168859275162,0.106589464647982,0.0027257686472812,0.263382752633301
0.0109363841131724,0.196327267562707,0.785063475453119,0.00763843075677613,5.98356427133637e-06,2.84585499541756e-05
1.55663462610178e-06,2.79313224856879e-06,0.90469867837066,0.0120491306044595,0.0829145828311709,0.000333258426834765
0.945473166003949,2.3090061949132e-06,3.63911975743113e-07,1.54474975240024e-05,4.71653388657406e-09,0.0545087088638228
2.87130181838621e-06,0.999503110680284,0.000449696146565311,4.43218566413084e-05,2.35037638751531e-12,1.2340592741084e-11
0.00203903412376933,0.88849883601559,0.108933918809847,0.000528029155419921,5.99867322364794e-09,1.7589669982297e-07
0.0514517929041154,0.0175778315710093,0.0806133484587859,0.824258862283373,0.000326812030347442,0.0257713527523687
0.000462830270537524,0.890456664565436,0.103758185418714,0.00531917672962838,3.89384485144822e-08,3.10407723487952e-06
0.983111112364501,0.00608833227387985,0.000211383652620549,0.00199824048863012,7.89544720038548e-08,0.00859085226589626
1.76262449804206e-05,1.61372526659955e-46,0.103758710051236,0.00410427838861631,0.226811679119343,0.665307706195824
0.00138157136301908,6.29803293998124e-09,7.98723238983073e-05,0.0598492468265714,0.0329401701017424,0.905749133086736
0.003501592200918,0.00107293120888714,0.995052538805623,0.000245913864693068,4.6074547580561e-06,0.000122416465120134
5.52910499198811e-07,3.11911302878329e-06,0.101428147381089,0.719415223600514,0.176544190087538,0.00260876690733085
2.14229817641402e-05,1.61549054626058e-06,0.000490229482056969,0.998141346744856,0.00116747394084492,0.000177911359931809
2.12537845519327e-05,0.00145624723552571,0.985866960530992,0.0108208782422506,0.00175496140290351,7.96988037767025e-05
0.0160898110747197,0.0191190221553717,0.823130048014061,0.125505107296455,1.13495273821061e-05,0.0161446619320104
5.32345557670602e-06,1.88577239346627e-09,0.00902715347634009,0.00549100531870298,0.136994293430719,0.848482222432889
2.64624413806117e-06,0.999992163869856,3.87972827075603e-06,1.31015759319162e-06,9.48795786357158e-15,1.32234240235214e-13
0.00755468219261837,0.000328758801022221,0.858308588528877,0.000611894816114103,0.000233908905321737,0.132962166756046
0.999223346735233,0.00051840048557309,3.05403466982171e-07,9.46663033822271e-05,1.95643692888561e-11,0.000163281052780062
4.60201295713066e-09,1.6960322130429e-52,1.59296370010528e-05,0.00118412705558577,0.980651263386987,0.0181486753184134
0.900736665245873,5.28479291587422e-06,9.72213876136539e-06,7.12112500346975e-05,2.16222870627974e-08,0.0991770949501279
0.000288157305191868,5.7124735689494e-05,0.943932637710086,0.0310052307489747,0.0042939762770894,0.0204228732229684
2.47752594848978e-06,6.10395395392628e-50,0.000138729516844383,0.00200155376843937,0.154038129513253,0.843819109675515
1.13733858200117e-08,0.999883187758102,6.02955114264816e-05,5.65053567637346e-05,2.7474950206644e-13,4.73210368064809e-14
0.0153172855534761,2.3826445821207e-05,0.612275483898358,0.0177177298440072,0.00174324879209876,0.352922425466239
0.469202578800212,1.44973112797873e-06,3.83564642941112e-06,0.0408774652591614,8.5071108290425e-05,0.489829599454778
1.85185669378975e-05,0.995373812080605,0.00363215416858461,0.000975512507610344,8.1387890624502e-10,1.86238273213841e-09
3.45604361498966e-13,4.1261586448748e-55,3.06306860985489e-06,0.000191848859724622,0.999587221780096,0.000217866291224322
3.47800958857573e-09,4.02851911104138e-11,0.000819562237344416,0.0251089525600653,0.97372361576946,0.000347865914835359
1.99084438147487e-07,3.57085420177606e-10,0.013829134989832,0.00341513266822784,0.96849220418705,0.0142633287133662
0.0358024840452809,0.000390566829270584,0.00200641185987268,0.959005499498879,7.1320652278841e-05,0.00272371711441771
0.00252740563721892,0.000540777448222235,0.858659737654296,0.0522054191084253,0.0062282623469502,0.0798383978048876
0.983660257429883,1.07946507470726e-06,4.39276137560015e-06,1.29340987621897e-05,1.3265675792054e-08,0.0163213229792286
0.000543376624057079,1.52601001065765e-07,0.136379047023418,0.000221324172219037,0.00292271851376885,0.859933381065536
0.956996895775103,6.4182491139031e-07,2.16170565001435e-07,1.08900424719695e-06,5.85004771054121e-10,0.0430011566401684
0.0208115040471457,1.25566545978404e-05,0.899638782146018,0.00150253154764896,0.000875304559283918,0.0771593210453059
0.000132944636687249,0.0015893986905524,0.0628260187429444,0.90080888074051,0.000900300636607209,0.0337424565526984
0.0140780631330307,0.00738465907497094,0.939456357317354,0.0286547844290605,0.00178352664573739,0.00864260939984623
9.18863711944437e-10,1.8590254833874e-10,0.00074076234241117,0.0792337064205429,0.920009692735946,1.58373963341794e-05
2.6853462822996e-06,0.988849774998435,0.0108792441640742,0.000268291390644771,1.61332950972103e-09,2.48723456043782e-09
0.000331228524315221,3.84038870575321e-08,0.000195567278657373,0.832419416710947,0.058895306633857,0.108158442448336
1.8302804888075e-08,9.19036766374788e-51,0.00106989976714163,0.0167309407894971,0.976507111298151,0.00569202984240571
0.449600659942108,2.91963848027681e-05,0.000353570941530051,0.0134545999749349,7.96944796010398e-05,0.536482278277023
0.004239714103073,0.0272035721174603,0.00709778561856535,0.961133198207511,5.91206903063216e-06,0.000319817884359262
0.0242570986494866,0.105560948953155,0.86756224926116,0.00251135344422704,8.81557631450794e-07,0.000107468134339655
0.268758361211458,0.728710586974453,0.000211332197398209,0.002288467422967,6.15533681386244e-10,3.12515781906456e-05
0.999075647496206,4.96910831545778e-06,2.43662532528328e-07,1.2756055014651e-06,7.89838588922312e-12,0.00091786411954663
0.223453042388965,0.0199531343379072,0.730782173048563,0.0158466166542566,4.90466673104506e-05,0.00991598690299742
0.842031885899209,8.70727308392e-06,1.07656809252146e-05,1.29531157415405e-05,1.69490530722205e-08,0.157935671081987
1.69283264887825e-13,6.48993389454919e-14,0.0011352167347923,6.00284442280046e-05,0.998792646107608,1.21087131371345e-05
0.546703882457092,0.0523219075865509,0.209173577125919,0.0187311010922825,2.75368010401835e-05,0.173041994937116
2.45065237987418e-10,9.18548266084882e-10,0.012377116150711,0.00820973830336632,0.979365303210081,4.78411722281136e-05
0.969745059692469,0.00999674974568546,0.0174385062767354,8.82881073035899e-05,1.95970218645256e-08,0.00273137658078498
0.0575689840299155,4.40769437909971e-06,0.000439217322163195,0.0165833097611248,0.000709658483471499,0.924694422708946
4.76071817120877e-09,2.7193855319595e-51,1.48425637910462e-05,0.0243502739115684,0.964066712031995,0.0115681667319274
0.00238630701500782,1.31463149971856e-08,1.54558606728978e-06,0.000113366760455885,2.95587867946138e-05,0.997469208705359
0.000560900114348571,5.16429960294962e-08,0.000173463391621909,0.84702823923142,0.076156718867465,0.0760806267521484
0.0139426982993463,9.87526341208255e-06,0.0100413357596725,0.676338912221501,0.0427892674303086,0.25687791102576
0.270463309770347,2.28360481809519e-05,0.00457519267821616,0.000701985529878297,1.26920799299341e-05,0.724223983893447
0.038627262889763,0.784677769677225,0.15163006275504,0.0249138701751255,8.17722736356642e-08,0.000150952730573436
0.000268987911405388,2.61317849540075e-08,0.00450530217965827,0.239088097641063,0.585098073330768,0.17103951280532
0.00547625754926325,0.535279417108653,0.449403872768936,0.00979808317940744,9.09425021589675e-06,3.32751435245037e-05
2.96099946055373e-10,6.8753235810262e-10,0.743576097514624,0.000396516669743435,0.256024258209692,3.12662230889574e-06
0.000127176479990863,0.013836807562288,0.983017058601085,0.00289130992553191,9.03225015328498e-06,0.000118615180951485
3.71037310879628e-09,7.94437526595382e-11,0.0301255270487857,0.00327068202393716,0.965889397129245,0.000714390008215563
1.56506767909494e-05,5.64134083367334e-10,0.297574972355748,0.00202892687881766,0.325596591643146,0.374783857881363
3.96140418107683e-09,5.69130544682032e-15,2.93408342854098e-05,3.83628165539706e-05,0.985255517823814,0.0146767745639369
0.529739958845708,0.00351668999978677,0.459847712485345,9.27280739704988e-05,7.39943740987415e-08,0.00680283660081612
5.57804945589334e-15,3.71391732829092e-16,6.8138043810132e-06,0.000346051821065503,0.99964074086377,6.39351077764102e-06
0.009690340343951,0.530029886534907,0.178800575250434,0.281226192309723,8.97880829501339e-06,0.000244026752690018
1.72343951183373e-06,3.96312069426437e-48,0.000247141475224284,0.836566618876765,0.138866162714591,0.0243183534939075
4.46508786156207e-06,3.97421325964091e-07,0.0362290877516685,0.933707888333248,0.0233724252380108,0.00668573616788502
6.53149379021057e-05,3.40386576344418e-06,0.0265955629114723,0.800892763612777,0.107474137237862,0.064968817434223
0.84647306116814,5.33433118616808e-44,4.29107159101864e-05,0.000176604971081921,3.3093029358483e-08,0.153307390051839
0.553574111350992,3.44546341089488e-06,4.21082355855492e-05,5.27281635517654e-05,1.75821729708307e-07,0.44632743096473
0.975162152108649,0.00150941571886256,0.00419403861794946,0.00130174219920872,5.62723578936067e-08,0.0178325950829721
0.00119031073634794,0.0744279875669006,0.921719080179275,0.00260360610024517,8.19935459299221e-06,5.08160626384209e-05
0.89538304434278,0.103475386632193,0.000994892435060523,8.34434995544667e-05,7.71695803648713e-10,6.32323187166948e-05
2.97420185277199e-07,1.70889606857383e-09,0.245021946268103,0.000790146101248845,0.707316015873883,0.0468715926276837
0.000588881917153836,1.92885976424603e-07,0.00492821154331279,0.00389383787984365,0.00187697563795816,0.988711900135755
1.18514092243134e-09,1.07118663678513e-54,3.72081553247583e-06,4.83896300214052e-05,0.984755988157112,0.0151919002121929
0.00759190817783678,0.00329442290542348,0.860133885035268,0.0498189785827661,0.0034427141033488,0.0757180911953563
0.00125747890787347,1.12816096101721e-08,2.21495712741111e-05,9.21769468924012e-05,2.46676927330825e-05,0.998603515599617
0.000875564080180409,7.58470112435217e-10,0.000978366909215774,0.0161753503772137,0.223349408632808,0.758621309242112
1.60567467794183e-09,1.91602624201187e-10,0.111571035614951,0.00294276116389445,0.885449568528985,3.66328948919214e-05
4.70871398829599e-06,7.88818671690659e-07,0.988323053376353,0.00318433400143791,0.00766368164625416,0.000823433443294714
0.415702898677534,0.0718532785946858,0.241542405899167,0.261160612777376,1.99362251616442e-05,0.00972086782607575
0.181420842026229,0.817391002821276,0.00016193063798063,0.00102459130461133,9.13709877856587e-11,1.63311853198558e-06
0.996101017457048,0.00378818123584416,3.53166862934526e-05,2.50345131686961e-06,1.03210658138901e-10,7.29810662869999e-05
0.00773588585186444,0.0783492309779474,0.0104106718660922,0.902966966305761,2.49938343786831e-07,0.000536995059991295
0.0554515218796033,0.941830640516352,5.10125409541788e-05,0.00266488520126775,8.86505593643538e-11,1.93977317200419e-06
1.36239139818572e-06,2.30621367526769e-05,0.00401277190515152,0.985771202000591,0.0101728748722453,1.8726693861564e-05
0.000607781382810082,3.29646066081898e-06,0.0448972910070752,0.00791013988588854,0.00228814626421022,0.944293344999355
0.0144707759661428,0.964219748857853,0.0190451586968095,0.00189925163744511,2.92489399639809e-07,0.000364772352350029
2.74736597103793e-06,9.94737530384848e-45,2.54386402918241e-05,0.999698714578068,0.000164402894928233,0.000108696520741133
0.000136499435447016,7.21041443170398e-11,0.000109316032678779,0.00356808556010788,0.122646509441725,0.873539589457937
2.63990202352308e-05,2.12712390742131e-06,0.9487813471391,0.000651489769065793,0.00873944160967203,0.0417991953380197
9.20993832389431e-05,4.21135868441562e-07,0.202981776656405,0.043610431817359,0.0170822464638374,0.736233024543292
0.125143930841402,6.29397548639866e-07,8.88299742949792e-06,0.000430800975547538,1.00493728005221e-05,0.874405706415271
1.54426393906679e-05,7.93168065201279e-07,0.00757491739439174,0.163759323633098,0.484424680179654,0.344224842985401
0.0184684580784172,2.49869044902138e-45,0.00134680307599929,0.00121150709739613,8.90670525613019e-05,0.978884164695626
0.989110398162519,2.24858341274891e-06,3.942392662272e-07,2.54570624754213e-06,2.82316068654932e-10,0.010884413026238
0.0477576208055228,0.938693727528199,0.0133609280549803,0.000187301309833032,2.97959536719444e-11,4.22271668794861e-07
9.57716908659482e-07,7.74157860189621e-05,0.890766499822849,0.107181766142256,0.00196605637302483,7.30415894316414e-06
4.26571974835052e-06,7.79795785200256e-09,0.00303100261451134,0.111231831454771,0.883517107222614,0.00221578519039688
0.371111468293657,0.0740688860113675,0.532585486836754,0.0144676918501682,1.05649879181936e-06,0.00776541050926099
0.174346046793265,0.000184855645820207,0.00443352536286295,0.76848103567578,0.000374600033199249,0.0521799364890729
0.964365767060338,2.98165747687551e-05,2.33599536856441e-05,4.68723086345124e-05,1.51350040996746e-08,0.0355341689675693
0.000988919006052599,0.0217115656235706,0.915587160776985,0.0609957030541448,0.000136680163377782,0.00057997137586923
0.786076158220056,0.00046420696060474,7.78572655574759e-05,0.00134068824711392,1.78485032758769e-07,0.212040910821635
0.0104729639594845,1.55075543325037e-05,0.683146222387726,0.000301136145296056,0.000159301383536834,0.305904868569624
0.754337085795475,0.226051259225551,0.0139064703710002,0.00538051104402928,4.20342883334964e-08,0.000324631529656273
2.62327664382848e-07,3.39462254659666e-07,0.0277051568740806,0.0163226456625263,0.949334052112976,0.00663754356049853
0.000339944402957702,2.07997841236387e-06,0.821276690766228,0.0021736934313266,0.00136331382868515,0.17484427759239
5.42977781492325e-09,2.66126534413681e-13,6.55221508813274e-06,0.00728930544273941,0.988328606104266,0.00437553080786298
6.39160118017955e-06,2.70534414787556e-06,0.033010527743574,0.947766947161734,0.0171119414723249,0.00210148667703946
2.241803598755e-06,2.97352618123849e-46,0.0155135956172611,0.931852305633046,0.046465606978754,0.00616624996734021
0.139401076962337,0.0064981772329849,0.0632773278451493,0.0504791456038095,7.54099879345984e-06,0.740336731356925
0.000570927890441499,0.00343699217928333,0.984558031346353,0.0111821566690117,6.7509015456361e-05,0.0001843828994545
3.21055078466166e-05,0.999924398343013,3.46113429619664e-05,8.8847369664155e-06,1.69768877403369e-13,6.90422437279492e-11
0.0267647646829212,0.000331680410968611,0.955137938530534,0.00309874315255357,0.000199381889221885,0.0144674913338009
0.490847047825225,0.00280556739017575,0.22671271766753,0.070849947240296,0.00104363984029957,0.207741080036474
0.334510286875246,0.659660820881845,0.00533973489558653,0.000483117303953798,1.38559472367384e-09,6.03865777374653e-06
0.000427237569839345,4.33110377273272e-08,7.50922613384495e-06,0.0309592426180945,0.000599157836600816,0.968006809438294
0.178770405630913,0.0159331060029927,0.0163133757807651,0.776665379926407,1.95938284036789e-05,0.0122981388305182
0.596432270195027,0.00117676770006643,0.0387266149889734,0.0346330132671851,7.39168526558225e-05,0.328957416996092
5.17440184504716e-05,1.26604355862653e-08,9.6474730153445e-05,0.893499388051391,0.0848592029057147,0.021493177633855
0.0171918233513906,0.00629439102118667,0.502800545758513,0.450934786974991,0.00106592824520458,0.0217125246487142
0.00548699113137438,2.02370497016742e-06,0.886620707774655,0.000128604276263642,0.000425329786883593,0.107336343325853
0.0125970111329065,0.000414934195493614,0.00230147245614194,0.949599793219825,0.000143862780441296,0.0349429262151917
0.193965463828772,2.66157286203152e-06,5.79773768981306e-05,0.000297207744330465,9.79405307067179e-06,0.805666895424066
0.990781446783086,5.91925251763516e-05,9.29222850206723e-06,5.16329867949329e-06,1.63614196924911e-09,0.00914490352841439
8.55957378105297e-08,2.95670739635805e-08,0.986318688155563,0.00295205405350739,0.0105054773691753,0.000223665258942536
0.325951424743223,0.672576525986541,0.00107614559176553,0.000392908291939807,2.85890139060862e-10,2.99510064041967e-06
0.0691593716580093,0.00138147516963124,0.0449536573150883,0.804710074004122,0.00138984827252094,0.0784055735806286
0.947989558126137,0.000228979474323697,0.000106663580005167,0.00754956082071227,7.98725707732874e-07,0.0441244392731137
0.977449984544289,1.88974440564063e-06,8.86133091865014e-08,3.57109075390182e-06,2.18876486333118e-10,0.0225444657883656
0.0211621163820598,6.87280127440887e-08,0.00105553694089811,1.37319783429058e-05,1.87149686953114e-05,0.977749831001991
0.18481426383084,0.812813670576494,0.00151254410291277,0.000854815060050008,3.29542762192981e-10,4.70610016057115e-06
0.000627068551728439,7.47886486875748e-05,0.187016124656191,0.116130456022442,0.022386050472471,0.67376551164848
3.81741166010137e-05,0.993280713393222,0.00276640894220291,0.00391470154937507,5.36415794983967e-10,1.46218298272737e-09
0.00364746443334916,0.878539721962455,0.0513348139834365,0.0664709530174313,2.75855461272934e-07,6.77074786690574e-06
0.956004864959145,0.000111232654244354,3.39007165592165e-06,0.00126211761948439,2.72823190211709e-08,0.0426183674131507
0.0294054295356286,3.46231374430996e-41,0.135350220853426,0.813965924182846,0.000155104002818236,0.0211233214252815
0.821248256867931,5.02960202487898e-06,7.12387251596213e-06,1.92597538669188e-05,2.99160231513998e-08,0.178720299987638
0.807962887919309,0.0293073251039842,0.152922822381422,0.00175923557856424,4.17943998197547e-07,0.00804731107272296
0.156372580410462,0.834549490239335,0.00799461513446663,0.00106316133329178,1.58626024812718e-09,2.01512961842818e-05
2.09985237534229e-07,7.66469032748983e-08,0.227375953364022,0.0016554727590565,0.765405950033302,0.00556233721147927
0.000136742361002842,8.22361748512589e-48,0.0160577276595933,0.0431443370590125,0.888340923299973,0.0523202696204186
0.000464520322365876,0.060701207710431,0.477721396762271,0.461111991562856,3.68757232549823e-07,5.14884842920191e-07
0.48639340790333,0.509023029408933,0.00131308542132467,0.00294054322946075,4.40191032684871e-10,0.00032993359676099
0.0106919782690758,0.00105003405331982,0.764945929345041,0.182712422207443,0.00201689573163914,0.0385827403934806
0.00146346001099738,0.00258012542673259,0.282465202331053,0.446154751720306,0.023929799155009,0.243406661355901
0.693778397249817,0.305029066099396,4.3691962904734e-05,0.00114194572541277,3.86198544279945e-10,6.89857627046256e-06
0.985955627559355,0.000231940971134095,6.14431473775039e-05,1.15817309482436e-05,1.33846597840639e-09,0.0137394052527192
0.111744817971356,2.78249158923827e-05,0.0225347439850614,0.0048115372993697,0.000369801539781053,0.86051127428854
0.633273321639033,0.365868253948967,0.000635220621313149,0.000198000681003884,5.75147681090915e-11,2.52030521677848e-05
0.000340783596872037,0.000429602944060218,0.946004062208175,0.0357082613863939,0.014214879424263,0.00330241044023578
0.000626260122976586,1.31307363296075e-06,0.333026970836265,0.0551578730788463,0.319645673275601,0.291541909612678
8.92174677562244e-15,2.56648456364696e-57,6.07020298988229e-07,2.2234756190883e-06,0.99995633550097,4.08340031027385e-05
0.298965603763229,4.57678789710518e-07,0.00190994757278052,0.00311850235329984,0.000389803330951428,0.69561568530095
2.4549566373896e-05,9.34086072097375e-05,0.815426221420968,0.165447210098279,0.0189937563250573,1.48539821121936e-05
0.000407755392404019,9.07360282788372e-07,0.013544637327981,0.0339535516812249,0.0190351213795743,0.933058026858533
0.00125636293691444,0.968831515907291,0.0152061329630205,0.0147053548691268,1.4173858030242e-08,6.19149789315655e-07
0.0172308620838124,0.00019240790352312,0.15037698192378,0.210908364840445,0.00492764212721813,0.616363741121221
0.0825162752041686,0.691316659024425,0.143615756984,0.0812323560270383,9.07625771763441e-07,0.00131804513459625
0.00648791189388105,0.992884936736382,0.000609389930629264,1.77512040754171e-05,1.1452059385126e-11,1.02235802882734e-08
0.647548578842228,0.305537671731981,0.0216415082897489,0.0232723367554667,7.4023194016296e-07,0.00199916414863498
0.936043411961169,0.000468428977967659,0.000531390477732305,0.000400572689310205,1.57485173826482e-07,0.0625560384086474
0.945251211274887,0.00112924761704527,0.0481756684553813,0.000884283132382288,5.35989018480844e-06,0.00455422963011975
2.74450664024801e-07,8.78453649087448e-47,0.000242004054061209,0.98412020911462,0.01185661897831,0.00378089340234496
0.766719940362628,0.000113155319038707,0.00956233354243836,3.91402911168081e-05,7.53439260587146e-07,0.223564677045517
0.0461762096738054,1.85320448701718e-06,0.0110833024482887,0.0357216767455568,0.000540812333913411,0.906476145593949
0.113476764545748,0.885553732107619,0.000705405827781256,0.000262690237723305,1.08149482069062e-11,1.40727031372508e-06
0.241846870210192,0.000782656334501357,0.0368540022751452,0.57570921888428,0.0010571411228783,0.143750111173003
0.994573006476293,6.16164501776396e-05,6.95675590842512e-07,0.000200735936330624,1.59424409531521e-09,0.00516394386736354
0.00307045680811404,0.925394354426224,0.000832144993155578,0.0707020247728728,5.55458968259335e-08,9.63453736485791e-07
0.64401056080619,0.0188054481923216,0.206300199771728,0.08808599086461,6.64435801877831e-06,0.0427911560071316
0.000202413043190416,0.7163395583347,0.0043985651800077,0.279058894155678,8.43915820274849e-08,4.8489484198402e-07
5.92714825473794e-08,1.26805117269136e-06,0.998287214787928,0.00128348805789245,0.000181300360878153,0.000246669470645922
0.00737551927038266,0.000124222805637309,0.0158600259868066,0.0357532690380597,0.000724484427415556,0.940162478471698
0.0845479328165461,5.8760144745778e-05,0.0102188493557507,0.00240791352153405,3.71822049629401e-05,0.90272936195646
6.75371296826046e-05,0.99963024250458,0.000267112747920758,3.5107509831538e-05,5.03923520959722e-13,1.07481208452252e-10
0.689852263344744,0.000327787094236047,0.108727034469058,0.0104538737681994,0.00010990029111502,0.190529141032647
1.11642123858271e-05,0.999779158654258,0.000183606936317011,2.60701807263414e-05,2.02367784226612e-12,1.42891380999264e-11
0.0145917729320126,0.985152967595474,0.000232936246407016,2.22941729172367e-05,8.19478418627113e-13,2.90523693142862e-08
0.199277884627197,0.404194482948221,0.0574304500512479,0.300819336245463,1.58649014069588e-05,0.038261981226464
7.0639941639087e-07,6.96548118697124e-48,0.138782682156321,0.0244958016068955,0.573440878187854,0.263279931649513
0.0552772652096546,0.0487633221662777,0.891668621037173,0.00157082032122019,5.52907482169768e-07,0.00271941835819257
0.966742479344091,0.000150529246854488,0.000137518207895684,0.000597206527563875,4.37879097342752e-08,0.0323722228856853
0.0647912426990924,5.30593769112265e-06,0.230349299724151,0.030591271820938,0.000631569897403661,0.673631309920724
4.66028427081925e-10,1.73628764638166e-12,0.000354282080997771,0.0092436424785729,0.989589389112748,0.00081268585991623
0.992756836687211,0.00699993573635276,7.3499848554514e-05,1.37672520360489e-05,8.32772827614138e-11,0.000155960392568354
0.00233368060715533,8.04142004135698e-07,0.0108499831208249,0.000912275166218113,0.000318607607233908,0.985584649356564
0.89006192225292,0.0629515206431119,0.00634835872834763,0.00776845299097486,5.15423195954859e-06,0.0328645911526859
9.38249517426648e-05,6.73174291582319e-07,0.00435681155610649,0.19116209668974,0.100611521516879,0.703775072111241
0.97539928292921,0.0008314820993786,0.000174789673648872,0.00374517646509952,5.54177251733115e-08,0.0198492134149381
5.77650313381377e-06,2.36572403191689e-07,0.10606634883062,0.57422045854788,0.309279251656432,0.0104279278895315
0.799294144828259,0.0412561778668344,0.000421549199822187,0.158205873406311,2.72417158136438e-07,0.000821982281615376
2.5248452789334e-07,7.09761146339907e-46,0.021693957643032,0.629343822837148,0.347435419131641,0.00152654790365013
0.965877418171626,0.00265737372973834,0.0012940934771019,0.0037016671257778,1.26882309501831e-07,0.0264693206134464
0.961429774710604,0.018699274600071,0.00387280670703725,0.0107788158821502,4.04620999563476e-08,0.00521928763803782
8.68871059764744e-05,0.0273645105106079,0.97220784685296,0.000323000456974047,2.04274420956917e-07,1.75507990606287e-05
0.000820184940748821,2.30445553270388e-06,0.0299595166667778,0.0722640862755936,0.00717652558233116,0.889777382079016
5.07681692123219e-06,8.47710303746057e-09,0.0302033311089999,0.00817552590470237,0.303877602442711,0.657738455249562
0.0133142601525181,5.54825692982403e-05,0.180650189955475,0.0706292953876162,0.00730689037676375,0.728043881558328
8.60044921322054e-05,1.68357734690346e-07,0.010700032032085,0.393662057249296,0.382423854402673,0.213127883466079
4.72724182907345e-05,0.0318397466601239,0.161324892161238,0.806585086841428,0.000131192827244858,7.18090916751757e-05
0.983873479967577,0.00218218515864048,0.00445811064178871,0.00856817339006024,1.4410518007638e-07,0.000917906736753404
0.214321907802844,0.00220798618613971,0.0602883774324171,0.502735313366653,3.76150577652274e-05,0.220408800154181
5.35523582453166e-11,1.21011492918834e-54,2.07659694886936e-05,1.82756215729877e-05,0.99774912203154,0.00221183632384572
0.000324843188368981,0.000218380555752264,0.0990598490032592,0.893569484549631,0.00631354877850566,0.000513893924482353
0.00169034423249971,0.339496304461365,0.305546643872593,0.353257590259053,1.29453169890587e-06,7.82264279074075e-06
1.0358759147691e-07,0.999973830670175,8.87320925642278e-06,1.71925328491407e-05,2.8233328767181e-14,1.00047346984154e-13
6.70615968409292e-05,0.996273648610058,0.00322341193466872,0.000435869277807228,2.22082261854111e-10,8.35854342429019e-09
0.926943575393773,1.16872904286978e-05,5.38532783032216e-05,1.08668468416469e-05,1.06834636247964e-08,0.0729800065071895
1.45599212473279e-14,2.67245804936986e-17,1.46736038472515e-05,5.15215009063327e-06,0.999976235557268,3.93868877987976e-06
4.49123703944862e-05,8.35043963500205e-08,0.000737195747509954,0.00302840609563991,0.000808892816517511,0.995380509465542
0.00251394193319726,4.38486963673421e-08,0.00231278223583296,0.00323259222936324,0.00382129079137918,0.988119348961531
0.00193059020584389,1.54669099940516e-07,0.0284841821554034,0.318563094769715,0.210912775447198,0.44010920275274
0.699962153938091,0.00484794828280181,0.0324493484013072,0.00262309695294976,1.89960422920195e-06,0.260115552820622
0.97918285719292,0.0076379347778423,0.00728959075954615,0.00162379335536928,2.43374756618379e-07,0.00426558053956602
0.000222466719366596,0.00010027289779098,0.998897423090873,6.25509512660506e-05,9.84774263024693e-06,0.000707438598073165
0.000112274084506361,2.43787353685618e-08,0.00133091501141112,0.0198020687860897,0.0472323184173887,0.931522399321869
4.64156188557412e-05,2.63840465006913e-06,0.843416487278007,0.0116659402675403,0.0269214887441023,0.117947029686845
0.915168099207104,0.00877291700130927,0.00942224767612445,0.00463948109200561,4.80343144103301e-06,0.0619924515920157
1.28735327382597e-09,2.18614159172695e-49,0.00509700124305717,0.129751364137155,0.86502463174917,0.000127001583265153
0.933926866353716,0.0211956612670097,0.0130143764026759,0.00494500919953885,2.72561137002765e-07,0.0269178142159226
0.732816501255827,0.000648100255247745,0.0529837388297784,0.00246589631142448,5.03377425027588e-06,0.211080729573473
0.000475325379680993,1.09748098328602e-09,0.00121887074697203,1.18448491742095e-05,0.000199778273542372,0.998094179653149
0.00023275970959677,0.999741474519165,2.21936691569652e-05,3.57195430364745e-06,2.87163874398825e-13,1.47490497404745e-10
0.0281979918718757,2.05666961857265e-06,0.00190287099456927,0.00156297940485644,7.2059353325143e-05,0.968262041705755
0.0117131885510187,0.0969414013142497,0.205391809900829,0.678941366365883,0.000107218172850159,0.00690501569516971
0.225981683124873,0.731898221013274,0.0306063406901531,0.0112553504362675,6.47059355964116e-08,0.000258340029496599
0.000135774152086717,0.978836936859847,0.0206668529846942,0.000360399037272142,1.47627326409043e-09,3.54898271430105e-08
0.01128541687062,4.60937794256215e-06,0.695977915829896,7.37526956831377e-05,0.000134034602584748,0.292524270623274
0.216064685435333,6.30405663127058e-07,0.000774829496129364,4.28012898545377e-05,1.05232129310342e-06,0.783116001051727
9.72721743447673e-07,1.46505526828431e-05,0.00161033208186583,0.997632674584988,0.000692086732267094,4.92833264527123e-05
0.956338196814666,0.042234178887844,0.001332048636558,2.02315642829155e-05,4.65689550149977e-10,7.53436309593969e-05
0.953932192632425,2.44539910835284e-05,3.47945914387207e-05,0.0199279256370724,8.35012983618674e-07,0.0260797981349965
0.000124398618846645,0.975657454839705,0.00284172509474182,0.0213763001409159,2.17264121826353e-09,1.19133149095956e-07
0.0156067889520075,0.982590734969221,0.00117322324259632,0.000628744172439363,6.32448221315336e-11,5.08600491404062e-07
0.266797195396619,0.00895783498014778,0.0132403252803281,0.670429637436285,7.28413295925296e-05,0.0405021655770269
8.54287917916564e-05,2.68060025844967e-07,0.00164335867722936,0.0105452961002603,0.069194623179711,0.918531025190982
1.735799319286e-10,7.26367442072723e-12,0.000512138774857419,0.0255634867155431,0.973664540859573,0.000259833469183322
0.729788662702629,0.26859899593139,0.00143079462694956,0.000150705386480139,1.62464178143215e-09,3.08397279095038e-05
0.0104676750316487,3.4142433319845e-45,0.000212178608997344,0.00469010417607797,4.96629972634319e-05,0.984580379186013
0.00481304863512818,0.174604477826219,0.131316316448551,0.688925632180373,1.67025431962318e-05,0.000323822366532912
4.20472931095972e-06,1.41542599971524e-10,0.00103032060109598,0.0209384740702076,0.965053090953897,0.0129739095039463
0.110033855410857,2.51719162787713e-07,3.46643070308904e-05,0.000277549656323771,5.80547064342074e-06,0.889647873435983
1.78298236319124e-05,0.000168043079285111,0.0038934866186276,0.995893533153256,2.14996667219178e-05,5.60765847784793e-06
4.87899382626476e-05,0.0010036885769838,0.991273532405389,0.00756306471060337,7.2283232841661e-05,3.86411359196441e-05
0.987652356009261,2.38967728034757e-05,0.000260354451348131,1.02078057684208e-05,3.08009894147434e-09,0.0120531818807199
8.44644332373445e-07,8.11754749792138e-06,0.0516491522710456,0.635489863208152,0.309945696092792,0.00290632623617986
0.997769398143926,3.73820828245085e-07,9.54202018578061e-09,1.85584682098648e-07,4.92036784723829e-12,0.00223003290362334
0.216832767293865,0.000287354253221604,0.0726834873732089,0.0124869582934871,2.38113046349575e-05,0.697685621481583
0.00185449797276452,1.63145332760626e-07,0.00156054341097745,0.000192980828587209,0.000113911911654917,0.996277902730683
0.00153092894149471,2.80051125666874e-09,0.00192764059571065,6.76697956834892e-06,5.31143289721541e-05,0.996481546353743
0.000197534566488907,0.00269906835711421,0.749879923992859,0.243130443021666,0.00353905334549973,0.000553976716371721
0.0108018217675061,0.988780759525766,0.000183980353214297,0.000233369348274236,8.66868672054156e-12,6.89965710325696e-08
4.91678332120028e-08,2.17757630474571e-06,0.0210567371690027,0.519752283727749,0.458505298429603,0.000683453929508131
0.932130269663769,4.80042222646423e-06,3.53154026643229e-06,1.29222958142034e-05,1.14621318757999e-08,0.0678484646157921
3.2805638469661e-10,4.02752168626065e-53,3.17504649079451e-06,0.000766599313916759,0.997582639416175,0.00164758589536162
0.944749001551664,0.005740571890325,0.00412441617543059,0.00640860121705089,4.17132832107864e-07,0.0389769920326976
0.0270804903128822,0.016544153125148,0.911293308455858,0.0280847830179905,0.000363570879780475,0.0166336942083414
1.72593786812678e-05,3.28415341660126e-06,0.909249719684711,0.0879620117588844,0.00200142580342383,0.000766299220883232
0.00298832413581362,6.26756306427143e-07,0.000146842860417617,0.00139823264754824,0.000130306583069669,0.995335667016844
0.0508755561661411,0.00237986906542099,0.611113781177855,0.00383945320157632,2.05296388815045e-05,0.331770810750126
1.54133838325387e-06,2.68499519133835e-48,0.00250484068231921,0.00616179363049251,0.101304296402678,0.890027527946127
0.088911063535209,0.0029620654314464,0.0252119045781694,0.739937136751025,0.000241610904427297,0.142736218799723
7.02740576498989e-05,6.99659007634388e-07,0.654120357816546,0.0134262327551991,0.182053758163668,0.150328677547929
0.236013123920488,0.62486994305772,0.126963548340855,0.0113780757355912,8.1933266511045e-07,0.000774489612680644
0.982874105353662,0.000538490656295895,5.83625593970746e-05,0.000960763542851509,3.03220150663183e-07,0.0155679746676429
2.66874575242905e-05,0.99838748141333,0.000176354834648594,0.00140947359953774,1.73268715640393e-11,2.67763302702995e-09
0.993742426757137,0.00622165292889156,1.90935955064395e-05,2.22865606518672e-06,1.95190319461884e-12,1.45980604480712e-05
0.000173968459197934,0.187356785573106,0.794810849538112,0.0176499807006093,3.15643757742435e-06,5.25929139715731e-06
0.992606561886989,0.00299860955249532,0.000764223759169165,6.93766297531201e-05,6.75921109286528e-09,0.00356122141238274
0.912003911781407,0.0873504438056536,0.000184730520301857,0.000405992281029525,1.26209399658798e-09,5.49203495140336e-05
0.0194564565761448,0.352229187270691,0.00854809181653443,0.619086798802496,9.06288783772823e-06,0.000670402646295436
0.00270105229712967,0.0112013521130362,0.981834674127634,0.0034112519846333,6.47515490257416e-06,0.00084519432266421
4.71129917675559e-09,0.999937130888599,5.60687484315851e-06,5.72575250122492e-05,2.3893351009853e-13,7.48923680598801e-15
0.660831943166342,3.05702964357389e-05,9.67859722565474e-05,0.000458294521098195,2.33822329643634e-07,0.338582172221538
6.15479482639868e-07,7.1200127401667e-44,0.985330325888343,0.0140923726337945,0.000528792097053403,4.78939013265339e-05
0.0526064633131583,0.000100671576340575,0.000188370379930917,0.907310396149254,0.000179449392951296,0.039614649188365
1.45059359740846e-05,0.985208648500543,0.0036277544297062,0.0111487084002181,1.35808251576786e-08,3.69152734032023e-07
3.78469057553079e-05,4.65924942236308e-08,0.0609663523376719,0.00149280548667697,0.0529215900620984,0.884581358615303
0.00243580575524957,0.996809874148367,0.000688411257656014,6.58946896060102e-05,3.36896403762476e-12,1.41457524466817e-08
1.73943550583296e-05,0.000325985622033115,0.000853061213139139,0.998785248954507,1.76714190912999e-05,6.38436170837524e-07
0.99760125037479,0.00110311332362499,0.000962844136219566,1.14873094775956e-05,1.10702109258617e-09,0.000321303748866611
0.973337253706638,0.000394309695400122,0.000325783213983339,6.45710660991573e-05,9.42645510674957e-08,0.0258779880533278
2.4615778441907e-07,7.6426724713938e-06,5.7925004995248e-05,0.999625352013241,0.000308510538726453,3.23612781836901e-07
0.825513993848587,0.000141990255444277,9.51236570827432e-05,0.000315193573598346,6.7756126678986e-08,0.173933630909161
8.06588992964895e-05,2.20236359461299e-09,8.88420783927667e-05,0.0192341059176277,0.0744206681376253,0.906175722764694
0.000335674599694548,2.26768163821842e-08,0.000623912525124669,0.00160200873170176,0.00404988604564294,0.99338849542102
0.204320554197853,0.763410788906913,0.00192141389982568,0.0253918965016732,1.0616001027295e-06,0.0049542848936324
0.671016804372908,0.328543118748874,0.000219687139167112,0.000210054703761631,1.20762599355453e-10,1.03349145262872e-05
0.65530093959471,0.000679955386692695,0.0130965272426353,0.00837779136641443,3.64017217517784e-06,0.322541146237372
2.67115436845475e-06,0.999987586248782,9.16281308263559e-06,5.79783558459155e-07,3.70396486784099e-15,2.04528082938853e-13
0.689813656349015,0.000304504818747831,0.00416648718085154,0.00573103429948876,1.67622249448291e-06,0.299982641129402
0.939831898450596,0.000174328601655261,0.00243445504975791,0.00204059485175407,9.13405626431365e-07,0.05551780964061
0.0848410375931013,7.67150899476099e-06,0.00102555406727147,0.000604483601603629,2.10199770006558e-05,0.913500233252028
0.00188467865225979,0.997660639615196,0.000184903242223699,0.00026977649240198,8.43180502255636e-12,1.98948725067843e-09
3.51368600450872e-08,3.06842736931445e-06,0.999951827176684,2.86595672243464e-05,1.596630861919e-05,4.43383242862905e-07
0.00267063235180618,0.996784290966778,0.000299737948417619,0.000245297666463811,4.41294720250347e-11,4.10224048192198e-08
0.03306640087032,0.930826285355689,0.0342709874723428,0.00180235275185125,7.29267425188459e-10,3.39728205298611e-05
0.00126955034467887,0.997688514571745,0.000681567550716474,0.00036029991202323,1.15977481792232e-11,6.76092381362506e-08
0.000167792128540668,0.0122863247247025,0.985893614403288,0.00164255853722511,2.06134655765638e-06,7.64885968614931e-06
0.0790579831126226,6.35907813843454e-07,0.000226397154260679,0.00119073789122306,2.6601908263422e-06,0.919521585743253
0.040197064353041,8.2329992400529e-40,0.518826599353895,0.440314350680835,2.01038241963916e-06,0.000659975229809331
0.742305860876324,0.255793691225236,0.000245953795702917,0.00140160773643045,1.21557765974923e-08,0.000252874210530329
1.12380209577093e-05,0.00105460884783039,0.0108055526950886,0.984014572881873,0.00362903247555505,0.000484995078695102
0.00363690066554538,5.05945286099889e-05,0.0600232816812649,0.379666305839606,0.00264678978459776,0.553976127500376
3.61579785497324e-05,0.000185825098045211,0.998997609784612,0.00064720181029897,4.78019492740953e-05,8.54033792198841e-05
0.881843649282017,0.00386156504206136,0.0532341416841832,0.00118236967482874,2.1070648894986e-06,0.0598761672520199
0.00201820395901817,0.0013265498592356,0.92675105657507,0.0310953873828775,0.000152389700852995,0.0386564125229459
1.1537736651556e-06,3.42653487248727e-09,9.06650890878415e-06,0.98504478751945,0.0140473104104564,0.000897678360984622
0.908817135532621,1.73188133182007e-07,9.38775977436707e-07,3.05177081141353e-06,6.21323683134155e-09,0.09117869451922
0.0020932567695224,0.818929763455789,0.174597224589586,0.00437335223107491,4.18024447870784e-08,6.36115158250295e-06
0.00152466023948637,0.03434513097517,0.0136977906006829,0.949465077909599,0.000491156273974159,0.000476184001087441
0.0509388597935824,0.111375568275791,0.808337480451298,0.0291603278086494,3.23894956185647e-06,0.000184524721116848
0.992011035001189,0.00687603103350223,6.85450258073533e-06,0.000934700109018873,3.88808123162137e-10,0.000171378964900912
1.05060789799933e-07,3.85631569678043e-13,0.00349779238610563,0.00020477602915044,0.778158547167442,0.218138779356126
0.000306362507861864,0.0062236768154376,0.885577484183054,0.107260248133196,6.88473182772234e-05,0.000563381042173655
4.0339528386968e-05,0.000500071318767105,0.721893362896599,0.276273262550222,0.000408023965052532,0.000884939740971803
3.04395378080603e-06,9.92436109096407e-06,0.00018479286534743,0.999089860905043,0.00068585761446263,2.65203002748233e-05
