4.42947330743942e-06,0.0137198845952842,0.850723217041452,0.0914665550289524,0.0093581580883104,0.0299305318716172,0.00479722390107667
0.000111550184462466,0.443687708552425,0.279475312384664,0.233015466383676,0.00242435334185476,0.0265355427683699,0.0147500663845483
6.30333670746334e-39,0.00117702820829022,0.000855377458764165,0.000679537224779694,0.997286906440235,1.15066580350645e-06,2.12690307527602e-12
6.87543087865128e-09,0.00054016864999335,0.0170301992760612,6.55123491400935e-05,0.00566161365006696,0.976698276582301,4.22261700676782e-06
5.3115865605833e-05,3.86617232503716e-06,0.0614275453176584,0.00144912491650012,2.37510271744421e-08,0.00408605416933323,0.93298026980755
3.89849727692715e-05,0.0180110906032084,0.724666467231288,0.250056670799755,0.00630448377119319,0.000545643631769311,0.000376658990016365
6.46182974558753e-07,3.5235127486452e-05,0.950498844460242,0.046595730138441,1.67704241059803e-05,0.00102653909502407,0.00182623457172585
6.64293171939038e-40,0.000227397601919394,3.72969730647417e-05,7.11283301695937e-05,0.999664155138955,2.19558847841818e-08,6.72461712280608e-15
2.83028939940387e-06,5.54495779112078e-06,0.0964189079521364,0.000148902754506918,3.3727643025311e-09,0.000800330342296715,0.902623480331105
1.48220566075901e-08,1.77233280262271e-05,0.833158805237057,7.4044104599762e-06,5.10903791557793e-06,0.152825171082698,0.013985772081786
1.06324262800775e-11,0.00290384308834752,0.00962157853431618,2.320627319782e-06,0.0100349960732216,0.977436955234768,3.06431394481193e-07
0.0424004180790013,0.001178874523715,0.00557604175719788,0.809024122583685,2.47402020833029e-06,1.13074851044046e-05,0.141806761551088
0.000225280178544714,0.0449516040142087,0.34741900153462,0.380303879864554,0.00164388599993512,0.0318485344035859,0.193607814004552
0.152732822720172,0.00365279716485239,1.14258674172426e-05,0.835616017575961,2.93313596039267e-06,1.68164072338391e-05,0.0079671871284028
2.05017579912616e-07,0.0577593509818629,0.000268880790058208,0.479620511407632,0.462305390227863,4.56401285830737e-05,2.14464208048636e-08
1.21282033756041e-06,1.12077686875203e-05,0.0474508897841177,1.38177106949949e-06,7.85173169141711e-08,0.583850416714346,0.368684812624125
0.999537968138043,0.000247630732508648,9.43913463461099e-12,0.000211674706812661,2.75145467186674e-12,1.22842187037707e-10,2.72628760300719e-06
0.867359945728228,0.00130351149757825,6.86693116295519e-08,0.129186761064414,4.64783889157254e-09,3.37356267387909e-07,0.00214937103636171
0.000339649137428939,0.12614426656452,0.00217012669437679,0.0204880801372908,0.00123466056226866,0.847547859587036,0.00207535731707817
0.654716655227268,0.245899566247025,3.84661011104899e-05,0.0985553560962082,7.78361162937469e-08,8.36569004726376e-09,0.000789870126581981
0.00814728111011837,0.000134891028246233,0.0028416722374985,0.000259649390120467,2.37244533341775e-08,0.00871009881773418,0.979906383691829
7.76615897150422e-34,0.00550735609325399,0.362523483505187,0.0801179704568754,0.547691077049906,0.00415731753376452,2.79536101306347e-06
1.78699924344053e-09,0.00496717871691057,0.876611165278082,6.51137214842915e-05,0.00738137375480779,0.110895373005518,7.97937361981212e-05
0.000905345947183884,0.000855620392794278,0.000285442155378204,0.993478452410348,9.35919789610421e-07,1.15060377142549e-07,0.00447408811412844
9.22803473634275e-08,0.503945499608243,0.000262141702998399,0.0406407354182236,0.428213851294808,0.026937671517115,8.17826486166308e-09
7.33105440734645e-08,0.677346779715204,3.25492093372855e-05,0.000468384010058725,0.00642433461695849,0.315727480824508,3.98313390155826e-07
0.00137007974650575,0.0142719843451409,7.42929539653532e-05,0.983810951337299,0.0004585611575569,1.13899007119009e-05,2.74055882010167e-06
0.00519488338844322,0.0723050707354401,0.0228659344062597,0.885199597726927,7.853084783885e-06,8.22884638040602e-05,0.0143443721943417
5.85671888294372e-11,0.00745704037688988,0.615065033647625,0.00345356363359718,0.356834093446441,0.0171898060696194,4.62767261047229e-07
0.999993228330326,2.3737958519298e-06,6.53827530456804e-14,2.04790430064702e-06,6.83221705387578e-15,1.67561415465026e-12,2.34996777411235e-06
0.000265638872762592,0.00041801683035823,0.134131993192635,0.859791019140366,2.53634404489649e-05,2.66538095053147e-05,0.00534131471392353
0.000618128324690813,3.46106245849556e-06,4.82052053043637e-05,4.09639490846841e-07,5.568582535492e-12,0.000705807394613192,0.998623988367874
3.32277466462182e-40,0.000167052524672746,0.0031907781275845,1.96447905523178e-06,0.993860311938932,0.0027798929126093,1.71460773021347e-11
3.41822392702678e-06,1.27494780167097e-05,0.125201302981474,2.20971034899111e-05,6.94380098696151e-09,0.00503045003570065,0.869729975233591
1.21877303909567e-05,0.0132731042594046,0.0093261841971495,0.973169511146354,0.00215033626283182,0.00191545986727605,0.000153216536592815
1.8648028597029e-35,0.000128291202917752,0.933559483016888,0.000420942338056349,0.044404562672486,0.0214805117010926,6.20906855911865e-06
0.999588848026993,0.000388938661088452,3.17588428005791e-14,2.22036739451189e-05,3.78145889182635e-13,1.5762083408454e-12,9.63598736128743e-09
1.74293578285903e-06,0.080506551172002,0.339800163470869,0.531740140991282,0.0198026088491451,0.0266205893540051,0.00152820322691385
8.886105666976e-09,0.000226515789220625,0.00856641253675116,1.47967037499828e-07,3.24121053096345e-05,0.990472236453182,0.000702266262393562
0.997249440650494,0.00154671992034509,4.23458056148321e-10,0.00119696022098531,2.77846164220207e-10,1.19076281240331e-08,6.86659924328529e-06
6.89365462762363e-43,1.94889179150871e-05,5.66319155410695e-05,4.13160945108098e-07,0.999920119876445,3.34612915249487e-06,1.38243398791138e-15
3.55211235961503e-13,0.00190116059519015,1.58866645294463e-05,6.28913852832308e-05,0.996634549996287,0.00138551135411225,4.24269448224547e-12
1.37476632087503e-10,0.00253903673627917,0.0514514457152429,0.0405251607644861,0.904818625035968,0.000665669765618344,6.18449283985636e-08
0.000162272268700452,0.051914580123635,0.000363952828648001,0.00317282275158108,2.15579399024474e-05,0.929438906926966,0.0149259071605668
4.61084171453516e-05,0.0737888275694432,0.027532137110049,0.717767272818017,0.0579414925697914,0.122610420853614,0.000313740661939335
5.60137356654474e-07,1.11341065613053e-06,0.01746437271892,9.04968233489686e-06,4.79473114586644e-09,0.000716019442950096,0.981808879813051
7.35797429248522e-09,4.68546073650175e-05,0.98135446941379,0.0181637829210133,0.000332985637764974,1.87158396658904e-06,0.000100028478126203
7.14822513547421e-07,1.81493731701754e-08,0.0138689072016996,3.79170694679593e-07,5.87917132701072e-11,0.00133570718307825,0.984794273413849
6.92818363747581e-06,0.000620382361411524,0.0589118535927241,0.92729247312308,0.000141517082927931,0.000198631691126805,0.0128282139650923
1.28296021260936e-05,0.985194628147385,0.00191079330173624,0.0042493345513893,0.00231110716192026,0.00631833735590022,2.96987954329575e-06
0.000885946542174626,0.0560504618380704,0.00773993304231595,0.905187689767571,0.012584000051408,0.0155200297228107,0.00203193903564918
9.55945140141164e-13,0.0149277324577918,6.17476143032693e-07,3.30875220019949e-05,0.984896047661265,0.000142514880871507,9.70252251583785e-13
0.994817885856326,0.00113993170014258,2.94982841458326e-09,0.00403930579823888,9.96841048956693e-10,7.3138293996012e-11,2.87262548470892e-06
1.68585747519913e-10,0.0077032577999252,0.000811223627013878,5.7354247819478e-06,0.0154864584858503,0.975993173013906,1.51479936615916e-07
7.43082668464945e-39,0.00104751370190163,0.000228111828393903,0.000100677022115458,0.993232193920464,0.005391503492306,3.48188628162664e-11
7.24777655305046e-07,0.000707494470570963,0.0657023923278069,8.59761807238891e-05,0.000160350817210629,0.922781093574573,0.0105619678514589
0.077272202894393,0.816197971512036,0.000143575932691512,0.0164189152919887,9.11774766517818e-06,0.0821802708334378,0.00777794578778764
0.0847595357376729,0.00355994937596476,6.50526925128415e-05,0.888164999261522,2.45921130033338e-07,1.07223408135766e-05,0.0234394946703837
0.60424011301789,0.00214063830578424,5.18683598313497e-05,0.000299652654816239,1.73507022000351e-09,2.40079815449897e-05,0.393243717945062
2.65408775623687e-06,1.98104808477489e-07,0.000984196947991924,4.93458877408848e-07,2.46777411370825e-12,2.43221816343951e-05,0.998988135216464
0.00193862628305479,0.105006381595192,0.00776131083176244,0.826870233342379,0.000427284881856058,0.0165787307270003,0.0414174323387556
8.62007219625174e-06,4.92939386556349e-07,0.0619033112265433,1.76916505965491e-05,1.96352745922566e-09,0.0029109604707881,0.935158921676962
7.57587608374095e-14,0.00021848438040729,3.43653411071349e-05,0.00608562388448238,0.99366044597829,1.08041555722503e-06,8.05306377101852e-14
0.0559147729555534,0.00955465145553269,0.104123492462803,0.206825666851559,8.23901524096548e-06,0.00986872065401502,0.613704456605296
2.00347506819257e-09,0.00435137015007803,2.46073150199621e-05,0.0272399288667686,0.968186915209839,0.000197176397430424,5.73886009049205e-11
0.00330934204901275,0.000184879298616647,0.00864477246218162,0.0177431587650432,1.96228200035302e-08,2.46994515174323e-06,0.970115357857174
3.80352818845153e-08,0.000171313203626395,0.013610300540689,4.91799062481859e-05,0.0001304109451038,0.98575253040688,0.000286226962170893
8.90467543327309e-39,0.000680728894690511,0.000829879801564266,1.25956949831155e-06,0.992449667956018,0.00603846376628173,1.1946823926983e-11
3.58978697531437e-09,5.42700741113746e-06,0.996891273999947,1.3217044022997e-06,4.36205750014718e-06,0.00155812583635946,0.00153948580459309
6.80175003263848e-11,0.00152155671204691,0.000229013033788716,2.76467378404291e-06,0.00880332729211926,0.989443186157231,1.5206301248447e-07
1.22987930930661e-08,0.00502227527744929,0.00171335613318258,0.000270482186771733,0.00643120725004652,0.986556995739573,5.6711141835628e-06
2.05749614318589e-05,0.000193929090606322,0.705225859430408,0.00315865834102625,2.71187647151552e-06,0.00174300533451043,0.289655260965546
0.838717784364002,0.0176409140618054,0.000130789393752002,0.113185118958092,2.64040174427082e-08,1.02181382933832e-05,0.0303151486800374
3.11555009550117e-10,0.0282343046893352,0.00719395527798643,0.000442134214130143,0.490790762174356,0.473338253691546,5.89641090988446e-07
0.653015305656161,0.0066255618936122,2.61902578408949e-05,0.336964103111349,3.40610633614091e-06,2.69013765972537e-06,0.00336274283704138
1.88635645874391e-11,0.00142515969450701,1.32332855520191e-06,0.259336108371112,0.739236977365046,4.31220183931559e-07,1.7321353906283e-12
0.00564826091816868,0.0335118299641602,0.00131609224686304,0.959172659576747,2.12740287539861e-05,1.1158707437175e-07,0.000329771678233103
4.33240688468978e-13,0.00125500089783986,8.16407948704903e-05,0.00529791345907883,0.99309239118011,0.000273053631964937,3.57028734660118e-11
6.07905417732414e-12,0.00307619152857259,0.0837166045361061,0.0430097575645168,0.865959383869671,0.0042378707261056,1.91768948680431e-07
8.07027144264433e-17,6.19340979847821e-06,0.00161722799238619,4.99710189869271e-06,0.998018963564775,0.000352617921943447,9.19777831261728e-12
0.0020283463863833,5.87936866651067e-05,0.00676003869793981,0.503453843564523,1.2892706998414e-08,2.24626284240102e-06,0.487696718508939
1.12814963224395e-18,8.94694314715718e-05,2.67709010241908e-07,1.82892301980172e-07,0.99990876638417,1.3135830464478e-06,4.6549307946547e-18
0.683663226461148,0.083278900605346,8.59635479972523e-05,0.224196386937686,2.23762215710569e-06,0.000774340509416819,0.00799894431624842
5.79430634453887e-36,0.00980907859282773,0.000696655200969937,4.06359941615011e-05,0.111297396345561,0.878156230021108,3.84537214908513e-09
1.07122294623057e-08,0.912583857204688,0.00106530661090932,0.00800854138891033,0.064728305145853,0.0136139510246117,2.79127977749471e-08
1.13327558313912e-06,0.738304249494911,0.140355309917649,0.0185491632978098,0.093949869350339,0.00883021553549104,1.00591282167805e-05
3.25262235611936e-30,1.73384661251378e-05,0.163632120481296,6.36583196003095e-05,6.31868024508068e-09,0.000763589098849401,0.835523287315449
1.95003059119419e-06,2.37277358902556e-06,0.275433186327775,9.35565127069471e-05,1.83300716411823e-08,0.00595247835404142,0.718516437671225
0.000758261810233646,0.000816653040407102,0.0223881263665989,0.00421047473286727,4.86448539787684e-08,0.000393801129273748,0.971432634275765
0.0816264977043233,0.00379265011469937,3.38462831823804e-05,0.913494875382587,2.32120974780365e-06,9.95609703262967e-06,0.001039853208427
0.137734345826132,1.38001465209239e-05,1.82555089712459e-05,0.00189564179109257,1.52788346126166e-10,5.04060714772031e-05,0.860287550503018
3.01145878966227e-09,0.000321188450815182,0.0454421344782611,0.838824968735515,0.115029893769275,0.000381533461297765,2.78093377338272e-07
2.32333950185407e-07,0.000365580407883107,0.989308519505452,0.00729981450605532,0.00024588293300937,0.00203385086008014,0.000746119453569764
3.64616225391354e-42,3.94055957667097e-06,0.00319257374195767,5.85133667883234e-07,0.996572754088009,0.00023014647239882,4.39038443078964e-12
0.00211734413043317,0.0235405722568048,0.0636029245091522,0.907517877985883,0.000772089510645117,0.000167837639189191,0.00228135396789271
5.81089257932545e-09,4.77976383287124e-06,0.993342143961325,4.48030023892283e-05,3.45543187380059e-06,0.00492455633999605,0.00168025568969015
1.01033309376514e-10,0.00163742028332634,0.911652766994152,0.000761658844081827,0.0493840886936718,0.0365223440914674,4.17209922674623e-05
1.7225658939467e-10,0.00741025075427164,0.000111724862741451,0.259753916288272,0.732694869838417,2.92376581024164e-05,4.25939680477271e-10
6.47501276909916e-07,0.00521927580616526,0.00067147370469176,0.991282826807219,0.00279403038451185,3.0152745278207e-05,1.59305085734861e-06
0.00758739181549752,0.495985995249456,0.00186703693127739,0.134067841002227,0.000244748939253645,0.332143163262651,0.0281038227996371
0.724709618477829,0.00247318915825125,4.18422160642687e-06,0.000229353388631738,1.46142500257033e-10,3.80554130982035e-06,0.272579849066229
0.00569856260687473,1.97914093910044e-07,1.83272078770144e-05,6.60102496688692e-05,2.21583029522379e-11,2.28143285184954e-05,0.994194087670809
0.00215916091288563,0.937836720055766,3.27773921409782e-05,0.00189710520984095,2.43741748965194e-06,0.0578045236827539,0.000267275329123009
0.957512003521594,0.000903988447795298,5.41754149357655e-07,2.44906632902954e-05,3.09327372354306e-11,1.40165748347354e-05,0.041544959007404
7.37280920737137e-07,0.951709408076485,3.92590210234558e-06,0.000840195852800195,0.0444071325772136,0.00303859272639173,7.58408638691546e-09
4.53290297733328e-06,0.00353341599532034,0.603287617726834,0.245140952391674,0.00143839399758304,0.145018175936147,0.00157691104946455
0.961851789497924,0.00115957468475173,0.000240176040138561,0.0191842769099842,6.25177992962466e-08,3.81911222387813e-05,0.017525929227163
3.36630486980712e-31,0.236164834027351,1.10013496707378e-05,1.99935518108572e-05,0.00169671227413468,0.762107391343632,6.74534006580838e-08
7.7484358412398e-13,0.000117865987178055,0.0194077663958026,1.41150848138868e-05,0.070433608855712,0.910026398289625,2.45386093914116e-07
7.72586084700448e-07,0.00134280274308166,0.0991149478437606,0.893925114269208,0.00558245255523825,1.47965128167492e-05,1.91134898097153e-05
1.65354138943277e-08,0.180034450242127,0.379705478264845,0.131904507533637,0.196022717729099,0.112320954017743,1.18756771342233e-05
1.24411522351974e-06,1.65657990428438e-05,0.336909745935585,3.64284455702465e-05,2.39497963917511e-06,0.565839645806025,0.097193974918915
3.99536117965389e-06,0.0730458076932286,0.4310211933121,0.0267313028084905,0.344740671275379,0.124446049431127,1.09801184950616e-05
7.61925949738057e-31,0.000102099447743058,0.930958705340713,0.00351175143876027,2.98139233636504e-05,0.0139494941265968,0.0514481357228234
1.53367425716962e-06,2.5991122005499e-06,0.0428308141986648,4.14877682637545e-06,5.36862126598289e-09,0.0384068503302896,0.91875404853914
0.938366407884923,0.000193003003532941,2.73870823590618e-07,0.0148332974312194,2.48410728718304e-11,6.24127237685052e-08,0.0466069553719357
1.41253028614466e-06,0.912132612861577,2.64522783718683e-06,0.0783128329459073,0.00954720527176148,3.28739929544496e-06,3.76333576442035e-09
7.93636286096707e-11,0.00563842197713633,5.78967496115129e-05,0.00029136995469782,0.912411882732048,0.0816004226299347,5.87720774451973e-09
0.0836897127477257,0.00995526737601358,0.00621041091097786,0.460151165474912,6.87130431709205e-07,5.95088672968335e-05,0.439933247492642
8.66181416470268e-05,0.765191057481969,0.0839865178594406,0.00472648862398073,0.000410880249153588,0.126767308255904,0.0188311293879052
3.87040954388954e-05,3.40275580624198e-06,0.0120996909902933,3.66666448440643e-05,2.06926256210349e-09,0.0015403490003737,0.986281184443981
0.0111202692925464,0.0691909200416982,0.000336017957799605,0.918504566624396,5.19579460240112e-05,7.77580024050889e-05,0.000718510135130435
0.000162735015016113,0.00123029195209641,0.558586413412068,0.000157347306311292,2.85774998636798e-06,0.0517386633827712,0.388121691181751
7.94239140005848e-06,0.00022437590088083,0.236131118481983,0.751578492081693,4.52060928904237e-05,5.31707161003481e-05,0.0119596943350521
0.176986730366404,0.00121321723769637,0.000214118491882542,0.0164940668600256,8.81311864172244e-09,5.17981257695119e-05,0.805040060105103
2.7010081972802e-09,0.0107400955477518,0.000544560824104979,0.00398400596492215,0.981503254471697,0.00322807909853324,1.39198253672917e-09
2.25100782543192e-06,0.00218159016654613,0.217371112775495,0.779302639877474,0.000620605941576692,0.000217612652385481,0.000304187578697702
2.7232594121681e-15,0.00021556264995379,0.000173203298848383,9.41662287255879e-07,0.963426800470259,0.036183491904389,1.42601033613809e-11
9.3159533539964e-08,0.697627915202095,0.000228803868722221,0.0157089603242832,0.168306587052175,0.118127289994848,3.50398343108022e-07
1.08493736076264e-33,0.76441919291471,0.0010043806452633,0.0037499811418384,0.18323808457899,0.0475883322576793,2.84615192106818e-08
0.00237374843806652,0.0258609621956634,0.753170348715394,0.0755570609696766,6.82815604000355e-06,0.00705044429429155,0.135980607230867
0.00221217200809041,0.0759778653446431,0.000210704121932352,0.921052368175662,0.000110722284350537,3.08212452317704e-05,0.000405346820089504
0.999947503630597,6.54620825774632e-06,2.09891301282583e-11,1.98624674347542e-05,1.0649031418995e-13,2.85703660258554e-10,2.60873869109368e-05
0.000133438576979889,0.000586005559617659,0.0115928524562875,0.972497058997474,4.49410372542991e-05,2.55463574501376e-05,0.0151201570149363
0.000448611392992469,0.30015751653166,0.301736301948197,0.273181244859381,0.0102364606186177,0.0952084087792418,0.01903145586991
0.638332153574705,0.000131850117773458,2.86496404196768e-06,0.00719249788975556,2.46957051456156e-10,5.55578268746285e-06,0.354335077424079
4.02914831690763e-10,0.000175810813037465,0.0123830153766798,5.30879759503078e-07,0.000212923820350076,0.987225843659114,1.8750481445593e-06
0.000733646325970558,0.232391761058871,0.00189195155647625,0.00545893244606501,0.000138612386827505,0.749960390445125,0.00942470578066512
0.000182587099240304,0.0285194135412688,0.0745138468118781,0.0237384703035346,0.000843242742292852,0.818319417887218,0.0538830216145673
3.23055140608037e-11,0.00725237782233555,0.000219672873906522,5.42861656788182e-06,0.0233195616943304,0.969202928237228,3.07233262283421e-08
0.000200199537552259,0.931840488743864,0.00997868759447645,0.0514995470169372,0.0042920774970581,0.00158542886446164,0.0006035707456505
1.79488920478453e-07,0.000990575435253596,0.169033671032401,0.824461332054986,0.00406800333948873,0.000564635113517232,0.000881603535433058
9.38796733419908e-06,0.864036707995145,0.0112348689715015,0.00041861745198306,0.00107259905245107,0.122643021696923,0.000584796864662492
4.54154760276168e-07,0.000113577402046871,0.322272133342489,5.38544251808323e-05,6.87053928329111e-05,0.655344065337996,0.0221472099446945
8.15924640361043e-05,4.11937340154929e-07,0.00577602465751282,1.40115794683282e-05,2.20868331302381e-10,0.000340835555539123,0.993787123585235
1.0795952881806e-09,0.0427711686679562,0.000383823497930911,0.737907125209415,0.218921338203104,1.65357322187306e-05,7.60978055985606e-09
0.791677843075911,0.000166321361217079,5.36722912429658e-07,0.000471779063798365,8.91509611319857e-11,1.39701527489907e-06,0.207682122671735
4.78580905802914e-05,0.509543779084902,0.00451032434912129,0.0065808940149532,0.00287901015189054,0.476040236391542,0.000397897917010858
3.05984871670208e-05,0.00135652120956278,0.00543966768409042,0.000110287672189838,6.55065184519007e-06,0.968326958414655,0.0247294158804901
1.9899727339588e-06,8.79797795562218e-08,0.00553045412746777,1.59876870932133e-07,2.24466115883754e-11,0.00147154827886173,0.992995759741839
6.04230246376678e-09,2.5465607768725e-06,0.992915908748396,0.000284835763595419,2.39612717324893e-06,9.16058623956593e-06,0.00678514617151662
0.698531957285269,0.0035684511820683,1.3396054602197e-05,0.00265410313752935,4.07157265060425e-10,1.43114242166086e-06,0.295230660790953
8.17423023468958e-06,0.0322447065466228,0.193256517190466,0.193715213458174,0.11456534063249,0.46619010902344,1.99389185709875e-05
0.992967251251833,0.00552321655164137,4.70044624288077e-10,0.00148197123676858,4.22427492404849e-10,1.68722512900102e-07,2.7391344772277e-05
0.914783971710038,0.0352505567235214,1.05398882558619e-06,0.0481341144909026,1.08474818438365e-07,9.27624447788581e-05,0.00173743216711511
5.89198413945696e-05,0.000161315394030321,0.0324077269261687,5.16248177671045e-06,1.37174659607629e-08,0.0111494467361727,0.956217414902991
5.93429842017313e-28,0.740340551486758,0.00674131799868561,0.100535344599059,0.00135296871113005,0.147287732195791,0.00374208500857678
4.41109053140876e-06,5.98311460470617e-07,0.0595000928612275,1.15252733353675e-05,2.8871106314856e-09,0.0030954387085555,0.937387930867779
0.00779417896861335,0.00643598767125362,0.0111450880138793,0.575135634928552,1.5181516447433e-05,0.0170616861493119,0.382412242751943
0.873145239044787,0.000485196293439489,6.29511882072459e-06,0.00471654198476304,5.64646032810854e-10,2.38225548794408e-06,0.121644344738056
6.79964320106011e-08,0.00193775748673544,0.0155053769757529,0.596804008931089,0.385701114780768,5.15999805888548e-05,7.3848633311387e-08
2.67877152065982e-35,0.00161689194501997,0.00369467028960482,0.00229122874167178,0.924100566455916,0.0682963396906581,3.02877129385709e-07
0.000321863232195373,0.98289152900555,3.74676019458723e-08,0.0167635968877114,2.43702743260541e-06,1.77394743574747e-05,2.79690515138494e-06
0.576040751500811,0.000497101272058197,3.13390386469668e-05,0.00152481305146004,1.33785400992377e-10,0.000306180046056267,0.421599814957182
0.000460657316366271,0.180316725105096,0.0464796192383871,0.761088248015908,0.00104482581840913,0.00230818731156595,0.00830173719426738
9.9396886175825e-05,0.780741064393834,0.0899294661123612,0.0271129717055044,0.0698091269408305,0.0322731443118461,3.48296494477721e-05
0.305446195358664,0.000314050917985063,4.20761001746796e-06,4.86478672304977e-05,1.09431659480322e-10,4.129976286959e-05,0.694145598373802
0.000205492794453037,1.05963509955436e-06,0.00558033820859807,9.05673097926184e-05,1.71742192386319e-10,4.10958849913915e-05,0.994081445995323
2.15440871863182e-05,0.000390776250248562,0.87729744406975,0.0285074329250022,2.36987406843504e-05,0.00111912493327313,0.0926399789938558
0.444172349403858,7.94598770409454e-05,8.74305076888528e-06,0.000576272384110927,2.58360693503097e-11,1.99204232985161e-06,0.555161183216055
0.000289856132785521,0.002818842765873,0.000507470997136948,0.993908510219426,0.00103571373275365,0.00131678466711009,0.00012282148491476
2.08043922182194e-08,0.0424845282523125,0.0940274910475628,0.0278043585813823,0.82979548424817,0.00588528527949737,2.83178668294011e-06
7.37957821217156e-45,6.91489399334252e-07,1.21442487225844e-05,1.02912633792539e-07,0.999986795411227,2.65938017191607e-07,3.32804525413255e-17
1.40521417674903e-07,0.000257991342194522,0.861720439973278,0.00278274175882889,8.30225218557167e-05,0.0372621711928456,0.0978934926895799
3.11796579229949e-05,0.379154685427966,4.57172277490111e-05,0.581958814332915,0.038794376512618,1.28989344486056e-05,2.3279063805273e-06
7.78590570130614e-08,0.0168619763440423,0.503456708897767,0.0139824311083709,0.121863831465696,0.34378532957091,4.96447541570497e-05
0.977772902836329,0.00278060460805621,1.25444925572932e-07,0.0186965608051982,8.77399421916508e-09,4.19196230770925e-05,0.000707877908419638
4.64896625456425e-05,0.052973530916714,0.550772900658031,0.244503289013479,0.00323013729052881,0.136608323468086,0.0118653289906161
0.106678699904217,0.666502667009373,0.000747117090779883,0.186168512442467,1.55960345707749e-05,0.0162324677662774,0.0236549397523152
0.993635271302312,9.77178379183203e-06,4.47182950619319e-09,0.000444922032173352,7.86758299802527e-12,7.94065839996181e-09,0.00591002246136735
0.291790543749641,0.00433483555279152,0.000433445812364229,0.0233288085001373,1.79144050332835e-07,0.00443971049470027,0.675672476746315
0.000451010131965015,3.79959491265962e-05,0.0221934817681675,0.000726203013761048,2.95848468997665e-08,0.00205650632694756,0.974534773225185
0.000705970672876835,0.00547426271890928,0.0200176021831299,0.343875911384577,0.000192671991347817,0.0488033072308737,0.580930273818285
8.15052223526133e-34,0.811773965459545,0.00102230886286172,6.39043461004375e-05,0.133692279996694,0.0534475371588848,4.17591469668848e-09
2.69377253621744e-05,2.59485813966792e-05,0.476568519874058,0.00948224373827238,2.1883532534585e-07,6.08175558368612e-05,0.513835313689748
1.23109078668932e-08,0.000777729731774042,0.021636717033753,0.00154940276417196,0.000499617553350893,0.975129460108085,0.000407060497957465
0.906305120376495,9.80449240712691e-05,2.43163358078341e-07,0.000766488424183545,4.25880326182098e-12,2.20288780948057e-06,0.0928279002198239
0.000669114512849585,0.00757483118194945,0.00810637780636181,0.0467297723717482,0.000163483117079965,0.848929778372007,0.0878266426380036
2.74386911804607e-05,0.000190288254394712,0.00302066856162546,3.2601544125746e-06,2.38715150379375e-08,0.547804019040779,0.448954301426092
0.965845535346256,0.0322731550005112,3.03359237045193e-07,0.000408949988992912,2.34222929682708e-08,2.6432322916246e-05,0.00144560055979386
0.0071390598558604,0.141982336027237,0.103790423605537,0.16890190883716,4.23698291039278e-06,0.000586984110281063,0.577595050581014
0.315923495787749,0.681311636081631,4.53658963176561e-07,0.00265860625242913,1.56714122376598e-07,1.79770568437925e-05,8.76744482620121e-05
5.66353317796337e-07,0.00221535495895929,0.000139253541775756,0.997517700999412,0.000126561296149951,5.08704165767418e-07,5.41462199295629e-08
1.52122268141153e-05,0.0641463012870079,0.830347146012749,0.0211055104236896,0.0062789210639375,0.0777024722732833,0.000404436712518143
0.00015741862962842,0.000171115406760423,0.751136982714217,0.0415416209844096,1.18761601888835e-05,0.0503125892015958,0.1566683969032
0.999719907074447,8.67278726696368e-05,4.01935588231673e-11,0.000141529954120701,2.89298786528043e-13,5.35791114225441e-10,5.18345224887779e-05
5.0753184940971e-05,0.0221946412456921,0.0960020887147589,0.217394610652436,0.00138868452375202,0.52675279874799,0.13621642293043
0.999761897017202,8.21952247632196e-05,8.848641658792e-12,0.00014642105267643,8.2156078168878e-13,3.2774497087695e-10,9.48636794318837e-06
0.988474998834247,2.85884212133825e-05,1.50937760161271e-08,0.000148597883850335,2.40367796322876e-13,2.49914219695589e-09,0.0113477972675302
0.222803609007218,0.499178018284576,0.0294242258941192,0.0344604518211443,1.55712341099365e-05,0.0112988294862939,0.202819294272539
1.77078217275404e-35,0.00963597107530105,0.0478509345153606,0.0319044945267654,0.907940284061814,0.00266829545947128,2.03612872035746e-08
0.0390493012765491,0.000902697624605479,0.0017226979527423,0.900374112129921,1.47052445292696e-07,9.79016443222953e-06,0.0579412537993043
0.000216236414075819,7.81858120901209e-05,0.019573839033356,0.000200483307134398,9.49582595516124e-09,0.00411188602507842,0.975819359912439
3.75520273118115e-06,0.010400867893213,0.550204167906612,0.396400039073755,0.000224888820295697,0.00587774268454538,0.0368885384188479
1.93552392102005e-14,0.00117316296246288,3.90941775966527e-05,3.84288788429564e-05,0.9965648693055,0.0021844446747768,8.00867185901557e-13
0.00947569528129516,2.94261092951655e-06,3.83765626565614e-05,0.000131535917722152,1.80267022567981e-11,2.03893555492015e-05,0.990331060253821
1.03222935901011e-07,0.000319637394230823,0.995146915330889,0.0034764197331599,4.12437630483691e-05,2.42120332211756e-05,0.000991468522515086
0.0886267052910109,0.000269026423406328,0.00361570025257202,0.0114536246574528,7.89035708810824e-07,0.0509494481128375,0.845084706227012
6.42576028422115e-09,0.0665617147681501,0.0470113287490522,0.000448084228360479,0.184189934858978,0.701786972635636,1.95833406276427e-06
0.000392901931687158,0.00144522101739094,0.0199619070474783,0.000200571601387679,2.66172308207024e-08,0.00216098862637384,0.975838383158451
3.56203656049975e-09,0.183719307945937,0.00111862203553452,0.0156805302246104,0.780847378976122,0.0186341286929847,2.85627745034127e-08
0.00438818015571662,0.0891602865292003,0.000228077366184297,0.000331590225274037,2.84306079558952e-06,0.833121437041114,0.0727675856217149
4.21315842855484e-33,0.342976878216234,0.00111892751159429,0.00351084135346848,0.652242270601948,0.000151073758376249,8.55837846155953e-09
0.0036896180511013,0.000417146639168373,0.0102049713230749,0.00138967992182038,4.83096187968271e-08,0.00243442143778485,0.981864114317431
0.0269560168282283,0.00263768446552677,0.00283869060184544,0.0037019715289744,1.18423412810915e-08,0.000848376508360927,0.963017248224723
0.0231217404374345,0.000370401850884297,1.38554188103949e-05,0.97642117862419,3.7930209642155e-08,3.22265435182626e-07,7.24634730362542e-05
1.02232977411944e-06,0.0295582049999934,0.845209987499812,0.0609959019033317,0.00824160806839156,0.0554687275853949,0.00052454761330216
1.36584063080146e-10,0.00226793932455964,0.417541146886822,0.00521357485791979,0.5732550812369,0.00172206376324745,1.93793966652033e-07
4.19391845878687e-06,0.0368749022420406,0.927110949826863,0.032647969947496,0.0019931611818487,0.000166202605832716,0.00120262027746061
1.37569289721886e-09,0.0249225020240622,0.0170707923507083,0.0021000556916988,0.736319043056499,0.219587284991949,3.20509390304074e-07
0.000676233288254387,0.984253535902507,5.80145812181588e-06,0.0131636666345583,0.00123761539105804,0.000661687174434374,1.46015106670644e-06
0.00399349652582176,0.00297574065348801,0.000613879677126542,0.0107222944656691,7.80065920095338e-08,0.00578878944463833,0.975905721226664
2.72500442403656e-05,0.0825914105340333,0.00510457967655053,0.0107197107071868,8.18923723934568e-05,0.897651794351828,0.00382336231376725
1.77689239840952e-39,7.87697018820464e-06,0.00921982903380367,0.000323070614990097,0.990094812279312,0.000354411035740545,6.59651686675361e-11
5.68679269984836e-06,0.926365218860658,7.66008113740968e-05,0.026807804143341,0.0260686237741489,0.0206739913817556,2.07423602224132e-06
0.0258671489927467,0.899156250556021,2.0127166994879e-06,0.0743777417520191,1.67039310281338e-06,1.00364082685207e-05,0.000585139181142539
0.999972277230949,2.39459985980282e-05,1.92498174529538e-14,3.72103570557906e-06,3.26420177990521e-14,1.0232190616406e-11,5.57244634278924e-08
0.996506015482299,0.000272321827034034,3.68316105549603e-09,0.00315491244067156,1.5605188492721e-10,1.47040814280076e-08,6.67317067010598e-05
4.33781242849732e-06,2.81597275551803e-06,0.140588189538172,9.50337843142373e-05,2.81013152758558e-09,2.69809018031777e-05,0.859282639180395
2.19903513213078e-19,1.64382567567136e-06,3.17671079537391e-07,3.04566889012208e-06,0.99999397125467,1.02157968421566e-06,4.29950710200003e-17
1.01755525424418e-07,0.000509351995087089,0.994529790654717,0.00118813558382964,0.000255761548435633,0.00344354428419696,7.3314178207806e-05
2.54720672160067e-09,0.000709722314854256,0.245048031890717,0.00204487928464371,0.0156795997868478,0.736441754330909,7.60098448208007e-05
1.33721457648816e-09,0.0453464587997693,0.0293813864862373,0.00374767655376073,0.20142309097687,0.720097602274046,3.78357210213628e-06
0.000461276519228057,0.00332960655873044,0.657483963764142,0.0127213188281758,5.08991845910178e-07,8.28655542891244e-06,0.325995038782449
0.00708394092135382,0.00017069978457885,0.0031978623742881,0.0146715491681462,3.7604456187664e-08,0.00115287393637255,0.973723036210804
4.82019571603133e-05,5.54043254908004e-05,0.00169824642731168,0.998015189597191,1.35475792183011e-06,1.38310971256591e-07,0.000181464623953491
2.09053894785544e-10,0.000275600033903875,0.0170794977081239,0.000142782705516502,0.0347753199190996,0.947726449414121,3.50010181624504e-07
1.55740284133473e-06,0.00539311524095755,0.157603112670027,0.83378385093624,0.00310172746619593,7.13816784471858e-05,4.52546052909265e-05
0.00813811758292229,0.000260950545855291,0.0225742558415622,0.0136537235204261,5.77204323476427e-07,0.00499938314546062,0.95037299215945
3.26076390039981e-37,0.0376884456104706,6.59267514249208e-06,0.000219547725232577,0.962019957156168,6.54568313886464e-05,1.59734995183313e-12
0.0126499231262825,0.000323029601507047,0.0113576684835718,0.0134629564481269,7.85220157816561e-08,0.000414003693063096,0.961792340125433
0.000169840280463837,0.0112524102302854,0.623719412001615,0.0941150734776747,9.800353893238e-05,0.0626314433084434,0.208013817162585
1.56048338756411e-10,3.73792568067312e-06,0.998881106185681,0.000760159154911577,3.85613432397296e-05,7.80172748198927e-05,0.000238417959618889
0.999809536077488,1.96981819607231e-06,8.17865934113015e-11,1.20711763190748e-05,1.04053926572556e-13,1.15476131165822e-10,0.000176422730630165
9.96410010504827e-06,0.00015207850083238,0.738601794887795,0.0107787426542887,5.45134380014329e-05,0.149462136360408,0.10094077005857
0.184095032660111,0.235032678305084,0.00205424377479784,0.479010461625032,6.92547574111849e-05,0.0802201612626394,0.0195181676149235
0.41612743318372,0.394478786122982,0.000510445152699682,0.0517651372512157,2.75920501341755e-06,0.00370713727567494,0.133408301808694
0.982575759499583,0.000701020646798013,1.88274850755904e-08,0.016631232130428,1.74045740941246e-09,5.54973641865762e-08,9.19116578837553e-05
3.07319907966588e-07,5.30585603533145e-05,0.344996192775328,0.649787953726262,2.65492001641556e-05,9.55251350652357e-06,0.0051263859044784
1.15715716987648e-07,1.80778634273229e-05,0.908044035338044,0.000477633431936019,1.89537710604793e-07,0.000222447234991606,0.0912375008781733
1.3769978881971e-06,0.999330480707868,2.03524912813137e-05,0.000106130338380001,0.000515334909211758,2.62578337838131e-05,6.67215870276776e-08
0.0381903211441378,4.36916671797685e-06,4.11194249731474e-05,0.00186476363424805,8.3008626308758e-11,2.02149880649036e-06,0.959897405048108
2.30880201017052e-07,0.000741543270154252,0.000505526330316444,6.01071269853004e-06,8.55346527153881e-07,0.995536962828239,0.00320887063186382
0.726613205735734,0.266242446248593,1.93644123131829e-07,0.00679352270317402,1.23250618763426e-08,6.30371667702597e-06,0.000344315626637037
0.983276245967355,0.000297291588934092,7.41955954376181e-08,0.00155108820162308,2.66235004523287e-11,2.56635727927541e-06,0.0148727336625899
0.000416951014152333,0.295910641063664,0.00545785430944563,0.00294729041317172,0.000215116400987248,0.685431976868806,0.00962016992977376
5.88897958668681e-07,0.00121620009941865,0.943981685217808,0.00394172571612062,0.0188185794515787,0.031973681292111,6.7539325004208e-05
9.57549891190016e-12,0.0181194287095222,0.000347798639497684,0.00160318463728792,0.979552695501967,0.000376892452984178,4.91657753340326e-11
0.301871353657709,1.75034036006113e-05,1.15921334289799e-05,0.0023986696997327,2.95973599497114e-10,1.26006464486775e-05,0.695688280163107
1.23285542450578e-30,0.000654706497064921,0.950311792749241,0.000525016822722281,1.23066366010855e-05,0.0229886778795774,0.025507499414793
0.0202316456263336,0.951830683414235,0.000122113000129439,0.0266900640991459,5.16332406432298e-06,9.43050586792294e-05,0.00102602547741224
2.19237700419651e-12,0.00219111601192994,0.000620849154200204,0.000153330234482275,0.908300435507749,0.0887342613668708,7.72257556328187e-09
3.96572732910081e-09,4.19605111545353e-06,0.0333378052578224,1.66316248375448e-05,7.68094407954981e-06,0.962221350281151,0.00441233187526703
4.45015671339896e-06,0.995186101895652,6.1282398178548e-07,0.00131427589006841,0.000273050462154204,0.00322138590036587,1.2287106425541e-07
0.000637254045132355,0.00639872104696082,2.12655462598427e-05,0.992918655253263,1.16539324550912e-05,2.37110898022773e-06,1.00790669489615e-05
2.16556287998166e-05,1.32923076237949e-06,0.00936751450930141,0.000335119710461062,5.01369384084365e-10,2.30820826452163e-05,0.990251298336661
2.0739858946063e-06,0.782787232357431,0.00220723522978241,0.018779452005742,0.195576501833565,0.000647430937315201,7.3650269310925e-08
5.02238236586873e-07,1.48800317197876e-09,0.000364181373398421,2.05559221251753e-08,6.79807321271723e-13,0.000492314649341768,0.999142979694418
0.000239880158669859,0.00257279631351933,0.222922937193438,0.30821560227401,1.69092184541343e-05,0.134275250117781,0.331756624724128
3.37937719420958e-09,0.000278430977914946,0.998425510187902,0.000454536034422806,0.000374685688250663,0.00032130389732754,0.000145529834804843
4.63508545634349e-09,6.83338640911798e-07,0.987527395749274,0.00834610837774695,1.34560758597431e-05,0.000947838457282921,0.00316451336611035
0.00122541748854451,0.523982027427301,0.00123984432579207,0.469577395864832,0.00391147279061704,2.82403402490157e-05,3.56017626637701e-05
0.991259204221725,6.86270292843157e-05,1.26377065078313e-08,0.000185671059871469,4.50529683005297e-12,5.27426850325764e-07,0.00848595762005742
2.38180887758308e-08,0.0781170666218846,2.17428005987029e-05,0.001855406429222,0.916988701768374,0.00301705822967462,3.3215686983416e-10
2.9856643767226e-06,1.76146499531238e-06,0.0367107056963305,4.99454271470701e-06,5.0436344661595e-09,0.00184448377027498,0.961435063817673
2.78181945474853e-40,2.12839517646571e-05,0.000149604289683236,7.66751862274833e-07,0.99583514502757,0.00399319997726644,1.85386926479677e-12
0.00654990060252781,0.0004971194057074,0.00558737316005027,0.00617061492431779,8.72044648289594e-08,0.0192302237651619,0.96196468093777
0.0129218061392444,0.00453725541735895,0.00450954813373716,0.950332502233078,9.58115118563059e-05,0.00820626684500812,0.0193968097197174
5.63312287937295e-08,0.671754685916347,0.000429373986106314,0.310332622136524,0.0169531169785806,0.000529204028704351,9.40622509367852e-07
2.78218293957617e-07,8.70842365310119e-05,0.995179188178272,0.000121332825540291,1.1333870133491e-05,0.00172677512386189,0.00287400754736733
0.00136335487707654,0.00062249886967617,0.147122632531723,0.811276562000508,3.77203000625381e-06,0.000212873460377244,0.0393983062306325
1.72387974151693e-35,0.00612829370966241,0.805505188501663,0.000576920074952798,0.187297208521235,0.000492312977216148,7.62152711889997e-08
2.16231654971022e-05,0.048155588164477,0.00275311938708245,0.00257229875929769,0.000218093528159662,0.945200095316982,0.00107918167850397
3.95627741220449e-07,0.00495113868673864,0.137483582636655,0.817296434120116,0.0401027227711986,0.00014137075961442,2.43553979361586e-05
0.638112072657097,0.0055811604523566,0.000729488558930678,0.116813078840136,1.93954185082078e-07,0.000163830974250065,0.238600174563044
0.00115111863510459,3.51850197552386e-05,0.00203411745023991,0.000128078353368499,1.00551821117351e-07,0.0645190876356538,0.932132312354057
0.872674132171332,0.126707679216365,8.80543135885344e-09,0.000579887795634011,4.30201426651025e-09,2.76264595978088e-06,3.55250632638149e-05
0.0080768546850503,2.11737162930723e-07,2.75442247724652e-06,2.77042881666071e-05,5.40973446322641e-13,3.20982246175122e-06,0.99188926504414
