1.19754803986838e-06,0.960621285659308,0.000312775970386054,0.0092008684848725,0.029863872337394
8.79843424158747e-06,0.321148058269255,0.571509812526125,0.000452071981851567,0.106881258788527
7.7193139271129e-16,1.54463525344742e-06,1.89049598428189e-06,0.000301256940675323,0.999695307928086
0.00133156554036901,0.708641352142848,0.239183098411129,0.0411531555393309,0.00969082836632271
0.0348298433274874,0.96516197141395,1.8672133075629e-06,5.35428456391282e-06,9.6376069102948e-07
1.61046716066477e-12,4.91814608394322e-05,0.00147739524350585,0.0236827457106453,0.974790677583399
1.59033546209013e-06,0.00747115443335352,0.0100496039066823,0.118263325693197,0.864214325631306
7.82131197287751e-98,2.45824951792069e-07,0.000138699335657367,4.64052574338015e-08,0.999861008434134
0.0103991337759276,0.989598953703796,1.70142783892767e-06,4.11835915045e-08,1.69908846063404e-07
0.000610275081468771,0.999036755072447,0.000179963533286497,9.98992786615546e-06,0.000163016384931197
2.54718784292092e-84,0.532764192176984,0.0160027410081158,2.29053813174244e-05,0.451210161433583
0.000254595949971757,0.956867786497777,2.04615584158194e-20,0.00341108665550167,0.0394665308967502
1.14788696474684e-07,0.708340469672922,0.183562066160207,4.70863641681419e-05,0.108050263014007
0.0145883206364266,0.00398898118393023,5.00234554074464e-17,0.981088201592216,0.000334496587427243
6.32211842711278e-07,0.00101224743569587,0.104960714006602,0.00830023470502375,0.885726171640836
0.0057713632673604,0.986310774531483,0.00746629431018512,5.89852143141634e-08,0.000451508905757275
0.00577668730063248,1.20594192180078e-07,9.18211932883729e-23,0.994222876248106,3.15857069363526e-07
0.441850503551285,5.6806796629483e-05,8.2999894390269e-20,0.558092508184924,1.81467161191208e-07
4.89850993102086e-05,0.503085107223587,0.274627526252498,0.0391016342772769,0.183136747147328
0.00170171860035771,0.0037026953849681,0.0196333865060264,0.973160526154732,0.00180167335391539
0.0089473511906236,0.990359415978029,6.20187827374743e-22,0.000681300848979223,1.19319823687705e-05
2.20386833087536e-90,0.00137816762669103,0.225896285914003,0.000823491357150521,0.771902055102155
2.82920098148086e-85,0.982830738933576,2.5595171007867e-20,1.57132229289006e-06,0.0171676897441307
0.0284830447172134,0.348946451410092,0.00163962754463595,0.619257181664314,0.00167369466374475
1.64210067137355e-11,2.23334365506309e-05,0.946066720288801,0.000597753716381812,0.0533131925418453
0.010563894640017,0.01097430459407,0.491653832388356,0.483467946151947,0.00334002222561061
1.18578842745128e-10,0.000420581440796827,0.00326005546114555,0.0124186209849824,0.983900741994496
4.0595672687634e-07,0.000206350232704943,1.27010396122959e-20,0.959802459441779,0.0399907843687896
1.43290031122699e-09,0.107061858054028,0.0404368418796895,3.7179514914193e-06,0.852497580681891
0.151142880243422,4.61253531235015e-09,1.43812626279239e-22,0.848857114415226,7.28817039268518e-10
0.476402513668811,0.156485054388933,2.95047400679833e-17,0.354716595595412,0.0123958363468433
0.827901519924825,0.170666722395139,2.07181926181468e-05,0.001409589016787,1.45047063139152e-06
2.31237148544726e-08,0.0541166455623306,0.0328986286028286,7.36845735160445e-06,0.912977334253774
0.00483069059453556,0.995163593580485,3.82172366892904e-06,1.43659236561708e-06,4.57508945041446e-07
3.39641425864697e-07,0.0100163186824554,0.873551759554238,0.00146837956152728,0.114963202560353
4.56483140747495e-10,0.062686439945028,0.00700279877769586,4.24874157121641e-07,0.930310335946636
0.000828180941615122,3.10691885920438e-10,1.77712829231209e-22,0.999171811858301,6.88939179626524e-09
1.48481373560786e-09,0.0190868260824479,0.879292450848046,0.000800768020700876,0.100819953563991
1.62776520971178e-05,0.871995322009625,0.0168679151682088,0.000985839991405369,0.110134645178664
0.000146979770205929,4.7723718584504e-07,1.1420155226809e-19,0.999851288887924,1.25410468412679e-06
9.95374771444729e-13,0.000152067400258046,0.00024365100103621,2.90826695440977e-06,0.999601373330756
1.18414665181664e-08,1.44123390892087e-05,0.994871877541158,0.00302241354351333,0.00209128473477327
4.95847284642811e-88,0.0431735274121311,1.85847923727313e-05,1.13498825276661e-06,0.956806752807243
0.0299961855427593,0.00387381123569544,0.151768479502156,0.814252008617818,0.000109515101571053
1.58207819976666e-06,0.0117914368196536,0.958529473103781,0.00387754805193921,0.0257999599464267
0.000813869642726691,0.999176311583136,2.65072736219155e-06,2.99054764956242e-07,6.86899201062081e-06
1.93850357045685e-09,0.993106005654696,4.375104880287e-06,6.68998538650885e-07,0.00688894830338108
0.0157033170102572,0.984296401309967,4.20661978063156e-23,6.83118828638718e-08,2.13367892847969e-07
5.9812769759693e-06,0.999741359827956,3.35765806999668e-05,2.18707864059768e-06,0.000216895235726943
0.00106409337858676,0.305660001030873,0.00107148854262973,0.330244624882002,0.361959792165908
2.77805692544261e-07,0.0552500870627693,0.0441870680318934,0.00217309684932039,0.898389470250324
1.09462981132678e-08,0.000852793712854713,0.661436374988998,0.000768700190424479,0.336942120161424
1.08956006140178e-05,1.18726382148922e-06,5.91164047502644e-05,0.998125051222018,0.00180374950879617
4.83341149366283e-09,0.0870043684622044,0.904142561554034,2.13904138202833e-06,0.00885092610896786
9.87641859929236e-87,2.46729642938251e-05,0.950379411712732,0.00528196562978533,0.0443139496931891
1.16286361104139e-07,0.74775079880245,0.0321498695161111,4.02722747253295e-05,0.220058943120352
5.04628275683082e-10,5.38147016472571e-06,0.638064060381868,0.32968558425814,0.0322449733851988
5.71904641626549e-06,5.00166786324522e-05,0.000354038987557572,0.999541082902097,4.91423852970701e-05
0.99037918168921,0.00960033983575574,2.12805053535823e-07,1.99958608249332e-05,2.69809155570594e-07
0.240564592643873,0.759396913533426,5.14531994693923e-06,2.93737514261461e-05,3.97475132751945e-06
0.00953983025244226,0.949341039638828,0.0066390581116468,0.0336078628050329,0.000872209192050566
0.00192246753432506,0.998073100402992,2.83211260574349e-06,7.69683246530646e-07,8.30266831045191e-07
3.49760730235623e-15,2.30938218214757e-07,0.023505177989771,0.132746096099081,0.843748494972927
0.964224363879186,0.0342557963027902,2.28216957537435e-05,0.00149611560809641,9.02514173276744e-07
2.17312617052784e-13,6.31573959362313e-06,0.870176798650965,0.000775177905118409,0.129041707704106
0.00550670550519752,0.970192271462164,0.00318780996595676,0.0191529059543355,0.00196030711234635
3.95616308748261e-08,0.999009200701203,0.000217864382145266,2.9011297298167e-08,0.000772866343723146
2.44582963258306e-07,0.859217076013376,0.035093558723371,2.3411529191675e-06,0.10568677952737
0.000621757048153195,0.977057269688292,0.00554094052895127,0.000368400646380588,0.0164116320882225
0.0003792231651004,0.724163170327308,0.268537078733783,2.22126414416056e-05,0.00689831513236739
0.00092215055958846,0.384790906321518,0.595861409794043,0.00774783412833887,0.0106776991965123
4.43401666553915e-06,0.0968056075780815,0.0252772185802521,0.0215043819471545,0.856408357877846
3.05501745118439e-07,0.00127272317699388,0.409687809759718,0.0175262941516924,0.571512867409851
3.87940451752603e-05,0.988986963906907,0.0032141000624508,2.2850575057844e-06,0.0077578569279607
7.64099394595525e-06,5.22851610347029e-07,0.000104260989728303,0.999881615155387,5.96000932865023e-06
2.14862074595433e-14,1.12240117303405e-05,0.00414759260901557,6.32162722102097e-05,0.995777967107022
2.44199519527748e-81,0.993849269994562,4.13207899342509e-21,0.000267049260992241,0.00588368074444527
8.19144218699843e-09,0.00480665655593869,0.0126959969940511,0.000194613332933851,0.982302724925634
1.65526159118111e-09,0.0119131465679931,0.101290676395755,0.000241562703494241,0.886554612677496
3.31166522286768e-10,0.351670620303929,0.052471043104347,1.30863030240843e-07,0.595858205397527
0.000510461947127198,0.996380814921328,0.000250148209903544,0.000413063034720107,0.00244551188692152
1.98253376626272e-12,4.55326458546494e-09,0.998337820088723,0.000316818686478942,0.00134535666955136
0.00854750784530813,0.000348368557878888,2.09012217732624e-18,0.990822482510653,0.00028164108615986
2.93584789212235e-10,4.85712571163839e-07,0.999192758779412,0.000605551139209766,0.000201204075221925
1.72874478997562e-06,0.160075467645718,0.0393699518234969,0.0181941535206619,0.782358698265333
8.60875506286758e-06,0.0089244094125959,0.0116022732123107,0.645127184389977,0.334337524230053
0.00473261707250218,0.993771189118692,0.00120027808320733,3.50826593196173e-05,0.000260833066278766
0.000535316260224627,0.999461670219481,5.15565841904471e-07,1.15763543310238e-07,2.3821909088393e-06
0.0981158685800241,0.901443622675855,0.000129671380661287,0.000133526944953199,0.000177310418506544
0.000280023156171762,7.35998342393764e-05,5.96340348963577e-21,0.99941156545279,0.000234811556798942
0.987643620049608,0.00872520783283264,1.06038279778069e-20,0.00363024500043919,9.27117120336151e-07
4.71363600789845e-11,0.00745350774876638,0.00061881310893772,3.24042194639213e-06,0.991924438673213
2.08639116115345e-09,0.00860245133638158,0.00341740437067191,0.00236060925485236,0.985619532951703
1.84138447582348e-09,0.00727173115187924,0.123584551947284,4.31366777288119e-06,0.869139401391679
7.09675226832761e-07,0.0192712488616143,0.000628100014524011,0.00100161003434435,0.97909833141429
3.48577267262638e-08,0.961518554255936,1.06466971958395e-21,2.11834564717823e-07,0.0384811990517724
3.39272777863363e-08,0.0186613815978623,0.788513989915425,0.000227260572782037,0.192597333986653
0.000259205425291538,0.00025053448635821,0.933652383173533,0.0654147620942054,0.000423114820611731
7.51913773919758e-13,2.96908699819114e-05,0.0327175149882352,0.00242095594992987,0.964831838191101
0.00027652351720077,2.78980269442182e-05,0.171030035796346,0.828569198632425,9.63440270832894e-05
0.338883580554876,3.49277005022514e-08,2.00050476284317e-23,0.661116384285537,2.31887330296266e-10
0.991012231617459,0.00880031855336114,5.65324069531785e-07,0.000186829171724095,5.53333857581246e-08
0.0255109812347364,0.00131233196272338,0.26077358271152,0.712336482185253,6.66219057673779e-05
0.00105158142695023,4.34122371798033e-08,4.86283799476611e-22,0.998948347974232,2.71865809548147e-08
2.12415410351492e-05,0.00335270655652111,0.987706051801776,0.0075757217746605,0.00134427832600717
5.15652753115462e-08,0.0180957476782791,4.79062613024345e-17,0.14143787620443,0.840466324552016
0.0247208826530182,0.00951053795495916,7.52339653539001e-20,0.965099782402009,0.000668796990013286
1.39018153219973e-06,0.000427425509835026,0.989588537715387,0.00641561364890749,0.00356703294433855
2.14211500617386e-87,0.00562977419784159,0.787554205984116,0.000186178536047901,0.206629841281994
1.53660012244654e-11,0.0014255825142487,0.117168578054109,0.004670233563667,0.876735605852609
1.85545879933395e-08,0.00113078904171887,0.98342230221341,9.92470278390279e-05,0.0153476431624436
0.000965360571254438,0.998327296855498,0.000616073533934057,9.09807217944616e-07,9.0359232094991e-05
1.49143339142974e-13,0.00550776140219901,0.00154048549972597,2.38484987091334e-06,0.992949368248055
3.78808433466171e-06,0.958611804084492,0.000788497069124828,0.000559281198209254,0.0400366295638396
8.32362080932265e-05,0.999801773818823,1.57573524191578e-05,2.79721506801052e-05,7.1260469984545e-05
0.0185224041010008,9.18866860786348e-06,2.90432145371824e-21,0.981467698414377,7.08816014116192e-07
1.12340815466122e-08,5.99521830120603e-05,0.896720944567515,0.0341807723654016,0.06903831964999
2.40590969440636e-09,0.000886253979187979,0.536823532361401,0.0059972326345547,0.456292978618946
0.0832867844455427,0.114515690259336,0.00190355883043905,0.798810685684088,0.00148328078059476
0.739354861159645,0.111093050901968,2.18849334617307e-19,0.148720773259089,0.000831314679297947
0.0020464085222901,0.99648494249503,2.05186642077344e-05,4.56097858076242e-05,0.00140252053266498
2.71007141079258e-07,1.74771560964859e-05,0.00191246747531682,0.996571030790498,0.00149875357094801
0.0116075950980143,0.988302069991378,2.74203272369081e-20,5.64115334398199e-05,3.39233771675957e-05
2.57688750519583e-08,0.200349225057336,8.88128279423672e-05,0.00101143188054586,0.798550504465301
0.0158738728667563,0.983015388715886,3.29164219605373e-21,0.000950709385674908,0.000160029031683127
4.75743471417668e-14,0.000463669905985354,0.472033770014062,8.09692840532936e-05,0.527421590795851
1.38506150089442e-06,3.16326293596099e-05,1.54501458851694e-18,0.998692973623806,0.00127400868533349
2.07465346497045e-85,0.268325442422272,0.0791135280505992,1.10765593181165e-05,0.65254995296781
3.32911532324294e-07,1.18926922542448e-05,0.885106151473795,0.105976965357108,0.00890465756531059
1.17009949230241e-10,4.28640360972063e-06,0.640024716411617,0.00125370783019177,0.358717289237571
0.162734696627092,0.820597889470174,0.00197277171137716,0.0142277877895899,0.000466854401766638
1.99744320127593e-05,0.00187098820685015,0.00659874847964096,0.976726399580468,0.0147838893010279
0.591752131273215,1.26013072352115e-06,2.59775162634585e-22,0.40824658554252,2.30535413285734e-08
8.81115642020144e-07,0.000797602114784433,1.73552869050619e-20,0.973603853829976,0.025597662939598
4.97291371814259e-07,0.012392475390744,0.981351992475408,4.29150828415911e-05,0.00621211975963452
0.985128550854004,0.00520060834964341,8.9692684034793e-22,0.00967062160974734,2.19186605297255e-07
2.99626966262763e-08,0.000223869694298213,0.998915870241776,2.38682579128506e-05,0.000836361843315919
0.00693383029330714,0.633337319936762,0.281609288131487,0.0624803603840459,0.0156392012543977
0.0213542473537375,0.00220657091677184,0.110649674602069,0.86521810961209,0.000571397515331656
4.37731665361095e-07,0.17171093395414,0.80803817515349,5.87238506562194e-05,0.0201917293100485
3.92786491959506e-10,0.00125278414582324,0.00210619313842351,8.52756312213962e-05,0.996555746691745
1.01817638673352e-05,0.907939770247381,0.012793800459542,0.0450441258860457,0.0342121216431641
2.81625121871996e-07,0.0190661961426091,0.964283800958761,0.00126697748661647,0.0153827437868912
0.00898190423153951,0.387709590545178,0.600768960045668,0.000345680501248736,0.00219386467636577
0.968743363260211,0.0312458333523953,7.8087175961099e-23,1.0658225847604e-05,1.45161546250776e-07
3.33811227718638e-10,3.85527665452875e-05,0.029866157232145,0.00233600417983557,0.967759285487663
0.999427312153816,0.000258821291056153,4.84581739589434e-22,0.000313863398104915,3.15702340786325e-09
0.104878413384574,0.344908808842901,0.426076981734808,0.119636354336593,0.00449944170112305
0.00180353413162636,0.997617061180273,0.000557768748139282,2.38561041270936e-06,1.9250329548524e-05
0.22991061383608,0.770089293204032,4.69393543135867e-08,1.72901648529912e-08,2.87303687927421e-08
0.00394151545658409,0.995948075494888,5.30653879427529e-06,5.03814921298422e-06,0.000100064360520748
0.753438931042973,0.000384625015076948,0.00012416271847686,0.246051934347701,3.46875772010009e-07
0.00314716165888754,0.00319628580855092,0.597841887453588,0.394702035622484,0.00111262945648964
0.0137297964759691,0.000163641084803974,4.79082021547082e-20,0.986106045941599,5.16497627486048e-07
3.53004935576222e-07,3.73516410061648e-07,0.0751786524264708,0.924799387602958,2.12334492259247e-05
3.43962359556913e-80,0.999728887941352,0.000258516989022033,3.94800363051239e-06,8.64706599576844e-06
0.00592298064611021,0.0006820709359812,0.319791112574809,0.67101005964431,0.00259377619878974
0.00163452197582081,0.996587750739204,8.01342187918739e-21,0.00137554059046329,0.000402186694511937
0.282277399550975,0.042545424611562,1.01667156192398e-19,0.674934682845096,0.000242492992367029
0.98790937156742,0.0116740131979119,4.4554377576824e-22,0.000413380877039366,3.23435762876954e-06
2.85460632876686e-07,0.128271549532292,3.75158157950392e-18,0.00231345847821866,0.869414706528857
6.44685647942148e-05,0.00175969058979733,0.995943481038716,0.00115333970513325,0.00107902010155926
0.000233697102448175,2.19022945140758e-07,0.000128392108056662,0.999636630901255,1.0608652947444e-06
0.982468011279712,8.56262553536931e-05,1.96433125162586e-22,0.0174463114948754,5.09700588353719e-08
2.34200659205516e-06,0.00112570471957642,0.0016472923831221,0.993702693544164,0.00352196734654533
4.23249325949567e-06,0.000814931775448975,0.915038763425635,0.07626107618752,0.0078809961181365
0.985227994362682,6.11119801425645e-06,1.50162321582835e-22,0.0147658940953526,3.43951093167854e-10
0.234552540458598,0.765446812878904,2.88734476611154e-23,2.5954480795592e-07,3.87117689486166e-07
1.37696423555925e-07,0.965932512581134,0.00129808032953242,2.85840102292306e-05,0.0327406853826812
0.998885229631597,0.000857029416774817,4.1977847554258e-22,0.000257716491782529,2.44598456621574e-08
0.000616532485661295,0.0877842736950892,0.00675228290768343,0.458703489612738,0.446143421298828
1.29586297359745e-92,0.000456162206464836,0.000303869355726676,5.72395799710977e-06,0.999234244479811
9.04942072593059e-18,0.000181613874709464,0.00173648792941187,1.15595658436496e-08,0.998081886636313
1.41739684015008e-06,0.945823188634371,0.0470370698780542,1.16098975574481e-05,0.0071267141931767
1.06636234318085e-06,2.45990475895644e-05,0.859781810539021,0.138821386479469,0.00137113757157738
2.52080077448143e-11,0.00128215871309893,0.00152239072738652,0.000935253987169103,0.996260196547137
5.68038677483272e-08,1.32050626552518e-05,0.232627686944813,0.753853635109448,0.0135054160792165
4.13858374990385e-07,0.00733093954541978,0.978018943980267,0.000158460873209363,0.0144912417427285
1.07206829320645e-05,1.94759400157727e-08,3.435484561924e-20,0.999987751571494,1.50826963431546e-06
0.999791433105124,0.000161095448803658,2.48932645965742e-23,4.74681174758402e-05,3.32859686082683e-09
0.368124601927894,0.00500333007127586,5.73584798663225e-21,0.62682035078275,5.17172180800462e-05
0.025122412406667,0.964267819151409,0.00490356871473402,0.00336401632563998,0.00234218340155028
2.61288431840926e-05,0.137709039547252,0.168497466415327,0.0357240055986395,0.658043359595597
3.46527154199796e-10,0.00138202322863463,0.116389473212371,0.000252077581391786,0.881976425631076
5.10880723429949e-06,0.11180339460002,0.868401879744799,0.00291727503340799,0.0168723418145382
6.61857300666901e-05,0.999152341337131,3.17924313779714e-19,6.24262154962373e-05,0.000719046717306594
0.954011861350251,5.76281074955575e-05,1.00172300090342e-19,0.0459286543547833,1.85618746981851e-06
1.70137106770818e-06,4.13417945048907e-05,0.846185878391019,0.153282485793987,0.000488592649420573
0.117465344240506,0.143445889197396,0.716179581960659,0.0228464805493639,6.27040520756967e-05
0.866186541066625,0.089533743177795,0.0288378473149745,0.01503592782329,0.000405940617315652
0.00727073671475439,0.520333061963018,0.0307221071325335,0.35284258347539,0.0888315107143041
1.11336729673265e-05,7.40018106011692e-06,0.225244269894917,0.773945976298531,0.000791219952525368
5.30818739081023e-14,3.50744472559389e-06,0.000177669594230368,1.08437865317214e-05,0.999807979174459
2.86276926623669e-05,0.0245801541454528,0.000256580290741034,0.0550307778990723,0.920103859972072
0.0008838483241109,0.997504739863021,0.000932922336832607,4.21445703697616e-05,0.00063634490566585
0.999165156845472,3.1239820040666e-05,9.52638932458428e-23,0.000803597280255247,6.05423191340028e-09
0.00121579510744466,0.77555140702801,0.178682015823842,0.0105812164075613,0.0339695656331421
0.016516858633335,1.98859877285998e-07,9.89814372843125e-06,0.983473041451537,2.91152190366793e-09
0.999157571429835,0.000654456695603822,5.44905900956932e-22,0.000187942861447794,2.90131138122155e-08
0.122900886897367,0.00839865841617736,0.092856968215932,0.774144008899656,0.00169947757086719
7.43559366850911e-09,0.000139978241476238,0.00279463264064636,0.00122907836119455,0.995836303321089
0.000287636655040704,0.425615530520915,6.75135898199584e-20,0.484227227417542,0.0898696054065022
0.000501135791798953,0.999297560538884,0.000110271891527329,1.37403724113404e-05,7.72914053781841e-05
1.77058632242778e-08,0.0560664347292359,0.235435901413679,0.00025906210723055,0.708238584043992
3.75298401523558e-12,5.8822355877136e-07,0.998311176018361,0.00117199808698613,0.000516237667340872
0.87583295376223,0.124099350931552,1.29084712346693e-06,6.52287185350306e-05,1.17574055915434e-06
4.06027799513182e-11,0.644664800371026,0.000128790075944087,6.33479874967832e-06,0.355200074713678
0.00366936260934462,0.130586653458744,1.8079139363484e-17,0.760657625223908,0.105086358708003
1.04044620440979e-87,0.0111060304882686,0.350527619649666,3.32685757223989e-05,0.638333081286343
0.0609913639380836,0.938878437273127,1.11786714895042e-20,7.49315003964182e-05,5.52672883926597e-05
3.46922893874457e-08,0.00152968448485907,0.822142543488261,0.00156908576236793,0.174758651572222
0.000325752816500556,0.00024012757854128,4.24913161986392e-18,0.998951671170527,0.000482448434430753
6.1342359077542e-10,9.19295909843171e-05,0.000287549472017083,0.000195352494039006,0.999425167829536
0.0225618231000189,0.88236507848824,0.0701224599273269,0.0241481072972799,0.000802531187133793
0.669366700588805,0.101394396101077,1.55644879928696e-19,0.229185122137047,5.37811730718585e-05
2.64646393929942e-06,0.00707497124406932,0.00475911248284184,0.951786712068552,0.0363765577405976
2.6309652653526e-05,0.00773948201225482,0.833534170871142,0.0572180841106693,0.10148195335328
1.49061755758177e-10,0.0523915493746802,0.106686560296206,4.51085960709265e-06,0.840917379320445
8.63197545462259e-11,0.00410227474898042,0.103937310709723,0.0012078289571858,0.890752585497791
1.17615881332308e-09,0.049999369585188,0.00663888675556573,0.000115514590682335,0.943246227892405
2.02398058859821e-06,7.10325495219376e-06,0.275898641508244,0.724016267616337,7.59636398776877e-05
0.00744438572883785,0.238607906824028,0.705311383494332,0.0461298954014465,0.00250642855135618
1.32631103205169e-05,0.000624727115234752,0.988232963476979,0.00746056830363022,0.0036684779938353
1.20980110513765e-91,0.000902565189129672,4.20699838466201e-21,3.6807757252955e-07,0.999097066733298
3.98643348044351e-05,6.46116031996857e-06,0.000560988582196146,0.998533175156136,0.000859510766542906
7.40921873427899e-05,2.52620525890279e-07,0.003427252764581,0.996497935248482,4.67179067856321e-07
0.0133128097796649,2.47030112589212e-06,1.17347039282753e-20,0.986684398497565,3.21421644407109e-07
1.20361231759272e-05,5.93322242759409e-05,4.39794610316201e-05,0.999636936671651,0.000247715519865135
0.000721540763018072,0.999199292459682,5.05799016463452e-05,1.60865004580534e-06,2.69782256074053e-05
2.10195735909413e-90,0.0176457986822615,0.000608633907893373,3.3885148153333e-08,0.981745533524697
9.50798327442311e-94,9.15093421471932e-07,0.00182955775106845,4.39680964826222e-07,0.998169087474545
7.61967669481283e-06,0.920492227979869,0.02909042314152,6.15521646197775e-07,0.0504091136802706
3.01142748789245e-05,0.0484576526469365,0.950013792084505,4.51681904719161e-05,0.00145327280320766
1.1708205346328e-06,0.996867644034989,0.000850611852313191,1.26176510795393e-05,0.00226795564108393
1.31685415389605e-84,0.992099754938257,5.39228227632912e-06,3.40504503324579e-06,0.00789144773443329
9.80677622826847e-05,0.00752981745820692,2.63966080045283e-18,0.801041925246241,0.19133018953327
1.2315313664077e-07,0.000651270415498228,0.981969392634335,0.000108848480103672,0.0172703653169264
2.63208546831209e-11,0.00232650845652891,4.84787447054557e-05,0.000416673647184979,0.99720833912526
0.0217357713682299,0.978160401456711,1.7994600543004e-20,1.18331875291523e-05,9.19939875304011e-05
7.4999373152617e-11,3.52169728419811e-06,0.782733848297237,0.00284242896465749,0.214420200965822
1.4229388857135e-83,0.999191943306816,4.74203180390407e-22,8.97836286512786e-06,0.000799078330319191
1.22133581162106e-07,0.00330981017964784,0.996148615649628,8.82053608409365e-05,0.000453246676301772
1.02624438583089e-07,0.998565341557945,3.0736777355429e-06,1.27655486324615e-07,0.00143135448439419
0.977991707467658,0.000552216838936477,1.73704233236167e-22,0.0214546905457283,1.3851476769621e-06
1.16775582597209e-07,0.999222345999257,1.94478798600482e-05,5.18857324419189e-07,0.000757570487976132
0.000192406191262312,0.0356037691977923,0.349480495021359,0.592313783315761,0.0224095462738254
3.28055679423663e-07,4.35968729923921e-05,0.992035293564665,0.00688279796206342,0.00103798354459955
0.97794677668778,4.94958129087322e-05,1.29769632161542e-05,0.0219904932663709,2.57269723991917e-07
5.5448057005263e-85,0.985142303167812,5.18804100965897e-06,5.17087655201099e-07,0.0148519917035232
1.84561339142673e-06,0.999991667619449,1.31679756383497e-06,7.23078532960945e-08,5.09766174259732e-06
0.000861186895028621,0.076213793990307,0.0512820658176128,0.374763068750057,0.496879884546995
0.994487916232398,0.00225290672105185,3.05773305424416e-22,0.00325904766800675,1.29378543733969e-07
0.972126624287537,0.0278724672510544,8.71482378441162e-08,8.08042803024066e-07,1.32703676105446e-08
6.54807421820826e-05,0.0888011856904361,0.712995754273959,0.0203892163606739,0.177748362932749
0.983075263974218,0.000936799720855103,1.67779190532078e-05,0.0159707008230812,4.57562792219799e-07
2.74911368235155e-09,0.000868147530320402,0.998250102738394,1.56703202279814e-05,0.000866076661943847
2.33873620707978e-07,0.980365938054441,2.23192334512757e-06,6.0901900154692e-07,0.0196309871295912
1.25665871601584e-16,2.70020249732227e-07,0.987515163686045,5.25207448891203e-06,0.0124793142192167
0.997763477938107,0.00223242902396469,3.03322612852362e-22,3.96409093644608e-06,1.28946991309035e-07
0.0212568455259571,0.947549096945982,5.78372032498427e-19,0.0174573816655384,0.0137366758625225
9.94863120191643e-07,0.0288441817186169,1.66632223369935e-20,0.501016815756535,0.470138007661728
3.65042626543799e-07,0.628406073849738,0.285854613985211,0.000111937552846473,0.0856270095695787
0.000190933548100493,0.999692981059425,0.000105049678611768,2.20922901138394e-08,1.10136215730354e-05
2.36529590797753e-06,7.2052837552363e-07,0.854531825704815,0.145447843214506,1.724525639532e-05
4.81000611819429e-05,0.000225127099748025,0.0839254059508851,0.915054429808689,0.000746937079496284
0.0321731381609684,0.967826542073297,2.0311382399114e-07,2.30096178575355e-08,9.36422930972702e-08
6.58459744998302e-08,0.000632419884433094,0.149639222124641,0.136249344052715,0.713478948092237
0.0195437549927048,0.980207317611835,2.74593454833033e-19,0.000211038287374672,3.78891080852677e-05
0.166064442198981,0.46502991695489,0.0823450051743949,0.285156422810499,0.00140421286123504
4.78146258030646e-05,0.987723644509287,7.3022287957856e-05,0.000497062204976164,0.0116584563719762
5.85415342596127e-07,0.986694681694355,3.3360814825093e-21,1.77832408122412e-05,0.0132869496494898
1.54872577492101e-08,1.57557732187781e-06,0.976853280147397,0.019236653118213,0.00390847566981082
0.999877943062678,1.32002730035779e-05,5.59506343818664e-23,0.000108855640989838,1.02332876777332e-09
1.93063316271885e-06,0.00260587564136163,0.970365970586679,0.00137441749835794,0.0256518056404385
0.678708258895467,0.318197146614746,8.28328440872968e-21,0.00267330347854556,0.000421291011241639
3.14221824027089e-94,1.7905494590086e-05,0.00210351652206003,1.17128786654848e-07,0.997878460854563
0.174690328577713,0.437837621520034,4.53651579244855e-20,0.380806966140534,0.00666508376171909
4.53074753262752e-83,0.00102152484072369,0.97965014741154,0.0171323168730188,0.00219601087471713
1.18602545226326e-83,0.0895701227291176,0.0260712419317167,0.0191871529931794,0.865171482345986
4.00671025115587e-06,0.0727790448967004,0.75855764243864,0.00264638234050637,0.166012923613902
8.3068202576923e-08,0.260267988210237,0.0795962077213984,0.00348896517989288,0.656646755820269
1.5322325291526e-08,0.876623306105958,0.029371001653299,6.32220200693288e-06,0.0939993547164108
0.000517465262724739,0.00515520355086291,0.98204453507952,0.00517411358119037,0.00710868252570158
2.31959498804788e-10,0.000374639881477033,0.0147756844767507,0.00488344059753494,0.979966234812278
0.996052366440096,0.000383486457436914,6.92875005449952e-22,0.00356407957218683,6.75302802436813e-08
0.953160940412957,0.0467683857758004,4.70149593701186e-22,7.06115664305723e-05,6.22448122221044e-08
1.20396384364573e-08,6.4793063762281e-09,0.00420567472608197,0.995717739339296,7.65674156768618e-05
0.977696604474192,0.0223028808546311,1.59794852867639e-22,4.45771591331481e-07,6.88995850527978e-08
0.000279614805746417,3.58240170043041e-07,1.33018003050722e-22,0.999719843749226,1.83204857791921e-07
0.129799141657552,0.870110809094791,2.11310871994541e-21,8.08610325792445e-05,9.18821507756424e-06
0.100151573163059,0.000175579416625354,0.0134392951199772,0.886229887863231,3.66443710702298e-06
0.0566105429291455,0.0049550422014899,1.63462618836154e-18,0.938320157605642,0.000114257263722927
2.20807222101494e-06,7.44415609313632e-07,0.252517811496599,0.747374801229484,0.000104434786086199
2.19059200101984e-05,1.04902418708412e-10,6.93050751458605e-24,0.999978091250634,2.72445359656139e-09
0.772244455993736,0.0607343680394131,0.10251917838052,0.0644535065482677,4.84910380632217e-05
1.28286196980166e-13,1.244961985592e-06,0.305983377411753,0.0051047443098774,0.688910633316256
1.3167983729105e-07,4.92320305390483e-05,0.994661363407046,0.00521247566381592,7.67972187612799e-05
1.70103378236863e-06,1.07122693640722e-07,1.11543469180419e-22,0.999699206671354,0.000298985172169785
4.21510783783804e-17,0.000608304805187728,1.05064820688118e-05,8.64413395319058e-09,0.999381180068609
0.998179646287902,2.66608042030748e-06,3.12873989627427e-23,0.00181767144507065,1.61866072892801e-08
0.00697724750950319,9.42159719821491e-05,0.0772543319208399,0.915591157873658,8.30467240170361e-05
0.496809302325139,0.503157438779565,1.7631429151177e-20,2.39348385762498e-05,9.32405671969772e-06
0.920667204805373,0.0106617322564468,5.1550219081454e-05,0.0686179797739283,1.53294517026907e-06
8.02670796008771e-10,2.25252965454694e-08,0.258538883083774,0.735729588274441,0.00573150531381791
0.0118774907890352,0.975531797061247,0.0125113599097787,3.3433939653376e-05,4.59183002854826e-05
8.28660529524613e-08,0.200484020714044,0.0011351599583384,6.94770981011008e-05,0.798311259363464
0.00606617451970839,0.228295817353907,0.761747185018201,0.00113898536808983,0.00275183774009398
0.00428664663593975,0.00918410699623202,1.60347955389367e-19,0.985980773257026,0.000548473110802592
0.94714976585038,9.97261961297123e-06,8.40076136376402e-05,0.0527562214664565,3.24499128213315e-08
8.51016173681857e-05,0.982303460014206,0.00190452899243019,0.000184753560410841,0.0155221558155851
0.00671968792435347,3.94565666637936e-09,6.79938300849031e-23,0.99328030451657,3.61342002731641e-09
0.0456028543314305,0.954369427768942,1.14359093481748e-21,2.4291427353583e-05,3.42647227401282e-06
7.55503332689358e-84,0.945371975236831,0.00101350041832259,2.61287454995667e-06,0.053611911470296
5.43159798135249e-05,0.999756033209686,3.04120641133852e-05,2.79658916305693e-05,0.000131272854756341
0.952150102486801,0.00021004214940207,9.1958041228929e-06,0.0476305636146942,9.59449795912283e-08
2.13636660274163e-09,0.000451990991052738,0.031325776940242,0.524134431331063,0.444087798601275
0.0179154022241245,2.39908866866e-08,2.59175236903925e-06,0.982081977942437,4.09018283258677e-09
0.000369433551377981,6.75615646725982e-07,3.52409905600867e-21,0.999629804031569,8.68014066688877e-08
8.95103850744892e-07,4.50591154090977e-07,0.000117465333188991,0.999871979086368,9.20988543816942e-06
3.04599783672887e-06,1.32267215144188e-06,3.58915459657924e-20,0.99988094741439,0.000114683915622337
0.000181628451175502,0.689468533687765,0.302714446810604,0.00377036801931912,0.00386502303113722
0.00726344754973712,1.38038952641475e-05,4.83327433455144e-18,0.992722379129901,3.69425098034719e-07
0.793616428799165,0.00299548283618583,1.07898935300044e-18,0.20335197487503,3.61134896197455e-05
4.95845945170648e-09,6.54129521723147e-05,0.496109160635281,0.15258380415802,0.351241617296067
3.38843222743421e-05,0.703426523912006,0.247170864784781,0.00129265260340002,0.0480760743775387
1.1936554284571e-07,2.53984061662079e-05,0.0171301068087215,0.975623236594968,0.00722113882460149
0.990950152517837,0.00357986296345826,2.35541824376065e-20,0.00545004425329318,1.99402654110697e-05
2.71746123875046e-08,9.19391303472688e-06,0.0568402485021682,0.930790256082911,0.0123602743272738
3.76693834020046e-06,0.0105591162153849,0.98655834008887,0.00139854882471824,0.00148022793268651
0.00363597115411741,0.996233369615759,0.000111098141574013,6.36703641744025e-07,1.89243849082845e-05
4.44385845946991e-07,0.00851898758329568,0.00125093569249855,0.763791848569329,0.22643778376903
0.00114163899804661,1.17549916645186e-05,0.0031197680009219,0.995690907944163,3.59300652042701e-05
1.34263425390063e-05,0.00238619036925709,1.64996886674811e-18,0.987154192985293,0.0104461903029115
0.973434843532639,0.0257252555999888,9.27427555506873e-21,0.00083946005954894,4.40807823426272e-07
7.89710117595227e-14,0.0191076349260672,0.000221990747462735,1.64341154204883e-09,0.98067037268298
7.44976588760682e-06,8.40776243022626e-06,3.63660540279889e-19,0.99950624925767,0.000477893214011812
2.65227181470198e-06,2.93371039632477e-06,7.94728889800965e-21,0.999724254833949,0.00027015918384027
3.84384620464952e-09,7.45573870250923e-07,0.937310914253168,0.0612921085230797,0.00139622780603552
0.154940363348242,0.844630198459748,1.12576587967371e-21,0.000415707866311208,1.37303256986748e-05
0.00707854324661047,0.000190978545634541,2.64543708147336e-05,0.992697972685798,6.05115114177567e-06
0.00713420267972981,0.991418143405108,0.000131944999643737,0.00053488920388862,0.000780819711630405
0.160623416234909,0.392419555410301,0.444647916227258,0.00207512132987908,0.000233990797653031
0.913303261599351,9.1864847268276e-07,3.60413774412895e-21,0.0866957129552147,1.06796961576222e-07
1.88013983282276e-11,5.33601165752314e-05,0.874682007521375,0.00196033018848811,0.123304302154761
0.000119823427802876,0.000112760077322787,0.555482505674166,0.43953487457535,0.00475003624535871
3.39256407721212e-09,0.0111423806076195,0.423782295226357,0.00838190310092607,0.556693417672534
0.0180736337919032,0.959049983814004,0.00349420758726846,0.0187036519528787,0.000678522853945715
0.149698446208795,0.847466507177268,0.00175216603022716,0.000923371696297905,0.000159508887411102
4.76970987013999e-13,8.93271713145525e-05,0.163535670893449,0.000271364454810058,0.836103637479949
0.99843733087121,0.00154271447319789,5.55305768085069e-23,1.99483893280977e-05,6.26626425795296e-09
8.05649191254282e-07,0.0865423727249939,0.766975595748641,0.000185251463284581,0.14629597441389
5.21791769153094e-08,0.434188694184081,4.75802043116251e-19,0.00163283995665948,0.564178413680083
1.14149022268854e-07,0.74511588774694,0.00201465333695108,8.86777497598865e-05,0.252780667017327
2.55968230380199e-06,0.000118431386069619,0.410348990256492,0.588364964386823,0.00116505428831203
3.07163444084344e-05,0.994681354449573,0.00412954178302888,8.66653656503321e-06,0.00114972088642428
0.6196095306615,4.84696674566375e-06,1.34875386295435e-20,0.380385610492598,1.18791559333867e-08
2.57511274735328e-07,0.132828485818361,0.796122294107147,0.000199038626206026,0.0708499239370113
3.07369121140573e-14,0.000164344362507144,0.387712589423209,1.16854482320504e-06,0.61212189766943
3.01318241158371e-05,0.883742131866288,0.0748982445637793,0.000110927741944966,0.0412185640038718
1.85218887858854e-07,0.983299705756036,0.00382828293484915,6.98736371998195e-07,0.0128711273538547
2.55165669885714e-10,1.23110642396799e-07,0.999618195198535,0.000361075966496071,2.06054691604409e-05
2.90188634830653e-09,0.603424370582726,0.0281969730929586,0.00116985084695926,0.36720880257547
1.43097680513183e-05,1.10479073993691e-06,0.657245220371143,0.342548126736848,0.000191238333218303
0.000416809032329376,0.00259450400129451,0.74197953677486,0.253306203610811,0.00170294658070526
2.83661157242405e-05,0.111697223023366,0.779689128951227,0.00129523757614551,0.107290044333537
2.20621771478192e-09,1.0948884669073e-08,0.00110111827012213,0.998387531379578,0.00051133719519802
0.879362600174287,0.011478085206038,0.0509338533742157,0.0581855597474711,3.99014979884679e-05
0.865696756885935,0.13430096053623,1.28581602882285e-22,2.22393314049904e-06,5.86446950215268e-08
0.0569106795182802,0.942709592734468,6.07937163812494e-21,0.000230704266779786,0.000149023480472187
0.16453158757242,0.832439735661491,7.31596986181338e-05,0.00260511651461219,0.000350400552858613
0.998245155309567,0.00150088088194221,4.77649709765792e-24,0.000253877159653941,8.66488370390081e-08
5.65653074816514e-10,0.514566643236034,0.141600521974454,4.85246768064964e-05,0.343784309547052
6.1367053151927e-05,0.000564472920358127,0.0564331351404806,0.93478282459376,0.00815820029224893
0.910045657610342,0.0899532564472143,1.55298213880737e-07,9.27699406296209e-07,2.94482340042815e-09
2.42730182361592e-05,0.00253866722049696,0.101594981237283,0.798582273305221,0.0972598052187625
7.39100458382265e-94,1.7656430868883e-05,4.49885342887624e-05,9.42876697140993e-08,0.999937260747173
0.259794073363853,0.564173102724243,8.02675146052088e-21,0.17498736951183,0.00104545440007474
2.49847920723122e-18,0.000332980489929171,1.20797170168558e-05,6.89309454606104e-09,0.999654932899959
6.58045049598913e-08,0.390766412758964,0.000334747376362379,0.0856900672033736,0.523208706856795
4.40211926877475e-07,0.00106459903086282,0.998809626564794,1.06179263136047e-05,0.000114716266102685
0.000511842728078909,0.911425083612961,0.0738343809854373,0.00676608123696177,0.00746261143656089
2.64350665424906e-83,0.00303231505027628,0.993796467216174,0.00161086208598529,0.0015603556475647
6.90454479260049e-06,0.0323902898264743,0.954061416518636,0.00780301968504946,0.00573836942504781
4.04141623286433e-05,0.982433698852054,3.37327940681761e-19,0.000341318103799389,0.0171845688818181
7.91137185800335e-08,0.000363020237931166,0.872678611833401,0.0821564745219709,0.0448018142929779
0.000173225200107839,4.04753833097281e-06,0.00100547246412695,0.99878251609338,3.47387040541912e-05
0.794827299930924,0.204233606230661,6.61254778203439e-20,0.000929462906611436,9.63093180306771e-06
0.0329351978432087,3.12631511998071e-08,2.60916740037049e-20,0.967064757245528,1.36481117546133e-08
2.4462033917249e-05,1.75927416103502e-07,0.00169512773811244,0.998279344427515,8.89873038939204e-07
0.00579797175357916,4.06741767017014e-08,1.12009807630818e-20,0.994201963804134,2.3768110290629e-08
7.20166654751888e-06,0.999888825318675,3.57856240923501e-06,2.12385119186594e-06,9.82706011761793e-05
0.0234813722337596,0.000358578156958725,0.0303197322175528,0.945809771428353,3.05459633755957e-05
0.854855024865543,0.0285328551645619,0.00637336173124629,0.110231928017899,6.83022074903995e-06
0.00482040470327744,0.995177589895546,8.59817206574325e-07,2.31335941139166e-07,9.14248028828351e-07
0.202722303727657,0.797252936257292,4.51298558215725e-22,2.38543793399423e-05,9.05635711816318e-07
0.403092980686133,0.591484924747603,8.68296925002037e-21,0.00526107701342814,0.00016101755283615
3.71616153015406e-06,0.000861940036212718,0.994170486403752,0.00445269108273492,0.000511166315770372
2.87961603146857e-86,0.187988033811176,0.173248067523207,8.77966083241613e-05,0.638676102057293
0.000131459141488271,0.981964432884319,0.00453835632838304,0.00988740643383965,0.00347834521196971
2.56487092144936e-10,0.00163873214027665,0.0217598687775592,0.00200294298055845,0.974598455845119
0.629246530459569,0.369061527897385,4.23225011578059e-05,0.00150130732499519,0.000148311816892364
3.12297343006242e-15,0.000105536507457278,0.00989323138214582,1.85736668613829e-07,0.990001046373725
1.45475421505079e-06,0.0907606427784645,0.908727505582283,3.62547882009927e-06,0.000506771406217252
3.10875410350177e-08,0.0439916757827454,0.0661452432712142,0.00220689291327231,0.887656156945227
0.00119527095602663,0.852556135761766,6.55792099672816e-20,0.132699868939704,0.0135487243425034
0.590732568242736,0.161934918022057,1.73800849509571e-20,0.247306939944347,2.55737908601164e-05
