1.00397997865118e-08,0.982767918731763,0.0163802454781307,1.95148830341406e-05,0.000832310867272575
0.118338389871855,9.49601450951362e-05,0.873138624190637,0.008427993631767,3.21606465903085e-08
0.0193653973401287,0.000108676464993474,0.978928320044023,0.001597591994262,1.41565926568385e-08
0.998530727480239,9.46756913702763e-10,0.00132324997855503,0.00014602159443785,1.13752719107564e-14
1.61141138193324e-11,0.988923732671999,0.0033839311881918,0.000103010515634143,0.00758932560806073
0.900744454641741,3.08467830163986e-06,0.0865651911505001,0.0126872693667517,1.62705881452962e-10
1.50661129245749e-08,0.403124387567286,0.00821215849110304,0.00423424175628625,0.584429197119212
0.998530727480239,9.46756913702763e-10,0.00132324997855503,0.00014602159443785,1.13752719107564e-14
2.93025967004947e-11,0.976076168489729,2.88914718132218e-05,0.000165443545129291,0.0237294964640259
2.92289243630451e-10,0.998511834798884,0.00119379905282022,3.06138541429046e-05,0.000263752001863426
0.990305400293962,9.42098767079329e-09,0.00601419158742161,0.00368039869699167,6.371083322533e-13
1.29470279171913e-11,0.984570889418273,0.00406025955752423,9.26495428625799e-05,0.0112762014683925
0.0387950670873009,0.00143042574524568,0.958577555929609,0.00119694623603596,5.0018085638921e-09
3.80087202384995e-10,0.966461913552974,8.08383456305964e-05,0.000335929905607422,0.0331213178157007
0.0164740763194241,0.00097937280057558,0.0267627363267118,0.955782676930349,1.13762293931352e-06
1.48693406454126e-07,0.874593307603715,0.0261471817170572,0.0738066184048265,0.0254527435809949
8.75361695054537e-14,1.12877565774875e-05,1.53820415641953e-08,6.2107100139917e-05,0.999926589761154
1.00160743934189e-12,0.000666691655928373,2.43140694929042e-07,0.000193288833338313,0.999139776369037
0.000295661116801995,0.00214084377358867,0.996443205479402,0.00111928325469746,1.00637551000826e-06
7.97264197382904e-09,0.454417461114362,0.404291592294077,0.00101741247118914,0.14027352614773
4.42666706403083e-08,0.129565734714404,0.0061967659416164,0.0126860449069707,0.851551410170339
0.00684472526893772,0.00105506014004815,0.814412090543826,0.17569229096864,0.00199583307854818
0.372636154563421,8.65094047414681e-06,0.0167816167964935,0.610573576880491,8.19120953244264e-10
7.33422863917314e-11,0.996477065847716,0.00350208692034114,3.97271207708805e-06,1.68744465232955e-05
0.998530727480239,9.46756913702763e-10,0.00132324997855503,0.00014602159443785,1.13752719107564e-14
0.631107903675148,4.08654312228461e-06,0.0285632699729352,0.340324739449552,3.5924262370034e-10
0.244816969366522,3.42697223630527e-05,0.156178090476992,0.598970608772072,6.16620509496352e-08
2.70904363827891e-06,0.197179557594609,0.788503534232596,0.0135739365377155,0.000740262591441189
3.64142196617396e-06,0.214990733561886,0.784981629803909,2.37637301179678e-05,2.31482121096605e-07
8.75361695054537e-14,1.12877565774875e-05,1.53820415641953e-08,6.2107100139917e-05,0.999926589761154
3.85924949953934e-11,0.0161775719402914,7.71017122820538e-06,0.000311880958105926,0.983502836891782
3.15290220530405e-10,0.994768198737712,0.00168245446305957,6.61900097004966e-05,0.00348315647423729
0.179571073604422,4.00936828830937e-06,0.000144697943670991,0.82028021545572,3.62789918358779e-09
2.16319819808337e-09,0.989347950993581,0.0102224510563311,0.000197927794331017,0.000231667992559255
0.0477536493647075,6.7903658185832e-05,0.468202567458905,0.483959434479634,1.64450385675724e-05
0.0147226984643418,0.00151806062553961,0.910693944742001,0.0729999681193565,6.53280487607185e-05
7.69632820133305e-08,0.0042673307157866,0.00280560258167541,0.0525372574249891,0.940389732314267
0.16068861156635,3.18980149067288e-05,0.419416424350446,0.419862728066825,3.38001472278595e-07
0.998530727480239,9.46756913702763e-10,0.00132324997855503,0.00014602159443785,1.13752719107564e-14
8.75361695054537e-14,1.12877565774875e-05,1.53820415641953e-08,6.2107100139917e-05,0.999926589761154
0.998530727480239,9.46756913702763e-10,0.00132324997855503,0.00014602159443785,1.13752719107564e-14
0.00691685650090854,2.44071733246716e-06,0.000142997587180631,0.992937526427192,1.78767386334063e-07
0.998530727480239,9.46756913702763e-10,0.00132324997855503,0.00014602159443785,1.13752719107564e-14
0.000232135610549468,0.00122551632789624,0.000167808252744146,0.998298589770907,7.59500379036003e-05
7.4104027158015e-09,0.00232661626863984,0.000324850340066138,0.0407278459519713,0.95662068002892
3.92609853550965e-07,0.954153282582617,0.0391915422063453,0.00564523629534536,0.00100954630583826
3.01126538090109e-06,0.43197940731467,0.568001325772812,1.58450981126278e-05,4.10549023440849e-07
1.54210354756158e-11,0.00177530129092272,3.95127926278154e-07,0.0011966830856338,0.997027620480096
2.23112242730051e-07,0.344328760146815,0.618257910432478,0.00109674557682424,0.0363163607316399
2.92289243630451e-10,0.998511834798884,0.00119379905282022,3.06138541429046e-05,0.000263752001863426
0.171730439143998,6.046135249824e-05,0.201682152478588,0.626526694093082,2.5293183385127e-07
0.179571073604422,4.00936828830937e-06,0.000144697943670991,0.82028021545572,3.62789918358779e-09
5.51441273320008e-12,4.97858210868141e-05,3.57473504765974e-07,0.000134342129923499,0.99981551456997
0.744578739051933,2.29202016882744e-06,0.000106671533337154,0.255312297205646,1.88915490139136e-10
0.993613277573356,5.98494706627753e-09,0.00499310915220402,0.0013936072892595,2.33650477875203e-13
0.0402096769310586,0.000521585012281996,0.0649617159597369,0.894302995388738,4.02670818418061e-06
3.78023343665061e-07,0.95092677231844,0.0276232244918516,0.0106179915457374,0.0108316336206275
1.47372175433558e-10,0.995603732944934,0.00319813865097551,3.48351002421073e-05,0.00116329315647645
9.93694415098638e-07,0.382386900935216,0.00188064274892401,0.259588289110587,0.356143173510859
2.10240644259167e-11,0.978900370402236,4.97233243571239e-05,0.000172290505922457,0.02087761574646
4.88054291979946e-07,0.571619386851997,0.427987830343922,0.000317105157370888,7.51895924179451e-05
1.72701442435021e-07,0.925692854093158,0.000958781967922697,0.0306272479010717,0.042720943336405
0.998530727480239,9.46756913702763e-10,0.00132324997855503,0.00014602159443785,1.13752719107564e-14
5.33701225794622e-11,9.40882664631076e-05,5.35843972870155e-05,0.00135225100065259,0.998500076282227
0.920568490045284,7.98663406084057e-07,0.000390202322725216,0.0790405088640079,1.04576512007046e-10
4.13853263430703e-08,0.0866856886506995,0.000567920438993344,0.0486439559388561,0.864102393586125
1.17276041803117e-10,0.998417209051287,0.00157393573339848,3.15096524425432e-06,5.70413279450641e-06
0.998530727480239,9.46756913702763e-10,0.00132324997855503,0.00014602159443785,1.13752719107564e-14
3.2264180310778e-05,0.791710707877252,0.208100280428975,0.000155161219552617,1.58629391015444e-06
0.856359863678088,2.61404491867886e-07,0.00394272051163346,0.13969715437745,2.83363859022808e-11
0.519119194137931,2.87559331257737e-06,0.111269434125938,0.369608467093545,2.90492738031161e-08
0.248713488199805,0.000513161098654545,0.311956022124009,0.438815242310515,2.08626701615927e-06
0.000275113721990614,0.0112461075460269,0.897024705873125,0.0911683693007954,0.000285703558062701
0.518027373317031,4.98975008701571e-05,0.000667686101589629,0.481254992861652,5.02188569490335e-08
8.75361695054537e-14,1.12877565774875e-05,1.53820415641953e-08,6.2107100139917e-05,0.999926589761154
0.998530727480239,9.46756913702763e-10,0.00132324997855503,0.00014602159443785,1.13752719107564e-14
4.88749391786707e-06,0.177511747670899,0.791748976934739,0.00103372001731758,0.0297006678831269
0.00750009218210296,0.00862237013159028,0.981915927609216,0.0019615103981504,9.96789405730678e-08
0.0830125588707897,0.00268349441745521,0.44068676222509,0.473616736401288,4.48085377444307e-07
0.997713370483255,7.62529282579090e-09,0.000940457986803276,0.00134616390451443,1.33966432277012e-13
4.09107904498049e-12,0.000150552274193295,3.55035850030644e-08,0.000407465585023871,0.999441946633107
0.998530727480239,9.46756913702763e-10,0.00132324997855503,0.00014602159443785,1.13752719107564e-14
3.00379359327157e-07,0.558887627344186,0.418030983695669,0.0208526459872087,0.00222844259357714
0.998530727480239,9.46756913702763e-10,0.00132324997855503,0.00014602159443785,1.13752719107564e-14
0.996462200725312,5.93988466651827e-09,0.00170088190168131,0.00183691143298688,1.35522124796216e-13
0.00154789389582312,0.0521060516733115,0.945333219979925,0.00101273410241073,1.00348529937773e-07
3.40035265611345e-08,0.956201356431292,0.0437737852066531,1.91191013404579e-05,5.70525718801038e-06
1.46824157701362e-11,0.998938578004695,0.000951493400499013,5.49316617811759e-06,0.00010443541394509
7.5478319593606e-11,0.980207834970756,0.000179399486599105,0.000203565312139417,0.0194092001550273
1.47599240209736e-09,0.0167597167272382,2.8031111466015e-06,0.00592357695654101,0.977313901729082
4.67874176631184e-13,3.40493765236123e-05,2.15738080705423e-08,0.000105166769545484,0.999860762279655
3.40035265611345e-08,0.956201356431292,0.0437737852066531,1.91191013404579e-05,5.70525718801038e-06
1.76862851303761e-05,0.330949111616882,0.665917617620686,0.00301445718598767,0.000101127291313616
0.998530727480239,9.46756913702763e-10,0.00132324997855503,0.00014602159443785,1.13752719107564e-14
0.709707633813498,3.18623126991101e-06,0.0854478448158753,0.204841333405274,1.73408216408513e-09
4.52086394201468e-09,0.999015042412509,0.000411334277518061,7.11056254780008e-05,0.000502513163631037
0.253837109302143,5.73137117423438e-06,0.00728372689776051,0.738873413289783,1.91391393838765e-08
0.000163469525855923,0.000286761344582077,0.000363495413453679,0.998020877798941,0.00116539591716699
0.730631654122184,1.28983313865598e-06,0.249106724460583,0.0202603275054029,4.07869157731297e-09
4.84902260849606e-10,0.00242111924417227,2.6921208266046e-05,0.0030250302440775,0.994526928818582
4.56501515509061e-12,0.000979990218116554,2.30049614049989e-05,0.000429668735550306,0.998567336080363
8.75361695054537e-14,1.12877565774875e-05,1.53820415641953e-08,6.2107100139917e-05,0.999926589761154
8.13116953443302e-09,0.979613512764776,0.0203487007094485,1.53143936167056e-05,2.24640009888349e-05
6.57879063034188e-09,0.540611326472608,0.00109037063620608,0.047743093496815,0.410555202815581
0.0455880310114739,2.52101034707316e-06,0.000335803672532601,0.954073638268641,6.03700591333922e-09
0.000619111047107858,0.114539931802085,0.34212457332386,0.538531673456442,0.00418471037050505
1.08896715332937e-11,0.386555044525611,8.45508936346548e-05,0.000641381817556466,0.612719022752309
0.948344385230758,8.1587325275366e-08,0.0129181880773149,0.0387373450905516,1.40499681590964e-11
0.998530727480239,9.46756913702763e-10,0.00132324997855503,0.00014602159443785,1.13752719107564e-14
0.0686284974589821,0.00318916134916921,0.508044984688875,0.420023634496092,0.000113722006881707
0.448813028085443,8.45039209227317e-05,0.517817467654916,0.0332849927449018,7.59381669262885e-09
0.000638928012693682,1.96436655654155e-05,1.94226374803435e-05,0.999319773479938,2.23220432300853e-06
0.407947713157246,3.61567353770725e-05,0.215341957416638,0.376674135134154,3.75565854967951e-08
8.26541294101193e-06,0.522312663629178,0.448177437189309,0.0267030039287179,0.00279862983985461
7.08183531796609e-11,0.974306475427822,5.98482341336797e-05,0.000218871417969609,0.0254148048492561
1.13185584591963e-12,0.000678560683266205,2.56517680123684e-07,0.000139506492113538,0.999181676305808
0.983753090566189,4.77642232373679e-08,0.00351635673960635,0.012730504927255,2.72662393986443e-12
0.131024389905165,4.08917719981649e-06,0.000253255009931045,0.868718262661672,3.24603189915547e-09
2.0801228430688e-06,0.0386043318252568,0.184821368406852,0.466430783588391,0.310141436056658
0.233138560289212,4.55919103507749e-06,0.000126655842744595,0.766730223455996,1.22101214281945e-09
4.61135393244094e-07,0.328374166989159,0.66836750171975,0.00217408868024661,0.0010837814754514
5.37695841437161e-10,0.000172121761198654,2.69351239623102e-06,0.0147129922908897,0.98511219189782
7.49784654755167e-13,0.000174622813490408,1.08593618673784e-07,0.000255096091669168,0.999570172500472
3.6263179254426e-11,0.983769710606071,0.0154011607960273,5.2822513551614e-06,0.000823846310283285
2.47024086531529e-07,0.595167646969487,0.0330516583389604,0.175589916786311,0.196190530881154
0.274305783711089,0.000132435018395034,0.555861455218359,0.169700263286249,6.27659083766005e-08
0.000740661529820779,0.0269869695986187,0.765839337891572,0.206039346852165,0.00039368412782421
0.998530727480239,9.46756913702763e-10,0.00132324997855503,0.00014602159443785,1.13752719107564e-14
0.306070518253956,5.42134171696889e-06,0.47822922858608,0.215694735327056,9.64911907592683e-08
0.991784640352568,5.52927864501795e-08,0.00643278946241175,0.00178251488859999,3.63392413874314e-12
9.04186386545382e-07,0.909288867354124,0.0739464659848814,0.00498966894075894,0.0117740935338493
8.75361695054537e-14,1.12877565774875e-05,1.53820415641953e-08,6.2107100139917e-05,0.999926589761154
1.35891630469173e-13,0.000377870232557385,2.89997728179652e-07,0.000171826323556717,0.999450013446022
0.157405476528969,0.00013713110029483,0.825618247347561,0.016838719918035,4.2510513999237e-07
0.991635245201193,7.51393639871746e-09,0.00634545812807569,0.00201928915514267,1.65204644847315e-12
2.6915800272971e-10,0.115222380316188,0.00141412277019199,0.00197098525841694,0.881392511386045
0.00644166589193384,0.000243587905915214,0.98868324316045,0.00463144582271863,5.72189822957649e-08
2.92289243630451e-10,0.998511834798884,0.00119379905282022,3.06138541429046e-05,0.000263752001863426
2.84412553994668e-09,0.000513816276072054,3.73854279207453e-06,0.0246552174024194,0.974827224934591
0.929677729752207,5.66600109124327e-07,0.000666211262028936,0.0696554922909884,9.46660560335468e-11
1.5633331366979e-05,0.100728436666434,0.0091330770921362,0.793309607690084,0.0968132452199787
0.138642508730671,0.000109624036555209,0.84705841166229,0.0141892516950615,2.03875421438054e-07
0.0101049306712802,0.000204291684833055,0.462427557220149,0.527247717887776,1.55025359620024e-05
5.57003453338831e-06,0.30324297154774,0.142195781339955,0.55148509549957,0.0030705815782018
3.16617537106099e-10,0.00573756505783528,2.13937020594276e-06,0.00256172916184187,0.991698566093499
0.398936104988111,1.67416519756566e-05,0.592654201566553,0.00839291071257492,4.1080785260093e-08
1.13185584591963e-12,0.000678560683266205,2.56517680123684e-07,0.000139506492113538,0.999181676305808
0.0258797507861648,0.00375648818833896,0.00364836707961135,0.966710252428858,5.14151702720244e-06
0.244816969366522,3.42697223630527e-05,0.156178090476992,0.598970608772072,6.16620509496352e-08
2.73629667325049e-11,0.989225779790026,2.71631728004072e-05,0.000124510959361522,0.0106225460504489
1.47372175433558e-10,0.995603732944934,0.00319813865097551,3.48351002421073e-05,0.00116329315647645
2.30094020334714e-10,0.997202106623172,0.00262579704254785,3.34645743052337e-05,0.000138631529880272
0.995647103373954,4.49877190045626e-08,0.00362744000590727,0.000725411632260104,1.59289047333107e-13
2.11857036940108e-13,0.000225050756276565,1.82977540818255e-07,8.24233856609786e-05,0.99969234288031
7.30909437420553e-05,0.000529440924352568,0.00421568685246326,0.991988434161831,0.00319334711761128
1.65070906458073e-10,0.989070696248862,0.0100763817774074,1.02166961235386e-05,0.000842705112536507
1.47453144945274e-11,0.157436687056804,0.00101282055597275,0.00125323567413769,0.84029725669834
1.1086339210979e-08,0.926051768608822,0.0738055739194333,1.11759169996033e-05,0.000131470468405779
0.000132100418535396,0.000785956701138248,0.422699480242665,0.500922360279938,0.0754601023577232
3.05632020564606e-08,0.00410726285270886,0.000936042046605746,0.0654764519370505,0.929480212600433
0.998530727480239,9.46756913702763e-10,0.00132324997855503,0.00014602159443785,1.13752719107564e-14
0.990685780269913,6.81309977204464e-09,0.00738421723418995,0.0019299956818988,8.98665717923374e-13
0.00594807855086773,0.00140603241935232,0.17513560469611,0.817376271812835,0.000134012520834893
1.76648356147083e-10,0.00423533441790268,2.4080859725045e-05,0.00313033984518597,0.992610244700538
0.000106273820385729,0.00177447667590715,0.00205817747398227,0.99398499965489,0.0020760723748353
4.7964934571686e-07,0.149270898350205,0.00328395385154471,0.451430931689815,0.39601373645909
2.16685800168376e-12,0.000352919301319551,1.22981028022588e-07,0.000261451727430336,0.999385505988055
4.67874176631184e-13,3.40493765236123e-05,2.15738080705423e-08,0.000105166769545484,0.999860762279655
0.00482275516975658,0.00116539527113,0.147942503801248,0.846023817555699,4.55282021664387e-05
9.86368152682598e-13,9.4613626279388e-05,4.03839127401258e-06,0.00017294936271725,0.999728398618743
1.24011901550645e-07,0.640083299495828,0.322284119318376,0.0189490163489751,0.018683440824919
0.988302830309973,9.27953327557298e-09,0.00944429804342354,0.00225286236402494,3.04478282814959e-12
0.998530727480239,9.46756913702763e-10,0.00132324997855503,0.00014602159443785,1.13752719107564e-14
0.110062877729714,0.000441391612571395,0.821436360076549,0.0680593201768192,5.04043464176171e-08
0.991635245201193,7.51393639871746e-09,0.00634545812807569,0.00201928915514267,1.65204644847315e-12
0.00791024601812245,0.00314453989320657,0.878780485765233,0.110163730524615,9.97798823611498e-07
0.0103189263215925,1.177421566763e-05,0.0553774355247267,0.934286256551774,5.6073862391722e-06
5.26179537845784e-05,0.0141243396938759,0.984002107457961,0.00182045701125533,4.77883123190039e-07
1.47270612051447e-05,0.00462840257614556,0.318710470357811,0.592096949120259,0.0845494508845791
8.75361695054537e-14,1.12877565774875e-05,1.53820415641953e-08,6.2107100139917e-05,0.999926589761154
1.80539448046979e-10,0.720166079223795,0.00010874156987261,0.00159795864523225,0.278127220380561
2.14638550264846e-10,0.996045789013778,0.000110770356773726,6.92121476175634e-05,0.00377422826719202
1.10461539370844e-09,0.842407653445969,0.00106623646583727,0.000689296728138347,0.15583681225544
0.997713370483255,7.62529282579090e-09,0.000940457986803276,0.00134616390451443,1.33966432277012e-13
0.0114219409689211,0.00271682004903164,0.943680276722853,0.0421620672097755,1.88950494190043e-05
6.27126106213942e-05,0.576052532575019,0.00507623456219756,0.414991701123373,0.00381681912878912
8.75361695054537e-14,1.12877565774875e-05,1.53820415641953e-08,6.2107100139917e-05,0.999926589761154
0.0428585041446638,0.000634653011807257,0.116398694802941,0.840108006647655,1.41392932327569e-07
1.89178036167085e-11,0.00155806306642867,2.02076114468272e-07,0.00101142895262591,0.997430305885913
1.09018605894111e-10,0.990095521795086,0.000101540548862986,0.000104273987922495,0.00969866355911004
0.00235301020656115,0.040196741125689,0.953312639365472,0.00413716555906252,4.43743215071669e-07
2.91835743485386e-10,0.940729563995174,0.0542139013547265,6.86964118002257e-05,0.0049878379464638
1.09945140470402e-09,0.000305103668260943,0.000291100516761892,0.0029044759130847,0.996499318802441
0.372736928278745,4.97557926237512e-05,0.0413392086922354,0.585874073750649,3.3485747238388e-08
5.60264204012808e-11,0.999526358548077,6.13696478970545e-05,9.89971235072938e-06,0.00040237203564839
8.75361695054537e-14,1.12877565774875e-05,1.53820415641953e-08,6.2107100139917e-05,0.999926589761154
0.825954748427232,2.14405485065447e-05,0.169425752158325,0.00459805869043208,1.75504807094019e-10
2.26649761152398e-11,0.410901266944337,2.1581023950283e-05,0.00132560799193531,0.587751544017113
4.67874176631184e-13,3.40493765236123e-05,2.15738080705423e-08,0.000105166769545484,0.999860762279655
1.21881389755614e-11,0.00229655551277193,5.86852047577649e-05,0.000394795017438064,0.997249964252844
0.0430059815616575,7.54350514549779e-06,0.484554537343054,0.472428271011867,3.66657827656827e-06
5.17712388708232e-11,0.914757424522997,0.0034377942115705,0.000271297140033136,0.0815334840736278
5.21022422046898e-12,0.00699067091288678,1.45342468117464e-06,0.000344723840353961,0.992663151816868
0.800108626821547,1.23713788874047e-06,0.183916654760574,0.0159734801221242,1.15786620267169e-09
0.996462200725312,5.93988466651827e-09,0.00170088190168131,0.00183691143298688,1.35522124796216e-13
1.51508033858685e-12,0.000444807068406151,4.11696807114274e-07,0.00011616393357517,0.999438617299696
3.29959629292901e-08,0.872537045906176,0.127461573841244,7.94729835354112e-07,5.52526781761678e-07
2.783924079591e-12,0.0322473629916502,5.49571657235117e-06,0.000855286906217783,0.966891854382776
7.78965792437875e-06,0.224433494724875,0.672582539079344,0.00731083011650012,0.0956653464213561
8.04279378814505e-11,0.949987314611296,0.00120296160056093,0.000836942472820021,0.0479727812348948
0.982103522081486,4.71897997384026e-08,0.0011924048792263,0.0167040258479135,1.57433259842729e-12
0.000167149004115157,0.00100750455714116,0.000179221538903381,0.998435163509924,0.000210961389916356
0.929601351083403,5.06366417952119e-07,0.069359439086358,0.00103870344975578,1.40653123450944e-11
8.53005218858679e-12,0.000340687170721409,7.45314861814099e-08,0.000684708041438806,0.998974530247824
7.019099878024e-09,0.975532927917868,0.0105621841590472,0.000788723725284241,0.0131161571787002
2.42297677269723e-09,0.11614516505299,0.0236792967531266,0.000587114803199295,0.859588420967707
0.929601351083403,5.06366417952119e-07,0.069359439086358,0.00103870344975578,1.40653123450944e-11
7.9601163868485e-08,0.907628618383428,0.0918101301570714,0.000132748440850895,0.000428423417485693
0.0573862723848569,0.000568996118090381,0.916305494680131,0.0257392248108581,1.20060639992422e-08
0.986312509898943,2.80183923650074e-07,0.00462852074439499,0.00905868917085421,1.88384012116722e-12
2.10331557245548e-06,0.00138089844304228,3.17076546978684e-05,0.894829186391402,0.103756104195286
0.00247888491839134,9.12750102409485e-05,0.0123380506748171,0.985068046553122,2.37428434289732e-05
0.00471746411802182,0.000298992962068597,0.903307524692323,0.0916732544924273,2.7637351597074e-06
0.998530727480239,9.46756913702763e-10,0.00132324997855503,0.00014602159443785,1.13752719107564e-14
0.261016377249176,0.00307583986269608,0.601441271110302,0.134465554983977,9.56793848795863e-07
1.41372977647005e-12,0.0724767538126959,1.82518408861331e-05,0.000526173342682931,0.926978821002321
8.75361695054537e-14,1.12877565774875e-05,1.53820415641953e-08,6.2107100139917e-05,0.999926589761154
7.4949008383107e-10,0.00555570972181885,5.21088251924549e-05,0.000393969522782149,0.993998211180717
4.69326442250905e-10,0.99067411787329,0.00929920498743929,1.62577034953299e-06,2.50508995949147e-05
0.996462200725312,5.93988466651827e-09,0.00170088190168131,0.00183691143298688,1.35522124796216e-13
0.100055884407383,7.74140802136396e-05,0.899247092128077,0.000619608465755178,9.18571710636949e-10
0.997713370483255,7.62529282579090e-09,0.000940457986803276,0.00134616390451443,1.33966432277012e-13
0.121821282479405,6.77090146104365e-05,0.00838891377155312,0.869721808233058,2.86501373811325e-07
5.12366926387287e-07,0.979579447430696,0.0136431467001342,0.00666933983809929,0.000107553664143689
3.11694584360475e-07,0.982790894744941,0.0168542244528651,0.0001043586650773,0.000250210442531863
2.36925904940831e-09,0.978792949181014,0.00207869841088066,0.00426086810226518,0.0148674819365813
0.998530727480239,9.46756913702763e-10,0.00132324997855503,0.00014602159443785,1.13752719107564e-14
0.929601351083403,5.06366417952119e-07,0.069359439086358,0.00103870344975578,1.40653123450944e-11
7.83661330093927e-10,0.0420505223203419,0.000131492425542498,0.00745455822996776,0.950363426240487
0.800653320961194,1.78279585488395e-06,0.0253648646998105,0.173980030820203,7.22937815909085e-10
4.11449699306836e-10,0.262599789109505,0.00447696197081765,0.00518068037230116,0.727742568135927
2.28211878112518e-05,0.161224785158174,0.80687214119628,0.0317778687175253,0.000102383740208661
9.32216130082676e-11,0.998371108703481,0.00159313164249987,3.63642355365638e-06,3.21231372438142e-05
8.53005218858679e-12,0.000340687170721409,7.45314861814099e-08,0.000684708041438806,0.998974530247824
7.43931113034429e-11,0.522135845750318,7.57605587550411e-05,0.000594924329542392,0.477193469286991
3.26960899699516e-07,0.0416077503175849,0.925248274678935,0.0113051286334035,0.0218385194091763
0.174340893112393,0.00380072669969994,0.47446675150727,0.347390878008787,7.50671849179615e-07
4.652421242096e-09,0.154575821910198,2.77074392836544e-05,0.0131370436888373,0.83225942230926
6.00551139310108e-09,0.855854594453006,0.12672342879466,0.000194671463727823,0.0172272992830948
4.60035692811981e-11,0.998384403119625,0.000712497159247358,4.62129906292677e-05,0.00085688668449489
9.35914426724603e-08,0.835890384942872,0.163971553877115,9.67704470068601e-05,4.11971415637443e-05
8.65966011572552e-10,0.406453672547166,0.0145289218834447,0.00115063057878274,0.577866774124641
3.35628237258513e-06,0.0147003657987248,0.000213791948281716,0.981162006535269,0.003920479435352
2.11857036940108e-13,0.000225050756276565,1.82977540818255e-07,8.24233856609786e-05,0.99969234288031
2.35265406950546e-11,0.110794580109279,0.00180891543983966,0.000794443849703278,0.886602060577652
0.48846094576916,0.000649305440152127,0.270258505592122,0.24063121794624,2.52523260966314e-08
0.233138560289212,4.55919103507749e-06,0.000126655842744595,0.766730223455996,1.22101214281945e-09
0.991635245201193,7.51393639871746e-09,0.00634545812807569,0.00201928915514267,1.65204644847315e-12
8.75361695054537e-14,1.12877565774875e-05,1.53820415641953e-08,6.2107100139917e-05,0.999926589761154
6.81844888385131e-10,0.241825101884116,6.51732707643801e-05,0.00940591303757804,0.748703811125697
1.59916393617348e-05,0.780205163570262,0.215545347699428,0.00392852034974245,0.000304976741205651
0.963979946547962,3.68130771475095e-07,0.000194156869637094,0.0358255284308785,2.07508117878339e-11
4.60035692811981e-11,0.998384403119625,0.000712497159247358,4.62129906292677e-05,0.00085688668449489
0.547912810990155,3.01984749631775e-06,0.000880680563793514,0.451203487313747,1.28480860453595e-09
0.906942547611498,0.000198894046096668,0.00180765188334506,0.0910509013817496,5.07731111458835e-09
1.50132341083653e-08,0.9672419074696,0.00014487890232781,0.00167026446582953,0.0309429341490088
0.519119194137931,2.87559331257737e-06,0.111269434125938,0.369608467093545,2.90492738031161e-08
0.00122856197834252,0.0187418612943935,0.820993099506954,0.157600344090839,0.00143613312947089
2.95161425492599e-12,0.000168571117236851,6.58124081997447e-08,0.000668066250860485,0.999163296816543
6.22973385540882e-10,0.966476659918347,0.00220727523301723,0.000222576390653141,0.0310934878350097
2.1853942916713e-07,0.0387342738150052,0.00351734177377145,0.043504331553181,0.914243834318613
0.995647103373954,4.49877190045626e-08,0.00362744000590727,0.000725411632260104,1.59289047333107e-13
8.75361695054537e-14,1.12877565774875e-05,1.53820415641953e-08,6.2107100139917e-05,0.999926589761154
0.962825836447081,7.38326924470687e-08,0.00415919221976565,0.0330148974931603,7.30098942961873e-12
1.54187011933339e-07,0.950458894393774,0.0208068112622686,0.0102853807324734,0.018448759424472
0.998530727480239,9.46756913702763e-10,0.00132324997855503,0.00014602159443785,1.13752719107564e-14
8.26131906661505e-08,0.185975040943765,0.361463571243259,0.00215680733917744,0.450404497860608
7.25771413276371e-11,0.00523538092258133,5.22672037861634e-07,0.00279361878131182,0.991970477551492
0.000606683583844407,0.0107173611812935,0.239655126646905,0.739731991111977,0.00928883747597983
9.57194739533377e-08,0.15567244694382,0.000551334607284644,0.06247158644385,0.781304536285572
7.04269988442026e-09,0.870998167410126,0.1091986250758,0.00372420352452239,0.0160789969468523
2.48494325181831e-09,0.900691510490195,0.00164125366400669,0.00203727281998184,0.095629960540873
7.29517104451273e-05,0.290863370276302,0.676820099551998,0.0321823493302606,6.1229130994198e-05
0.930416090041763,5.13673727223986e-07,0.04351694056745,0.0260664547951217,9.21937797575154e-10
1.29470279171913e-11,0.984570889418273,0.00406025955752423,9.26495428625799e-05,0.0112762014683925
1.57645300083839e-11,0.000508118005799759,9.2236009197677e-08,0.0011304118603663,0.99836137788206
1.25674183249118e-05,0.000118602836047013,0.000221673946142282,0.996210674474875,0.0034364813246107
8.75361695054537e-14,1.12877565774875e-05,1.53820415641953e-08,6.2107100139917e-05,0.999926589761154
3.4673443017083e-11,0.00808455032048878,4.6226037019439e-05,0.000172510862190476,0.991696712745628
1.23906204994306e-10,0.994020744945529,0.00016421288316782,0.000251314505810498,0.00556372754158612
8.79448577542303e-09,0.00551834098879528,3.65584540530046e-05,0.0930012961287903,0.901443795633876
0.0576250914845667,7.68328727119229e-05,0.00678880175564642,0.935509161049166,1.12837909181088e-07
0.000702044202550422,0.00480726873160219,0.925967683143269,0.0683952917142811,0.000127712208297471
8.75361695054537e-14,1.12877565774875e-05,1.53820415641953e-08,6.2107100139917e-05,0.999926589761154
8.53005218858679e-12,0.000340687170721409,7.45314861814099e-08,0.000684708041438806,0.998974530247824
0.000161547571088247,0.0596320849716286,0.913298082404262,0.0247364541250582,0.00217183092796264
0.996462200725312,5.93988466651827e-09,0.00170088190168131,0.00183691143298688,1.35522124796216e-13
1.83349320483719e-10,0.976208354770461,0.0212119778744693,4.50517586433907e-05,0.0025346154130774
9.30203633047955e-10,0.982442422780753,0.0175510289342735,2.70879318397644e-06,3.83856158570461e-06
8.75361695054537e-14,1.12877565774875e-05,1.53820415641953e-08,6.2107100139917e-05,0.999926589761154
0.519119194137931,2.87559331257737e-06,0.111269434125938,0.369608467093545,2.90492738031161e-08
1.41372977647005e-12,0.0724767538126959,1.82518408861331e-05,0.000526173342682931,0.926978821002321
4.14034336796319e-13,3.34538689843866e-05,2.04488091318139e-08,0.00014571079926085,0.999820814882532
0.998530727480239,9.46756913702763e-10,0.00132324997855503,0.00014602159443785,1.13752719107564e-14
8.71684764681856e-12,0.821083207764783,0.000116532349301416,0.000313188468915217,0.178487071408283
0.998530727480239,9.46756913702763e-10,0.00132324997855503,0.00014602159443785,1.13752719107564e-14
0.000835958380978183,0.00210947187550844,0.000439494647281379,0.996512754758533,0.000102320337698817
8.22376589090061e-05,0.000951336036477665,0.0529382640010931,0.924916145255941,0.021112017047579
4.05517240144605e-13,0.000117029214446336,8.77093104529928e-08,0.000154445280467789,0.99972843779537
2.08290905567271e-11,0.81034542968648,0.000238670813402729,0.000409652985894257,0.189006246493394
8.75361695054537e-14,1.12877565774875e-05,1.53820415641953e-08,6.2107100139917e-05,0.999926589761154
0.00534763777586575,0.000758795907526027,0.889912038954959,0.103967510966844,1.40163948055112e-05
1.73645370677873e-08,0.0313621357053746,2.56027453683581e-05,0.00552829725703509,0.963083946927685
1.1574334908157e-12,0.00581286655057998,2.03581938956114e-06,0.000701789032156125,0.993483308596717
1.74740147326764e-11,0.442811738163814,3.99107048354535e-05,0.00148338366865685,0.55566496744522
5.1558724263293e-08,0.210691909905195,0.000939693016886742,0.0657160373823755,0.722652308136819
1.55842749730543e-10,0.0934515019948363,0.00278338410308792,0.000791778581554637,0.902973335164678
3.92629918088204e-05,0.00359115928043863,0.000309809935682165,0.954003509566057,0.0420562582260129
0.000853842152430207,0.00561479304604082,0.499087939875521,0.487562765125315,0.00688065980069295
7.48551484269475e-05,0.000911966075375182,0.725068015472969,0.215498430567298,0.0584467327359305
0.175948787222808,0.000283143838298628,0.39963179826356,0.424134775762036,1.49491329698107e-06
8.04594293621759e-08,0.546773696138743,0.163790787131794,0.00316601301319538,0.286269423256838
3.64955105219122e-05,0.00054483737307255,0.000357712797971836,0.998759035235614,0.000301919082819326
0.788522605431844,2.07460670597561e-05,0.101393387528597,0.110063249999668,1.09728308379481e-08
0.000829675724483002,8.67584923728104e-05,0.0469681566937629,0.952099184727492,1.622436188975e-05
1.03983962526095e-07,0.851638333954552,0.00376068359490216,0.0296934585424096,0.114907419924174
2.25395374749812e-10,0.617690767943276,0.00413262330783391,0.000988192162830976,0.377188416360664
0.00209642884391063,0.0288741268510839,0.961403248147984,0.00762440168064629,1.7944763754512e-06
0.856359863678088,2.61404491867886e-07,0.00394272051163346,0.13969715437745,2.83363859022808e-11
7.32835495088061e-10,0.992359708312573,0.00763574335509244,1.56195700028541e-06,2.98564249844872e-06
6.2104267548925e-06,0.156154647759983,0.734837871795983,0.0709313174547614,0.0380699525625173
1.47553896604319e-05,0.00542248094338034,0.000347080121477355,0.990408199845267,0.003807483700215
1.54065935128741e-10,0.00571731524890615,0.00138803372437896,0.00159598412986382,0.991298666742785
7.25771413276371e-11,0.00523538092258133,5.22672037861634e-07,0.00279361878131182,0.991970477551492
0.547819752999946,7.96903835871255e-06,0.00693412581948451,0.445238151887641,2.54569265316908e-10
9.56223300753426e-10,0.95612491672738,0.0306573006211817,0.00068125665440596,0.0125365250408089
1.506982396124e-05,0.25531470339884,0.733597800785982,0.0103780533253572,0.000694372665859997
0.982103522081486,4.71897997384026e-08,0.0011924048792263,0.0167040258479135,1.57433259842729e-12
8.75361695054537e-14,1.12877565774875e-05,1.53820415641953e-08,6.2107100139917e-05,0.999926589761154
1.94861837841959e-06,0.00456939889364319,0.000128644490002276,0.897165234855524,0.0981347731424522
8.75927743299988e-11,0.808588764549249,0.00558886403648772,0.00114310897864854,0.184679262348022
9.64160695106274e-11,0.980500030889003,0.000203007639738569,0.000425282225662153,0.0188716791491798
3.72234077735934e-11,0.000373477506023357,3.05158724854373e-07,0.000628059562500786,0.998998157735528
0.998530727480239,9.46756913702763e-10,0.00132324997855503,0.00014602159443785,1.13752719107564e-14
0.713277484465147,4.55847721510634e-06,0.0507965660763613,0.235921389036969,1.94430727232582e-09
4.75226870712511e-05,0.0232000898015805,0.975342493943282,0.00139368831176692,1.62052562997042e-05
6.25905703304349e-05,0.2868827527123,0.696871123210987,0.0161613741438619,2.2159362520186e-05
5.51549695740925e-05,0.0400239424538793,0.9048829343403,0.0548068787907885,0.00023108944545834
0.991784640352568,5.52927864501795e-08,0.00643278946241175,0.00178251488859999,3.63392413874314e-12
1.47671896220304e-07,0.683033026801126,0.143902408980027,0.00456775391013756,0.168496662636813
0.00137257676488295,0.00123764646159619,0.975763779911294,0.0216161036687324,9.893193494221e-06
1.67941257728179e-11,0.968946390844017,5.93156775791282e-05,0.000154063631664316,0.0308402298299452
1.38275604148942e-08,0.84523834239637,0.0533969631370424,0.0247991197621827,0.0765655608768441
1.66585428802343e-10,0.994108880316693,0.00514391866439445,8.35002398815041e-05,0.00066370061244583
0.90684286351824,8.03215277951337e-06,0.0225484486315496,0.0706006555188862,1.78545041591847e-10
4.14034336796319e-13,3.34538689843866e-05,2.04488091318139e-08,0.00014571079926085,0.999820814882532
0.96696961180995,4.18082296063686e-08,0.00928355319814936,0.0237467931731996,1.04718663684881e-11
0.998530727480239,9.46756913702763e-10,0.00132324997855503,0.00014602159443785,1.13752719107564e-14
0.907667649051442,8.55092678040282e-08,0.0397497270978092,0.0525825381835608,1.5791992312917e-10
0.00217662833989201,0.00407452958165173,0.984779063749894,0.00896893119142934,8.47137133253666e-07
0.982103522081486,4.71897997384026e-08,0.0011924048792263,0.0167040258479135,1.57433259842729e-12
1.76323815744376e-06,0.27244474355624,0.724423927855534,0.00289864114207532,0.000230924207993983
0.93464463176781,7.44237082254564e-07,0.0164327530066193,0.0489218707727313,2.15757037358974e-10
0.000147949540313022,0.0306847930115191,0.416073469938363,0.552101882568544,0.000991904941261078
3.1844289324681e-08,0.877816465212963,0.118567090195505,0.000345945570280147,0.00327046717696293
2.55338983875463e-11,0.000515927173060209,2.03737816677077e-06,0.000333919431713549,0.999148115991526
0.000501552574763036,4.62954621742627e-05,0.0210726344719659,0.978196340088023,0.000183177403073957
1.07016944238294e-11,0.0012346305063291,3.88600663306084e-07,0.000396970544032453,0.998368010338273
7.25771413276371e-11,0.00523538092258133,5.22672037861634e-07,0.00279361878131182,0.991970477551492
7.65923035494625e-12,0.00212268165248478,3.5666407552575e-06,0.000381076397777008,0.997492675301324
9.57768454556031e-11,0.00284550380018111,1.94980658595186e-05,0.00189994259756327,0.995235055440619
0.546027672219975,9.00451168830511e-05,0.424728137277355,0.0291541429908381,2.39494944000184e-09
6.42475360303843e-09,0.975940654620555,0.0232345761863646,0.000651278271903895,0.000173484496422739
3.67779680817801e-10,0.998746986083539,0.00117963805254358,2.65319622805621e-05,4.68435338572919e-05
4.67874176631184e-13,3.40493765236123e-05,2.15738080705423e-08,0.000105166769545484,0.999860762279655
0.998530727480239,9.46756913702763e-10,0.00132324997855503,0.00014602159443785,1.13752719107564e-14
4.67874176631184e-13,3.40493765236123e-05,2.15738080705423e-08,0.000105166769545484,0.999860762279655
0.546027672219975,9.00451168830511e-05,0.424728137277355,0.0291541429908381,2.39494944000184e-09
6.20702128747729e-08,0.0445711145158201,0.0649055329627797,0.00435103441325032,0.886172256037937
0.737556418648357,2.06597463990399e-06,0.0297536768682074,0.232687833790635,4.71816030293084e-09
0.0167211808983225,0.000428935611061617,0.14353481270975,0.839300422816775,1.46479640904072e-05
0.0191596440068855,0.000912527315991469,0.681429502061868,0.298470309740789,2.80168744659016e-05
0.0247237421429535,5.52981572095008e-05,0.110105142846911,0.865115065196538,7.51656387196051e-07
0.0347138754816605,0.000222175629098047,0.921787767571537,0.0432761061164665,7.5201237913084e-08
0.140996738644991,0.000281157995615146,0.478246106934603,0.380473781113415,2.21531137549643e-06
1.60937066763163e-07,0.045016108654707,0.000258799282315387,0.101360335971864,0.853364595154047
3.54069787343645e-09,0.536004335619433,0.00137197185033686,0.0040743877813653,0.458549301208167
8.75361695054537e-14,1.12877565774875e-05,1.53820415641953e-08,6.2107100139917e-05,0.999926589761154
0.000249332357425402,8.02852060480576e-06,6.48207319442752e-05,0.999674946462573,2.87192745203397e-06
1.65324309092317e-10,0.869224234355733,0.00884161953753075,0.0011414597666184,0.120792686174793
4.6316938009001e-09,0.987271479443998,0.0127265724807217,1.02928358732171e-06,9.14159998941212e-07
1.70142525176053e-11,0.00371572394806529,0.000107720316753502,0.000322384930148965,0.995854170788018
1.16211323553727e-09,0.968449970855403,0.0289812302157252,0.000297751965990657,0.00227104580076787
1.422867139621e-11,0.126431024531322,2.74786566738661e-05,0.00101794262316678,0.872523554174609
4.33474349561686e-11,0.0296776138175739,0.00114832496087936,0.000305898914327027,0.968868162263872
7.25771413276371e-11,0.00523538092258133,5.22672037861634e-07,0.00279361878131182,0.991970477551492
0.997713370483255,7.62529282579090e-09,0.000940457986803276,0.00134616390451443,1.33966432277012e-13
0.998530727480239,9.46756913702763e-10,0.00132324997855503,0.00014602159443785,1.13752719107564e-14
1.82618615556146e-11,0.708472462004178,0.00690134420226981,0.000338145818849048,0.284288047956441
0.929601351083403,5.06366417952119e-07,0.069359439086358,0.00103870344975578,1.40653123450944e-11
7.74262798590352e-12,0.941675625614313,0.0122431646198712,5.33949325576521e-05,0.0460278148255154
0.993613277573356,5.98494706627753e-09,0.00499310915220402,0.0013936072892595,2.33650477875203e-13
0.998530727480239,9.46756913702763e-10,0.00132324997855503,0.00014602159443785,1.13752719107564e-14
0.998530727480239,9.46756913702763e-10,0.00132324997855503,0.00014602159443785,1.13752719107564e-14
9.18734657910777e-12,0.997565616897612,0.00211832768725951,6.92968752747246e-06,0.000309125718413627
1.28348331968915e-11,0.978122074941367,0.0057042788084246,4.39039449803154e-05,0.0161297422923928
