0.394507256562573,0.00158775566163851,0.133150921531299,3.12826442613925e-05,0.102937944563096,8.80137003516177e-06,0.367776037667098
0.100736653244287,0.00193594246111929,0.0844907049540113,0.00182532090108238,0.193115626607409,7.10628299367794e-05,0.617824689002154
0.00926809586743922,0.987744248326383,9.38582201764902e-09,3.58115111232408e-05,0.00244667621352142,0,0.00050515869571085
0.133037716986915,0.00681426797982298,0.00399998948904052,9.59370197290587e-06,0.0017210727487041,3.72063067775667e-07,0.854416987030476
0.0130178035084834,4.97081364060045e-08,0.974959518953093,1.46345417368759e-06,0.00837108089669469,0.00285592102393973,0.000794162455478742
0.810866314048309,0.0120922639896376,0.00167638223292255,0.00817515505228028,0.164030729465791,1.45130469011705e-07,0.00315901008059151
0.544052670875939,6.29084944546085e-05,0.0202641099354506,8.67758305072883e-05,0.43453691429749,2.23916642552873e-06,0.000994381399732844
0.000621066039743153,0.99934564548593,1.8852375068734e-12,6.55874675225013e-08,3.09021421985399e-05,0,2.32074277534187e-06
0.00765784360304904,1.17751117195929e-09,0.990523608892135,1.14447584211062e-07,0.000859318127031672,0.000673440045781495,0.000285673706907655
0.845079967536206,3.48424974205973e-06,0.146981394723285,3.10920026179446e-08,0.00011825309250837,2.67299253670541e-07,0.00781660200700198
0.113505608646131,0.106129201327828,1.29337779098722e-05,3.04858656217281e-06,4.02296411590863e-05,2.26108028456768e-52,0.78030897802041
0.000389865899100512,2.81614898765297e-06,0.0107546364529464,0.00222146141499306,0.954712297283146,0.031623602448061,0.000295320352765259
0.0935549066504438,0.00152777136754722,0.0341340482524686,0.000121832115228747,0.73933543546447,4.44361107932701e-46,0.131326006149842
1.18878369470137e-06,1.90055562171433e-05,0.000240145382028639,0.0348761047032344,0.940789436886895,0.0236669507071406,0.000407167980789618
0.000836431633375427,0.696954522461046,2.75815265334894e-08,3.92228654541094e-05,0.298985946205713,1.11382636293596e-09,0.00318384813905842
0.0968876307176741,5.3828003265757e-07,0.80904339026226,2.20010525163692e-07,6.3656084806046e-05,0.00106939969443898,0.0929351649502628
2.12174886658348e-12,1.57905492630044e-10,5.5235054434813e-08,0.948172279416202,0.000123856030958851,0.0517033315772615,4.77580495581447e-07
2.06998473099387e-09,1.79643967093585e-08,8.71363990011651e-06,0.928232757890267,0.0239450334696441,0.0478035589148312,9.91605097638545e-06
0.00660457544459939,0.00396743963581258,0.00172505601741456,0.0065423017525829,0.0660010627316438,1.18804959043244e-45,0.915159564417947
4.30617712156222e-05,3.70327236127574e-07,0.00037796605203868,0.809947351310098,0.164532970280645,0.0246611832730622,0.000437096985704628
0.00128440150850146,1.02478158992937e-07,0.780028493821277,5.31161679818009e-06,0.00129255403452978,0.202324297859185,0.0150648386815496
0.576132458388739,0.0811833679946118,0.000149273201394505,0.000171636430002848,0.336024755435659,0,0.00633850854959287
0.321787825157979,0.0128624131793234,0.00233228699828873,2.9362672647347e-06,0.000339357866551168,4.38090324210388e-08,0.662675136721561
4.86247812057503e-05,2.44111069916435e-06,0.000666557129657062,0.00264661856285605,0.996425336407814,0.00017239862207795,3.80233856903226e-05
0.00127278002800677,0.89606607616137,8.78282740833365e-08,0.0044735557105071,0.0236593144827496,5.65160113352269e-52,0.0745281857890923
2.14238391808898e-05,0.0154719651863336,7.47797719152543e-07,0.00251413536636609,0.000428410096497658,2.21544655472095e-49,0.981563317713903
0.000194119320261694,0.00381343762491245,6.22316877378488e-06,0.0152362530635197,0.978121345398979,6.45723277551075e-06,0.00262216419077832
0.00468073214924787,3.36707271698622e-05,0.0127877960489786,0.065988897725275,0.908367094780682,0.000170054016445896,0.00797175455220083
0.976543752200366,0.0146291825537792,1.15100988094791e-05,1.8101367787161e-06,0.00316956047789244,1.11356928044673e-52,0.00564418453237404
5.64919489951544e-14,1.24939584009063e-12,1.65129382036412e-07,0.0177518765245865,4.88102426662224e-06,0.982242979207845,9.81126139421695e-08
0.0164663909855545,2.05718159421338e-05,0.000681992691584004,0.00125055985662014,0.981404133023363,0.000126647354602878,4.97042723334739e-05
1.22766028719963e-05,1.20584906317724e-10,0.626203232978057,3.03955495061717e-06,1.17044780698122e-05,0.371620750008485,0.00214899625698066
0.00866928491631627,0.990528471546845,3.2834076397477e-10,8.04059873398966e-09,2.88213234088709e-06,0,0.000799353035558807
0.0095216590387402,2.49432845732859e-09,0.986937112393494,2.95258908395721e-08,0.000109395922799749,6.77284097087841e-05,0.00336407221503775
0.0104774193798789,0.0010666400793018,0.00134520328104015,0.00963776070205072,0.950208553213065,2.1393412548378e-47,0.0272644233446633
0.98908508827263,0.00790975765842342,0.000214709226374333,5.86720427458682e-07,0.000408797384534753,0,0.00238106073761003
5.94456702674831e-15,8.05984475847254e-12,5.96393879609452e-10,0.999436657904797,1.51831169349198e-06,0.000561737892326873,8.52867233029684e-08
0.0983881272504755,0.00239473976027746,0.0027077133921199,0.000179615482733699,0.86454717921516,2.86563403905643e-06,0.0317797592651946
0.0344028644355824,0.000550847147885664,0.0177589738704145,4.92198985284327e-08,5.62435229110584e-06,7.18097524210328e-07,0.947280922876404
2.28486757571623e-10,4.51722012377169e-09,7.58739591261965e-08,0.941830368700983,0.00042076393107244,0.0577367368595625,1.20498887163643e-05
0.000367534584330774,0.999611786317111,6.1591841410063e-13,8.9854355316488e-09,2.19992387224846e-07,0,2.04501201193e-05
9.81613801545668e-05,0.976167462788146,2.80141488203871e-09,2.95227261785195e-06,0.000179055066601685,1.1567330921979e-13,0.0235523656909492
0.0836451722102678,0.896892472041874,1.12652153778177e-06,1.45233298144104e-05,0.0172089662240698,5.86128859309225e-54,0.00223773967243581
7.6372014444371e-05,8.89963944370139e-05,0.017149444332642,0.0370287578056381,0.00274540584436666,7.18548214996733e-45,0.942911023608472
0.0299387963834378,0.133065418918391,0.00193375197604394,0.00316550802957621,0.685926663812001,9.33491455845512e-06,0.145960525965992
0.00342106090656768,1.03081092235503e-08,0.994809696775228,6.99410651895926e-09,0.00027052990719985,0.000238765532348023,0.00125992957644104
0.886450908692497,0.00011206730359345,0.0085270751735786,1.24756108177444e-05,0.104808737741013,3.18273343893117e-09,8.87322957661519e-05
0.00190798873159942,1.53376940599617e-10,0.997247236473768,3.61830065131639e-10,1.04808614721666e-05,0.000742863717523317,9.14297004300682e-05
0.0139040455290802,6.70984296539696e-05,0.0298638079117706,1.84044257341573e-05,0.955538310041645,3.56315051017917e-05,0.000572702157013762
0.0271391981557535,0.0160952286913412,7.41581371806912e-06,0.722430895737556,0.00491860600586449,2.26812571082652e-47,0.229408655595767
0.00344442042703042,0.0115188823641691,0.000588950176239345,0.0132522634252151,0.891977604805544,1.15271771661056e-05,0.079206351624636
6.83220221693056e-06,0.979571997212544,2.66837997355152e-10,3.2619149984409e-06,4.07234580401707e-05,8.29208663981838e-55,0.0203771849453627
2.73616907972614e-09,2.77041352327617e-08,2.8807735068302e-07,0.98853564698363,0.00135289628761767,0.0101095441088472,1.59410224995835e-06
0.00715162280872551,0.214347315618934,3.93882482088531e-06,7.65824028835661e-07,3.32878321159979e-05,8.73544242247068e-11,0.778463069004021
0.000441023963703561,0.976857171386605,7.03014790073761e-09,8.91857065352005e-07,0.000306601613576665,0,0.0223943041489018
0.0289232564423207,0.000236568905945955,0.151244420625416,3.16162264173854e-06,0.000618715426751089,9.34461879818763e-05,0.818880430788943
7.86108588622532e-05,1.73346985337879e-05,0.0151536106266225,0.291585215603393,0.0143333974792932,0.0188920494884043,0.659939781244891
9.2534446412601e-07,6.60976329128993e-08,0.00291927679680304,0.141900223916084,0.18273030802715,0.672234458068233,0.000214741749632716
2.22985885546292e-06,2.9371819982117e-09,0.0267840778342232,0.00117183533094564,0.000237472976467425,0.970431558078516,0.00137282298381085
0.000260436590189571,7.5945577192073e-12,0.999047143186794,4.90199114557101e-09,6.34979025562763e-06,0.00061320000267667,7.28655204984322e-05
0.000625882052847231,0.000479675667455443,0.00325341196737395,0.0396879973584885,0.922420644036251,0.000279043813225027,0.0332533451043585
0.00261099817012805,1.27902434878064e-09,0.99416428857413,1.46020680838741e-08,9.64224147082367e-05,0.00281224164042291,0.000316033319518695
9.8838918400308e-05,0.999105736133331,1.6684656927895e-12,3.83071922968262e-06,0.00078785459664606,8.02745915216228e-58,3.73963072397153e-06
0.0202133835901794,2.1106280050905e-05,0.102806463433813,0.0119435128382648,0.809395033019243,0.0370780448520459,0.018542455986404
8.00672918717141e-05,0.959916479197093,6.67920503307119e-09,0.00259570704121468,0.0352907965945835,4.52212777694349e-11,0.00211694315081045
0.00254310701478804,1.4428815737025e-07,0.56477321726806,0.00112408925609718,0.326907631879568,0.104245779583802,0.000406030709528269
0.0276552876880462,0.000309844386248672,0.00725656854328847,8.46679747399572e-07,0.000812775608771656,5.17383226689106e-06,0.963959503261631
0.00575503458828251,0.979815033244531,2.63374868299099e-09,2.07745434003705e-07,3.65854219100451e-06,0,0.0144260632458129
0.972484708998517,2.57497974546877e-06,0.0254418653546601,2.34083110778859e-09,7.90267654590904e-06,3.60692142542531e-49,0.00206294564970033
0.000388918209503944,0.0112388651133899,2.27627726886863e-06,1.11572793538644e-07,2.1971996493477e-05,4.14770697133735e-50,0.98834785683055
0.00378770726695135,0.048836035937591,2.80039265770138e-05,2.55336887132564e-05,0.00185106398412073,5.42381093135693e-49,0.945471655196047
0.402731535233078,7.08256716856689e-06,0.576133859152824,9.83679712254654e-06,0.0183314162693345,0.000186277056812664,0.00259999292365965
6.08072938104016e-05,2.19384036000672e-07,0.00531715671730472,0.831073156757885,0.0833578763124741,0.0783807905960719,0.00180999293841823
0.0225748680298393,0.736442168736007,4.15817759150253e-06,5.37127413806745e-06,0.00215096514092694,6.89556870462704e-11,0.238822468572542
7.5583679603073e-06,3.47679711798767e-06,0.00208319865618236,0.0607440969626705,0.253337190008543,0.682502161949922,0.00132231725760397
1.22653899981916e-06,0.967122239282412,4.18746847498087e-12,6.29174582243645e-05,0.0327998889373873,1.59707543797593e-13,1.37277786287775e-05
0.00181811194870554,0.000110460935191579,0.000860073652293735,0.065939507598753,0.930394971099157,3.93866341328483e-45,0.000876874765898675
0.000591613860281494,0.988819711299821,7.58624985585116e-09,4.11999300288221e-05,0.00663674346851966,2.30262857819303e-53,0.00391072385509903
0.250508467217991,0.500534704572966,1.90935058984903e-05,1.9486398849389e-05,0.235017801215944,1.54026525672392e-10,0.013900446934325
0.0184422816329263,0.981172907944663,3.08763901061963e-09,9.87672632935234e-10,3.6761753518058e-05,1.06895760991373e-15,0.000348044593579522
0.000175931601189001,2.65536178323809e-08,0.0192959865640808,0.000421146061748139,0.976087058965729,0.00401301226171053,6.83799192521171e-06
1.04743319710334e-05,0.999937165500093,1.28547653320971e-14,4.8267746911759e-08,2.82565120900067e-07,1.05760621467358e-60,5.202933505557e-05
4.21443608297647e-05,1.56311634584566e-05,0.00193930270292468,0.743305933036852,0.169686368022469,0.0632815098014333,0.0217291109120325
0.00185338779705333,0.317042011450706,5.76650404183032e-07,1.97293845281308e-06,8.62223154601484e-05,0,0.681015828847924
0.00536606761366699,0.555278441464083,1.0088381088484e-06,0.0111792099660813,0.0101891080610688,6.67830373447807e-10,0.41798616338916
0.0657430456155648,0.0903730895302108,5.09768105683559e-05,0.00401283785772328,0.0175091852536701,9.75420197213908e-49,0.822310864932263
0.00472482311219577,3.0029271696314e-09,0.993479937076405,2.50112732141297e-07,0.00023897920838204,0,0.00155600748735806
0.0151444369622961,8.675169608232e-09,0.983889780257299,6.52957611559407e-08,0.000295498456595266,7.5957124285653e-45,0.000670210352878678
0.00706245038745853,8.97118964531544e-08,0.957685363467585,2.80309574104164e-05,0.021870634292476,0.00993803437918479,0.00341539680398876
4.02301874754162e-06,5.99618791774211e-06,1.98449701967572e-05,0.207457497141423,0.753802609685355,0.0385036624758678,0.000206366520492701
3.9856397921463e-08,6.45783159108385e-11,0.00105294110964774,1.20528055414509e-05,0.000449331767134048,0.998476060213658,9.57418304223288e-06
0.0686007183583196,0.0479191463721745,2.49249490160551e-05,9.5272460572001e-05,0.882141123032145,9.53797340140331e-09,0.00121880528979948
0.918546274707456,9.42236936979001e-05,0.0362811458347649,2.11097276971027e-05,0.0401411476766732,1.12534640093989e-06,0.00491497301330988
0.0374527220484517,0.962314110507935,4.4240058747386e-09,3.45177887788843e-10,4.85384125193308e-06,0,0.000228308833177378
0.00887227651356232,0.000979333588552335,0.00581881121902928,0.00996632625156072,0.971340162825676,1.25185549729933e-05,0.00301057104664609
0.971617275745964,4.60566327497263e-06,0.0268953518729165,5.55390540921795e-07,0.000334669091294592,1.35339548910476e-49,0.001147542236009
0.554920649057575,0.123889506506688,0.00120813029705705,7.18126325133818e-07,0.00704839935368804,3.1549661694967e-49,0.312932596658667
0.000169977510099507,0.830323922386308,3.60843661374134e-08,0.00144141069292692,0.165483160338457,5.43991690182412e-52,0.00258149298784244
0.000638428479542585,0.0117648671301203,1.00034817862309e-06,0.00191384834524848,0.985399892235029,5.73496997099187e-08,0.00028190611218169
0.00087730779735723,0.000472221570538484,0.00237988160538704,0.0115848457542526,0.164475110448308,0.000898913008342433,0.819311719815814
6.02653254750609e-07,3.97407913644295e-10,0.0129754623237163,0.00665667023144631,0.000133685453100494,0.979617462170954,0.00061611677012042
3.32744275110659e-07,5.18943564414571e-11,0.0105951805192265,3.62747622447815e-07,0.00022534712404942,0.989174764947523,4.01186540883672e-06
2.10871824464451e-05,2.35018475910233e-06,5.85103962117586e-05,0.208839963705963,0.00101203489218446,3.47087665510389e-44,0.790066053638435
2.66322582767649e-08,9.72526897562990e-11,0.000319687119768981,0.00294220022726199,1.15062451097197e-05,0.996545623721861,0.000180955956487472
3.25419881540045e-05,0.356403898213111,4.57279796031568e-08,0.00305731835718559,0.000454873834449242,1.71606857526678e-49,0.64005132187912
0.244674846197049,0.00162433013479469,0.0150553861122961,0.00164472117582261,0.705821145249188,4.27039970489227e-46,0.0311795711308488
0.000347098114530184,1.05662188280477e-06,0.00800153214948826,0.153365711092469,0.0964977480597819,0.740361423943388,0.00142543001845979
1.72790837631479e-05,0.00201976343383339,1.60080553462748e-07,6.86492650796061e-05,1.24315805039456e-05,0,0.997881716556266
0.301607211242543,0.169900186765797,0.000172586546948926,4.67680348078491e-08,0.000504865921507483,1.34036671000084e-10,0.527815102621132
0.0563395200797738,0.0012936181647318,0.000112122460858597,0.000592889181373378,0.94142364347321,1.82686325455606e-07,0.000238023953727065
0.729516641631496,0.0640259098917781,8.81475717556094e-05,4.16535920741775e-05,0.114887975619102,4.21002375350324e-50,0.0914396716937941
0.3587214082541,1.87906554096291e-05,0.554071693577202,4.06471399599326e-07,0.00113097690001495,6.06650498762495e-46,0.086056724141874
0.640541676121992,0.141660809829611,8.67276595668137e-05,0.00119663945814984,0.0351313195607325,2.45720842892418e-07,0.181382581649106
0.836797769121466,3.57720354285319e-05,0.154171312359582,8.34350468479086e-06,0.0078648548820756,0,0.00112194809676326
0.00501501427548144,3.70200113658932e-09,0.990623200943462,7.19757655456744e-09,4.67116462016054e-05,0.000199487494974743,0.00411557474030241
2.01836970217739e-08,3.86198457666423e-10,0.00573246762503349,0.0169650769107523,0.0196396201583495,0.957644786366203,1.80283697663588e-05
8.51057821037531e-06,0.0447138689387023,3.59826919040121e-08,0.874992285123788,0.0627616061657371,3.70028588143132e-08,0.0175236562080118
0.000229589373377132,0.804400538362967,3.43355834663371e-07,1.25511463342038e-05,0.00121071699381809,3.38384084133351e-11,0.19414626073383
0.000642135860603615,3.93002427658401e-07,0.516749745005839,0.0253056424523822,0.325454586791387,0.129465449997242,0.00238204689011772
0.0235336727229571,0.000362891080523731,0.0122956530417336,0.00021799003990178,0.00721901976122867,6.64732969626651e-05,0.956304300056693
0.00389681666874044,2.10692804205729e-09,0.995220642496361,1.87349407044686e-07,8.42996158716846e-05,0.000562651270149794,0.000235400492541656
0.00064011596686853,0.000215296754602481,0.000226566160932316,0.149407374349282,0.845036135146769,1.18586653017665e-44,0.00447451162154533
0.0488323523902817,7.48546884758413e-07,0.90076749689106,2.87130887238281e-07,0.000704812363633961,0.000675789472932044,0.0490185132043207
0.0188624665557858,9.03758879512792e-06,0.0418497610134485,0.00031193749057323,0.938753791339462,0.000103025545212343,0.0001099804667225
8.01977595548939e-06,3.46567386710533e-08,0.0229234856017943,0.00539772282999904,0.0208356197032652,0.949920625623858,0.000914491808389221
0.00115744292362198,0.987615055084767,5.3713107740384e-09,0.000655048521332365,0.0025899740154582,6.23266277059626e-52,0.0079824740835099
0.132507626214589,0.000609109022895892,0.000768449453894401,0.000177975608737991,0.864342698704273,3.65739213615924e-07,0.00159377525639596
0.00203764987941125,0.985386880161698,2.3231749698372e-09,7.29025875816785e-08,1.84009556935786e-06,4.38913302558933e-57,0.0125735546375586
0.000328346981733659,0.226497868451608,3.40914613709434e-06,0.108813283437505,0.00857635733355795,3.38842996267226e-49,0.655780734649458
0.00245014258498539,0.133516470400428,3.21448151411932e-06,0.0104946012219078,0.00424913386543544,0,0.849286437445729
0.0735131512343235,1.93029154221333e-06,0.680465381578095,0.0104097959531532,0.113647615013684,0.0407136640235843,0.0812484619056176
4.00434569999425e-05,3.2322589133206e-05,0.000138371287005104,0.0572103605762316,0.940453251221837,0.000690215135498888,0.00143543573329455
5.09944134151402e-12,5.26995015008901e-12,1.75393046957547e-06,0.00352411270410554,2.10994857771026e-05,0.996452341925195,6.91944083534316e-07
0.000353968665523759,0.000126634675764353,0.00374138371241612,0.00312012842651807,0.992372507890637,0.000203794289124731,8.15823400155341e-05
0.209318968857029,0.00616964161649914,0.0174605660597228,0.00014500762030827,0.261599014824328,8.23141947691651e-05,0.505224486827343
5.9545174170422e-08,1.72395155851708e-10,0.00277749526208699,0.000739892899083219,0.00166533186756162,0.99480969844918,7.52180451848954e-06
0.323087522499876,0.000594555148828647,0.000599193826696776,1.25571034965753e-07,9.94732153448052e-06,2.31334086947788e-09,0.675708653318689
0.000638304946132391,6.47288058856849e-05,0.00555801582817127,0.00725031167314228,0.00437176229582156,0.000917417226851541,0.981199459223995
0.0421481194384848,0.000319369050214845,0.171792199800924,0.000266572983599198,0.211446620916432,0.00161910389924609,0.572408013911099
0.000931319011455562,0.152393832840941,1.19320824378773e-06,3.87458790125694e-06,4.50601014878908e-05,1.62943260976904e-51,0.84662472024997
0.0523772573404552,0.0164072612499768,0.00849096048720824,0.0167150298736894,0.0816684031177588,9.06244571812221e-06,0.824332025485193
0.0254001560876409,0.000493731327115321,0.00231955889563031,2.25250342185239e-05,0.971161065095121,2.08351078143112e-06,0.0006008800494922
0.015569333788973,0.003625902856137,0.0012108704752739,0.00230751583949495,0.000778994334639502,1.56505770014242e-47,0.976507382705482
0.732834028116438,5.35688617435263e-05,0.17625993030062,5.25941868495519e-07,0.00125950613034355,0.000169121850491317,0.0894233187984957
0.000876472791470249,5.472557907146e-10,0.979962620425727,2.0370635336942e-07,0.000198520352147082,0.0187745492789716,0.000187632898074376
0.000378318382684819,0.682994584034713,1.59938187596766e-09,0.0107546470447092,0.305607310646165,1.72541204896752e-52,0.000265138292346466
5.978571152388e-09,1.06400008005052e-10,0.00139809953121761,0.000275135479184044,0.00010601153982199,0.998188206586147,3.25407786577114e-05
0.00292869990509552,0.00220467068323242,0.00182868158320365,0.000763393318064224,0.00671597359544767,1.42979825641774e-05,0.985544282932392
0.00260925402898706,2.53924164513816e-05,0.0539573648911526,7.37653530817233e-07,0.00146382825574031,0.00159670764449892,0.940346715109639
0.000955595550557732,5.29137168797324e-11,0.998272989012028,9.96529241190527e-09,4.49745023527687e-06,0.000613720221472937,0.000153187747500144
0.467770803115612,1.41091016055599e-06,0.524526038878591,1.6992993533888e-07,0.00754345215728224,1.59733288841979e-05,0.000142151679534961
3.09833762711946e-07,7.88053475481543e-10,0.0217012435389393,0.0518331028007512,0.00207564065640178,0.923973033593725,0.00041666878836625
0.171610947199113,0.0411324498529578,0.000343580558424466,0.0021440708922849,0.173609028242301,1.28447955216707e-05,0.611147078459397
6.88429737500684e-11,2.57496622284307e-09,6.56995922874664e-07,0.996389100608665,0.000213402631305086,0.00337207800086362,2.47591194344475e-05
5.8438006553748e-08,3.34917219714705e-07,2.63969911650509e-05,0.649634514765271,0.0133824750755447,0.335095176120978,0.0018610436918152
0.000978191158906511,5.60267165647385e-10,0.994794622779149,4.05744684191754e-07,1.15980629065782e-05,0.00148569696353687,0.00272948473054964
0.00542126795583521,0.00243298972551825,0.016475716783418,0.0374905791538172,0.177875603122274,0,0.760303843259138
0.0110395396029828,7.08165455144924e-09,0.987981774305996,1.17020424927963e-07,0.000157348307236549,0.00043779763139766,0.000383416050307676
0.00359400584729642,2.30956986296776e-05,0.118745963069048,0.00333852126574221,0.864142581339444,0.00374780931463132,0.00640802346520888
2.50621160974247e-07,2.24510387308909e-09,0.001237180160369,0.003694754452882,0.00365067099112349,0.991389258079071,2.78834502897076e-05
0.0179167393859185,0.15918994640947,3.07588388012847e-06,0.000696777728702191,0.820612856459288,1.54598457332442e-08,0.00158058867289595
0.00514526262780839,0.874450984112138,3.65453986529499e-06,6.03420145853016e-07,0.00928501140508267,0,0.11111448389496
2.64113124038412e-08,4.20404134382004e-05,1.36946959485088e-07,0.98290851569521,0.00935152194415688,1.22216836348993e-45,0.00769775858892272
2.58936257345585e-06,8.14067316857029e-10,0.0177390078655253,0.00580182419713395,0.00256612030287909,0.973427738949747,0.000462718508073606
0.0258816773451424,0.00256758804072277,0.0124390041933154,0.0214581441490267,0.892067842805954,8.98748746473227e-06,0.0455767559783741
0.314013802213713,0.0218725824296095,0.000105122913745691,0.0346309525933249,0.0353744259499814,8.91996620040547e-06,0.593994193933425
3.9648105878233e-07,1.28681916349822e-10,0.0327631005670415,0.000159887588440796,6.85986600238837e-05,0.966809043537479,0.000198973037274025
0.00157103991324034,2.14159006218733e-09,0.97194187916045,7.07217684218974e-06,0.00406870313702819,0.0223026352818221,0.000108668189027152
0.220891635459667,4.7295395849281e-05,0.633075085330635,1.57647779001827e-05,0.136116108706174,2.73040527704183e-05,0.00982680627700345
6.10795615073926e-07,6.0839261990103e-11,0.013840609444765,9.21418852683678e-05,0.000229028997862768,0.985812738519927,2.4870295722919e-05
0.000357511266797061,0.00101222522008791,0.000351333022193105,0.0323097933281431,0.958134455748857,9.52118345412913e-05,0.00773946957938032
0.104004487159174,0.745334548456703,5.44020658057639e-05,0.000634955313647369,0.105107161321078,1.15670171141888e-08,0.0448644341165748
0.000121640132692206,0.999877294686759,3.44784794059588e-14,7.55947159615716e-11,3.46815120055253e-07,0,7.18289799542391e-07
0.171780150140421,3.58913285120857e-05,0.731449429822735,7.459089605914e-07,0.0305024571594969,0.000103858118413965,0.0661274675214599
1.91970901157675e-05,0.0984673917249634,1.96660020092573e-05,0.0788163374908321,0.788904204539061,1.39303859027672e-05,0.0337592727671157
0.896424794464949,0.04965391391766,7.43184759841186e-05,2.24203733616206e-05,0.00354660318936194,3.48476235611759e-50,0.0502779495786836
1.07823034103527e-07,2.84170122759087e-07,6.31088898818892e-05,0.859639408946629,0.0221425297071105,0.116075407497517,0.0020791529657042
0.112750261367456,0.00500277131676572,0.00457775257000564,0.00084471881795818,0.62676723007498,5.09577117379534e-46,0.250057265852835
0.000288725492350878,1.85453816185366e-05,0.0240454676314381,0.191705471772032,0.169411737872614,0.192472607305036,0.422057444544909
1.79563805849737e-10,1.30306798652639e-11,0.000135167433810757,6.00139172783027e-05,0.000140554859450912,0.99966387781125,3.85785615936016e-07
7.34224063351123e-05,3.79785814029402e-07,0.299520079069157,0.015483075015848,0.020883091242892,0.647944135177762,0.0160958173021911
0.0103686465755428,1.98820175461662e-07,0.967475583793792,9.58612072655674e-05,0.0116677468225264,0.00641426334763066,0.00397769943306672
0.00109639133743942,0.000244104713705942,0.0395949680828509,7.76737636475845e-05,0.916665997940949,0.00196316160931247,0.0403577025520949
0.00711891266656288,0.048278470080538,4.27175830915352e-07,0.000535298118965429,3.11749732314208e-05,0,0.944035716984871
0.205416446348882,5.21676036340706e-07,0.675558224581657,2.30505955185442e-06,0.118518376402322,0.00026551509527793,0.000238610836273578
0.0858375703647789,0.0103956985255083,0.00254513175103024,2.01261180662657e-05,0.0492371015265516,1.8632540797543e-47,0.851964371714065
5.96308416159449e-09,5.57663052931723e-12,0.00106662526723609,0.000934725615838596,0.0002666997608553,0.997725718785554,6.22460185501024e-06
0.00419378107015407,0.000278522377515008,0.323952013069833,0.0113680898972003,0.12138491722442,0.00405777423108127,0.534764902129796
0.00109244584193883,2.98635697777181e-08,0.895900133500032,2.29940628282003e-06,5.06673733925529e-05,0.00133809677454566,0.101616327240238
9.29952259709778e-07,7.81345678424987e-07,0.000673549448200838,0.102755921449367,0.00221945238597418,0.825689941181771,0.0686594242367492
0.00439482670031636,5.99301862677159e-07,0.701379423074152,0.0120050136308526,0.0869801308428304,0.152550788068013,0.0426892183819732
2.32246224990733e-06,2.3867048866157e-06,7.92073808903828e-05,0.710683348368749,0.00655438873459344,0.0419240212297584,0.240754325118872
0.000966722058233904,0.00163137316677836,8.80971126888598e-07,0.179882810058154,0.817404865771185,1.95761463294286e-49,0.000113347974522304
0.642256645713583,0.00543219093046566,0.00322675516147238,0.000378145289432695,0.0313411343888078,1.99488976242777e-07,0.317364929027262
0.277197519004426,3.07528096546186e-05,0.464803006643009,7.73270632637985e-06,0.210176630442935,0.0211709165648109,0.0266134418288385
9.27086379240536e-12,1.9840096123425e-11,7.12921523789406e-07,0.31562179992829,0.000233404886111648,0.684142993546385,1.08868857854528e-06
0.0433719267702425,0.000290400260627241,0.179300867330185,0.00029965405780325,0.492628114526435,0.00355934776113472,0.280549689293573
1.14622899575175e-11,8.64405138401539e-11,1.0726433573419e-06,0.548380513206016,0.00033633105590337,0.451279722097523,2.36089929744694e-06
1.57735358649868e-09,1.64606967270125e-12,0.000122646424373394,0.000288752336226613,0.000101948721268332,0.999485504145068,1.14679406355518e-06
0.00377964263828681,1.87908626792092e-06,0.0773032381320466,0.81036413809236,0.0211479735824653,0.0220553121003192,0.0653478163682543
0.0299867152391349,0.9413372262016,3.80801888020483e-07,0.000323312381037318,0.0232809308293998,0,0.00507143454693984
0.000304553673022659,5.52700863903252e-07,0.0162143471703526,0.00537555856046892,0.970893811252697,0.00714670132439891,6.44753181965065e-05
0.00510671668890953,1.43516186460867e-08,0.987653140778764,1.70377659587626e-06,0.00070438630508725,0.00250095406049037,0.00403308403853467
0.224883577453435,0.000930579050314313,0.129154798676183,0.00724118013229313,0.611161030262629,2.38411321724739e-05,0.026604993292973
0.000527057331464054,0.993677427512346,3.75202412731635e-10,1.00026728900597e-06,0.00014597652243776,7.37692407759169e-16,0.00564853799126026
1.37336382913755e-06,8.23297089437932e-11,0.0466672835713258,3.19446942552789e-05,0.000552323588338813,0.952717462012076,2.96126878454921e-05
0.912027586637585,1.62305075370115e-05,0.0683433483893733,9.81254119574003e-06,0.018650720772215,3.94474277811958e-07,0.00095190667781656
0.000222263656770804,2.07907856648384e-07,0.110958681162009,0.000415781539141386,0.0104666183034356,0.87280266634233,0.0051337810884564
0.467446590558226,0.0630173290267694,0.000143269931387258,0.000477386877980641,0.00152783552949177,4.0518210459106e-50,0.467387588076144
0.0030855380398288,1.93457171081576e-08,0.988031465922284,8.16812786453854e-06,0.000681951730657961,0.0021039099552031,0.00608894687844481
0.00144242306789931,0.878551402119373,1.77338094168564e-07,0.00142252102919582,0.0163568221744018,1.36735264267781e-50,0.102226654271036
3.30882805455411e-05,4.41112388507487e-06,0.00999339543237894,0.000302833468442331,0.000712465874832615,0.0944414211368424,0.894512384683073
0.00756161929680559,0.712992834813441,2.14905999285329e-06,0.0034364370761328,0.00345575846745216,0,0.272551201286176
0.00213460461033031,1.13531688667549e-07,0.987964122590358,3.4173036568851e-05,0.00177011300239798,0.00210781953550838,0.00598905369314766
0.00101012020066503,1.0217504117152e-07,0.775177775062308,0.00195094439424374,0.0250178032735031,0.178677519233614,0.0181657356606249
7.41195249028865e-06,2.65441310368195e-07,3.77677725972107e-05,0.0763494438761748,0.906369161661345,0.0171934865397444,4.24627563381035e-05
0.868059878694032,0.0046054223590662,0.00134181260431347,7.19150084013104e-05,0.0839876387041428,7.59080091363559e-08,0.0419332567220354
0.928484214698068,0.0623875980297169,2.47304607847765e-05,4.39453883030769e-06,0.00315469810898642,2.218623040027e-53,0.00594436416361422
0.593419491116049,0.00267053574030467,0.0229538593917783,0.00229017112148774,0.337026491797219,1.62084049199898e-46,0.0416394508331611
0.00975752458270444,0.77762936701114,1.19551781188406e-06,2.31188260599974e-06,0.00215005000532751,1.70729624034789e-52,0.21045955100041
1.09866650324895e-05,0.0019698900973166,5.53924773776474e-06,0.896700507817799,0.00991504208129384,1.93884716684354e-46,0.0913980340908206
1.48771161633732e-05,6.04841012659257e-08,0.182404978215296,7.34159343912916e-05,0.00816517829098856,0.800982473173279,0.00835901678578013
0.00882919447236712,0.000329184556886964,0.00100081827368511,0.000954482250561876,0.021210653999374,4.9957323004001e-46,0.967675666447125
0.0538600755737687,0.943212669807824,2.11881353063659e-07,3.60432007023934e-08,0.00255674918510141,0,0.000370257508751729
4.7945401851752e-05,0.339457019035268,1.21554706060042e-06,0.0877929190608892,0.0747493645616505,6.82195510700223e-07,0.497950854197769
1.70029051387471e-07,1.52040879976251e-06,5.58291634034065e-05,0.990927013512938,0.00812547661171138,1.76530339196719e-45,0.000889990274096056
4.59751594980138e-14,2.40437819100267e-11,2.60925270581562e-08,0.803533212313014,1.67666447124616e-05,0.196448715114277,1.2798113800188e-06
8.18564968828002e-09,1.30320217169143e-08,6.74944112529814e-05,0.0757219775871589,0.0157938777254967,0.90836537358486,5.12554735598808e-05
0.0163676469946208,5.6319818159267e-09,0.980282208940918,1.46853947706158e-07,0.00272022782778028,0.000450835633827134,0.000178928116924587
9.24081801591699e-06,0.999975116648538,9.11929132972007e-14,4.3546439786207e-09,1.15829137535092e-05,1.51433612150112e-60,4.05526495765263e-06
0.982636574799265,0.000249151884456062,0.00828825785471094,9.50825668413968e-05,0.00387551553061499,4.19674250613208e-08,0.00485537539668598
0.770980102629235,0.0162640095694911,0.00212835840673874,7.94798748558172e-07,0.0154624804615866,4.29067494061594e-49,0.1951642541342
0.0237229695501026,0.269366457156035,9.16681405493886e-05,4.09591686225268e-05,0.0192659016801827,3.83865121176233e-09,0.687512040465857
0.13703300302427,2.97862293766351e-07,0.840773018653372,0.000369080199311625,0.0197061211872936,6.50942210066838e-45,0.00211847907345823
0.00105692074188134,1.00224496517305e-07,0.970952703325559,0.000204328018943022,0.021412007346476,0.00407149787808834,0.00230244246455607
0.000575115752549002,2.85509033661307e-06,0.000433258559438129,0.000747608934478788,0.998208925779642,2.18517654217112e-05,1.03841181338871e-05
0.327736729292484,0.0991261146244528,6.45429233456109e-05,3.09384198766819e-07,0.0026869942672436,3.92455887824114e-51,0.570385309508276
0.044748937677198,0.00162546376418314,0.00348552132842544,0.0132679749719414,0.934547081159443,1.02028626152125e-06,0.00232400081254726
0.00163667880568477,3.29661106235127e-07,0.710995033171873,0.000586168949436119,0.03434175927707,0.24861373073899,0.0038262993958405
4.41550357861657e-05,0.995499013703592,9.3475807101727e-11,0.000265168804983119,0.00023271586167418,0,0.00395894650048925
0.00193720980356297,9.0905853516755e-07,0.837591391381693,0.00647141499412488,0.121885034917498,0.0297633761068299,0.00235066373775616
0.323130723634696,0.000102489837072177,0.293511383127419,2.21657994637977e-05,0.27843033310766,0.000166866481383756,0.104636038012307
0.963157076473862,7.23996905175062e-06,0.0301691903163222,3.71958620080467e-08,0.00650372624383465,6.35113472748231e-09,0.000162723449932528
1.79854883004797e-11,1.56875145077839e-12,6.87794030582736e-06,0.000183304551764045,7.00771133968511e-06,0.999802609911575,1.99865460947504e-07
0.0475203466001136,9.60741625482942e-06,0.920244657278176,6.49116044928948e-06,0.0192210125910238,0.000918888984064001,0.0120789959699182
5.88436736773193e-05,1.71955301254416e-05,0.00520121238091517,0.760741929280669,0.0965931318496482,1.30462282689432e-41,0.137387687284964
0.00067430295643456,1.3785498819434e-05,0.0257031742792391,0.398236625563859,0.0654609360822145,0.33245397072824,0.177457204891194
1.7782580871292e-08,3.7402194135737e-08,1.42299530984053e-05,0.0322401311983684,0.0455127505881375,0.922193732789828,3.91002857928769e-05
0.0294764506458614,1.58221834382933e-05,0.00204277209516938,1.14886291031088e-05,0.96843990197568,6.1125589344262e-48,1.35644707474521e-05
0.277668603267113,2.72297747234196e-07,0.712090232754326,1.77584515343667e-07,0.00878127748093744,2.59105534321151e-05,0.00143352606192885
0.000221585038115806,0.00404329622668001,6.33760660253218e-06,0.133000268825012,0.000433763045317668,1.21560651766025e-06,0.862293533651755
2.87829704558404e-06,5.2984021991345e-10,0.0591266744048848,4.203032880461e-05,0.00574017797994797,0.935081147138018,7.091321458672e-06
0.00052954046162866,1.5582180180046e-05,0.0114573953181895,1.56653094627534e-05,0.00010813479441396,7.45486993701917e-46,0.987873681936125
1.35873620216365e-08,8.9721937089024e-09,3.28066778224255e-06,0.999119500586107,0.000432439407200857,2.64564654634329e-44,0.000444756779354374
8.97949462387664e-09,3.12750736483838e-10,0.000157872872462754,0.0591150843703546,0.00134989354951482,0.939358505705214,1.8634210208781e-05
0.00100369425124005,0.000170740742438906,0.00392573478393599,0.00121766186505181,0.00531248539093066,0.000245829926266349,0.988123853040136
0.968704009500862,0.00575059696903484,0.00225688379559849,0.000100856470138717,0.00385733684843812,3.60046254060975e-48,0.0193303164159283
0.000331070606558052,0.996410994047987,1.79991933652846e-09,6.04212016338694e-06,0.000675127380687239,2.65133116676407e-54,0.00257676404468508
3.86472818085444e-08,5.72078088862768e-11,0.00124345430815551,1.40390667733456e-06,0.000456270425103369,0.998297148896078,1.68375949610164e-06
0.407739093048165,3.6438003401349e-05,0.504615320476328,5.76143331531037e-05,0.00522148496294836,0,0.0823300491760042
0.000114190269859946,1.17997437176974e-05,0.0002538182111363,0.955128908622866,0.0194927283150815,0.000284596305212994,0.0247139585321253
0.000844549365010099,0.974433509982813,5.23265522673975e-08,5.7985768123702e-08,0.000653749681667097,1.33534913361763e-12,0.0240680806568537
0.272545423702979,2.82481908623916e-05,0.529402107122937,2.32545882748937e-07,0.00114672170599337,3.33969433538321e-47,0.196877266731346
1.64965889354381e-06,0.00717718531352864,3.34200862254269e-07,0.0224540591460866,0.00120626972703187,4.09902657613264e-48,0.969160501953597
2.57595835894371e-06,6.73492903178403e-05,4.31413122841075e-06,0.372573711228973,0.627080177066757,1.07767737715873e-05,0.000261095550593967
0.00562853082746595,4.56763471691232e-09,0.976193384198852,1.94141120140746e-07,0.00996009767204378,0.00809729156409889,0.000120497028784811
0.0140558629258999,0.199022281863143,1.21170739721069e-05,0.260101515315395,0.0611329922143992,1.13229718703808e-07,0.465675117377473
0.000129050516082388,3.5276154650016e-12,0.998167643917527,1.55717995753696e-11,7.84949162522012e-07,0.0016733915102538,2.9129087874518e-05
0.135154949842176,7.17159390610203e-05,0.167275144712277,0.000594595121326753,0.669808410061633,1.36452893053651e-44,0.0270951843235258
0.997425680883039,0.000175328234108067,0.000871837604396344,6.3142859029402e-07,0.000838371739602014,3.21950157393999e-51,0.000688150110264357
0.718602482864944,9.14905683820961e-06,0.209415827297314,1.83013946853006e-07,0.0716716720019289,1.03436815493023e-06,0.000299651396872544
0.00201997658901735,0.042983765076003,0.000348568063195434,0.0753850952437209,0.820523260403293,2.39316457591321e-06,0.0587369414601944
3.2120978101624e-10,2.69262802765784e-11,5.76573724621418e-05,0.00141644483237957,5.59469892699989e-05,0.998464394350053,5.55610769896814e-06
0.00016881483438391,0.899381412351014,7.94725333760487e-08,0.0103863230682321,0.00202672389581383,2.70673736346902e-50,0.0880366463780224
0.0158465866932963,5.55497035270258e-09,0.983508915633543,5.36872664868425e-09,4.15554116845367e-05,0.000104012720587348,0.000498918617191307
0.00310890867360316,0.991108976524327,3.70340958112279e-09,4.8014997869706e-09,2.64258733395451e-06,0,0.00577946370982701
0.000516453776153243,1.94801321091767e-08,0.820443456852959,0.000530700004545722,0.00829683687116699,0.165668873582674,0.00454365943236865
0.000885528291346064,6.38184718456587e-05,0.0399952778742842,0.0431318253204812,0.80657921557496,0.0644463628640834,0.0448979716029998
0.00120342117006478,0.151110990905945,2.28332179649154e-06,0.0336949631821049,0.762401201262808,4.62246339556091e-50,0.0515871401572802
0.865751005525602,1.93645793348758e-05,0.118337478842708,1.22641415472734e-05,0.00120216987221137,3.92405152777662e-47,0.0146777170385965
0.017302727588266,4.83847907277542e-06,0.0326885273988747,0.00131319195089721,0.94754576104783,0.000802886523918209,0.000342067011141043
0.949020935514833,0.0493233547212722,6.16889564586065e-07,1.68138415431999e-06,0.000285836477883852,0,0.00136757501229245
0.00050799338695167,0.000124707153009421,0.00100611644817394,0.00056497257477301,0.00167759804382839,5.55616443753874e-46,0.996118612393264
0.119716540999622,0.0109590446700396,0.00110464868599883,9.47382396324659e-05,0.86638696299591,4.36274815818137e-49,0.00173806440879683
0.000232433282780124,5.79206844511938e-07,0.0509234439682071,0.0113892337787019,0.101651389087339,0.83018299832758,0.00561992234854791
0.000402941450656067,4.25522053254405e-08,0.871063029064042,6.1523809098187e-06,0.00148928237283941,0.118447116240733,0.00859143593861417
4.87895916036805e-09,3.42419809752231e-08,2.59313709670597e-06,0.994765515246219,0.000135551857010261,0.0035381756978434,0.00155812494089008
4.408548136877e-07,6.67287182995034e-12,0.062030984134437,2.0184916874588e-06,0.00017894025502797,0.937781412531498,6.20372586275319e-06
7.26213593467655e-08,7.52141478581034e-07,1.53179338231407e-05,0.965260400246447,0.0291586980967382,0.00545259012362123,0.000112168836532003
0.000562391558133573,3.68827158674203e-09,0.84955453657637,5.36471910347808e-06,0.00442891529362565,0.145168856185119,0.000279931979376142
5.2145393889253e-07,6.36083931802371e-10,0.0155896915945475,0.000280889974276116,0.000626716939174817,0.983012245016893,0.000489934385086125
1.47919671217907e-05,2.09081707762338e-05,0.000435395665557982,0.948442805382424,0.00721408559468445,0.00659089171367251,0.0372811215057631
