0.00920087046231454,0.000312776077329798,0.960621266482172,0.0298638894320411,1.19754614224501e-06
0.000452071964000562,0.571509745032481,0.321148098920645,0.106881285657363,8.7984255108751e-06
0.000301256924200834,1.89049793772021e-06,1.54463437665668e-06,0.999695307943484,7.71929855914093e-16
0.0411531518854742,0.239183082996143,0.708641370605919,0.00969082981787087,0.00133156469459213
5.35428532950706e-06,1.86721249221291e-06,0.965161985339649,9.63761250263043e-07,0.0348298294012794
0.0236827432897878,0.00147739650456006,4.91814422618336e-05,0.97479067876178,1.61046414410038e-12
0.118263311793916,0.0100496074810909,0.00747115172949372,0.864214338661331,1.59033416875628e-06
4.64052461225856e-08,0.000138699402444835,2.45824824106114e-07,0.999861008367485,1.36703325822857e-100
4.11835898917117e-08,1.70142616773048e-06,0.989598961059357,1.69908917658394e-07,0.0103991264219676
9.98992737044132e-06,0.000179963466767304,0.999036755322857,0.000163016453555683,0.000610274829449462
2.29053793349556e-05,0.0160027373414098,0.532764097454803,0.451210259824452,4.45206217834206e-87
0.00341108689909156,8.35270232370944e-20,0.956867768761939,0.0394665485183203,0.00025459582064881
4.70863645514692e-05,0.183562040227055,0.708340461680435,0.108050296939341,1.14788616724542e-07
0.981088203653419,2.04202861389164e-16,0.00398898222054421,0.000334496593805383,0.0145883175322316
0.00830023276296634,0.10496073226219,0.00101224715549374,0.885726155607998,6.32211351700324e-07
5.89851973720389e-08,0.0074662871507813,0.986310784939297,0.000451508993356864,0.00577135993136761
0.994222875680459,3.74827389591523e-22,1.2059418679666e-07,3.1585700309784e-07,0.00577668786835096
0.55809251112194,3.38817398755071e-19,5.68068236465649e-05,1.81467110899539e-07,0.441850500587303
0.0391016315560015,0.274627523360661,0.503085080328599,0.183136779691026,4.89850637127024e-05
0.973160522168134,0.0196333916011273,0.00370269504158707,0.001801673462039,0.00170171772711271
0.000681300994459947,2.53169456242044e-21,0.990359423084775,1.19319891513284e-05,0.00894734393161368
0.000823491262279834,0.225896319601979,0.00137816730819934,0.771902021827542,3.85198727730406e-93
1.57132244255044e-06,1.04483100286838e-19,0.982830729453455,0.0171676992241024,4.94497242243716e-88
0.619257194624673,0.00163962799465286,0.348946461997187,0.00167369505520024,0.0284830203282875
0.000597753507622311,0.946066737810646,2.23334353908789e-05,0.0533131752299203,1.64209620041149e-11
0.483467930275008,0.491653852512834,0.0109743082177131,0.00334002198662359,0.0105638870078215
0.0124186204480407,0.00326005756096712,0.000420581346952824,0.983900740525461,1.18578654534106e-10
0.959802463144732,5.18474876002939e-20,0.0002063501812544,0.0399907807179094,4.05956104423618e-07
3.71795001986578e-06,0.0404368407214085,0.107061808800636,0.852497631095037,1.43289865864928e-09
0.848857083264478,5.87063758458814e-22,4.61253691238915e-09,7.28816685381669e-10,0.151142911394169
0.354716592657528,1.20442545010607e-16,0.156485067591919,0.0123958378213922,0.47640250192916
0.00140958951324122,2.07181930075458e-05,0.170666780084988,1.45047156066725e-06,0.827901461737203
7.36845470943763e-06,0.0328986298963193,0.0541166230980531,0.912977355427244,2.31236744202705e-08
1.43659252975397e-06,3.82172150926686e-06,0.99516359711847,4.57509243754327e-07,0.00483068705824736
0.00146837922348492,0.873551769185934,0.0100163172842827,0.114963194665197,3.39641102088769e-07
4.24873987078303e-07,0.0070027962387595,0.062686402403515,0.930310376027256,4.56482536865834e-10
0.999171811612689,7.25449513683395e-22,3.10691978920761e-10,6.88938834629723e-09,0.000828181187231054
0.000800767995227123,0.879292423898718,0.0190868254095381,0.100819981211705,1.48481205960494e-09
0.000985840039141039,0.0168679128533242,0.871995289237941,0.110134680231636,1.62776379581776e-05
0.999851288906384,4.66187269086107e-19,4.77237435098585e-07,1.25410428720999e-06,0.000146979751893808
2.90826610855523e-06,0.000243651059092076,0.0001520673079674,0.999601373365837,9.95372554709796e-13
0.00302241296797001,0.99487187833275,1.44123391542723e-05,0.00209128451866495,1.18414610015278e-08
1.13498789156819e-06,1.85847866640909e-05,0.0431734914342639,0.95680678879118,8.6665828852862e-91
0.814251988667627,0.151768504090533,0.0038738124211508,0.000109515082731461,0.029996179737958
0.0038775478092082,0.958529466521649,0.011791439122888,0.0257999644694568,1.58207679815445e-06
2.99054789370616e-07,2.65072575026035e-06,0.999176312459383,6.868995587762e-06,0.000813868764489727
6.68998812709049e-07,4.3751061999658e-06,0.99310600039522,0.00688895356126859,1.93849891921279e-09
6.83118791511267e-08,1.71720048994782e-22,0.984296414295263,2.13367990356131e-07,0.0157033040248673
2.18707879893536e-06,3.35765739175912e-05,0.999741359718326,0.000216895359773397,5.98126918455997e-06
0.330244628849861,0.0010714888427791,0.305659934330919,0.361959855162576,0.00106409281386548
0.00217309659352714,0.0441870628640501,0.0552500735884659,0.898389489148624,2.778053325368e-07
0.000768700056134807,0.661436393938082,0.000852793626078728,0.336942101433428,1.09462766983606e-08
0.998125051383507,5.91164712438898e-05,1.18726363747779e-06,0.00180374928141961,1.08956001923878e-05
2.13904174781971e-06,0.904142521286615,0.0870044036561707,0.00885093118206438,4.83340210024441e-09
0.00528196297131496,0.950379444847041,2.46729590524765e-05,0.0443139192225913,1.72623383059176e-89
4.02722724815181e-05,0.0321498645747143,0.747750740710572,0.220059006156029,1.16286202446988e-07
0.329685373050694,0.638064299529983,5.38146754685008e-06,0.0322449454471481,5.0462774563398e-10
0.999541082671582,0.000354039229674451,5.00166779254738e-05,4.91423772073215e-05,5.71904361096854e-06
1.99958634505188e-05,2.12805021288161e-07,0.00960034078364269,2.69809284805777e-07,0.990379180738601
2.93737558334847e-05,5.14531892837345e-06,0.759396962483139,3.97475364008285e-06,0.240564543688459
0.0336078632493668,0.00663905654627583,0.94934105025274,0.000872209374492286,0.00953982057712461
7.6968329203315e-07,2.83211107633795e-06,0.998073101551477,8.30267316711662e-07,0.00192246638683834
0.132746113085912,0.0235052114177094,2.3093822074583e-07,0.843748444558154,3.49760079982157e-15
0.00149611585389847,2.2821693091989e-05,0.0342558054882477,9.02514539879057e-07,0.964224354450222
0.000775177422428288,0.870176879949669,6.31573631723434e-06,0.129041626891368,2.17312291785479e-13
0.0191529051250158,0.00318780923001876,0.970192278781282,0.00196030748939698,0.00550669937428651
2.90112979758682e-08,0.000217864275115512,0.999009200380339,0.00077286677171062,3.95615363526063e-08
2.34115294231918e-06,0.0350935503447827,0.859217052154553,0.105686811765314,2.44582408004361e-07
0.000368400661771233,0.0055409404382488,0.977057265239408,0.0164116374911995,0.000621756169372603
2.22126385422835e-05,0.268536947781485,0.724163299393377,0.00689831715380357,0.000379223032791641
0.00774783549831782,0.595861288000802,0.384791023677548,0.0106777026271192,0.000922150196212767
0.0215043784942101,0.0252772255023047,0.0968055762293705,0.856408385760443,4.43401367183529e-06
0.0175262898580269,0.409687916338345,0.00127272292360798,0.571512765378527,3.05501492867892e-07
2.28505715723036e-06,0.00321409780511632,0.988986964031817,0.00775785910690857,3.87939990007699e-05
0.99988161509982,0.000104261053214748,5.22851672777442e-07,5.96000763996837e-06,7.64098765311609e-06
6.32162666197395e-05,0.00414759574120127,1.12240098844582e-05,0.995777963982273,2.14861846002238e-14
0.000267049308510365,1.68677358341376e-20,0.993849266905308,0.00588368378618127,4.26820238331958e-84
0.000194613305293698,0.0126959967815674,0.00480665516061009,0.982302726561094,8.19143496756956e-09
0.00024156266522564,0.101290669323995,0.0119131458599813,0.88655462049554,1.65525876015461e-09
1.30862984184717e-07,0.0524710211573463,0.351670506857915,0.595858340790588,3.31165993632103e-10
0.000413063072328082,0.000250148194614902,0.996380814070493,0.00244551319846124,0.000510461464103116
0.000316818429754912,0.998337821544308,4.55326258694955e-09,0.00134535547069228,1.98253182646367e-12
0.990822482655523,8.53217789851101e-18,0.00034836865072774,0.000281641022820856,0.00854750767092883
0.000605550890981628,0.999192759144753,4.85712597870943e-07,0.000201203958083474,2.93584180373378e-10
0.0181941520651607,0.039369953870066,0.16007544957915,0.782358715743569,1.72874205370404e-06
0.645127173179826,0.0116022798170454,0.00892440853377065,0.334337529723633,8.60874572464777e-06
3.50826539687283e-05,0.00120027730480166,0.99377119899982,0.000260833087623167,0.00473260795378692
1.15763554570098e-07,5.15565520015336e-07,0.999461670740203,2.38219237527658e-06,0.000535315738346744
0.000133526960533019,0.000129671349014808,0.901443659971064,0.000177310489378144,0.0981158312300104
0.999411565592627,2.43434729888101e-20,7.35998280297137e-05,0.000234811538114698,0.000280023041228675
0.00363024542941191,4.32863300741478e-20,0.00872521069261424,9.27117352122806e-07,0.987643616760622
3.24042082511784e-06,0.000618812987869837,0.00745350306618758,0.991924443477981,4.71362444365348e-11
0.0023606087871312,0.00341740549960652,0.00860244814236494,0.985619535484509,2.08638781688567e-09
4.31366676100336e-06,0.123584522453059,0.00727172948974337,0.869139432549054,1.84138259710182e-09
0.00100160977422811,0.000628100144573542,0.0192712382601909,0.979098342146393,7.09674614170575e-07
2.11834612013867e-07,4.34613291222047e-21,0.961518532689856,0.0384812206178329,3.48576992144219e-08
0.000227260531831077,0.78851395889172,0.0186613800274922,0.192597366621721,3.39272359792087e-08
0.0654147500663834,0.93365239543878,0.000250534539117587,0.00042311468881416,0.000259205266904812
0.00242095551142558,0.0327175333010574,2.96908631669461e-05,0.964831820323598,7.51912597141442e-13
0.828569138934933,0.171030095549253,2.78980364083188e-05,9.63440095451133e-05,0.000276523469859763
0.661116361029515,8.16634534084602e-23,3.49277107735019e-08,2.31887229912023e-10,0.338883603810887
0.000186829222381768,5.65323945183214e-07,0.00880032127006016,5.53334075871409e-08,0.991012228850205
0.712336493258307,0.260773587436329,0.00131233261698362,6.66218967022054e-05,0.0255109647916789
0.998948347752971,1.98508083621991e-21,4.34122492058987e-08,2.71865717052152e-08,0.00105158164820796
0.00757572203779091,0.987706050427395,0.00335270757522004,0.0013442784479813,2.12415116130466e-05
0.141437868011659,1.95560248541332e-16,0.0180957469488901,0.840466333474241,5.15652092869899e-08
0.965099798244169,3.0711580632215e-19,0.00951053632621368,0.000668797037771634,0.0247208683918457
0.0064156124089914,0.989588539339177,0.000427425510395117,0.00356703256106832,1.39018036782056e-06
0.000186178506148351,0.787554187237537,0.00562977347286694,0.206629860783448,3.7440611169451e-90
0.00467023272248166,0.117168623438182,0.00142558217963346,0.876735561644337,1.53659689584045e-11
9.92470141296561e-05,0.983422300219602,0.00113078913427014,0.0153476450774276,1.85545702643237e-08
9.09807125733707e-07,0.000616073157011212,0.998327297784556,9.03592616351359e-05,0.000965359989672025
2.38484905489887e-06,0.00154048566234117,0.00550775882336837,0.992949370665086,1.49142978284637e-13
0.000559281246419474,0.000788497080821104,0.958611788595359,0.0400366449983363,3.78807906421669e-06
2.79721541628055e-05,1.57573508506486e-05,0.99980177385026,7.12605159294095e-05,8.32361287972365e-05
0.981467701020025,1.18558565652799e-20,9.18866940668581e-06,7.08815882777686e-07,0.0185224014946857
0.0341807467869701,0.896721032753037,5.9952149850175e-05,0.0690382570760755,1.12340669782315e-08
0.00599723090056968,0.5368236602983,0.000886253732210435,0.456292852663015,2.40590549726887e-09
0.798810747897411,0.00190355907631576,0.114515680150319,0.00148328094845102,0.0832867319275034
0.148720792218867,8.93374099299286e-19,0.111093064075181,0.000831314948389239,0.739354828757563
4.56097886850709e-05,2.05186604414317e-05,0.996484943533256,0.00140252108398986,0.00204640693362763
0.996571029918631,0.0019124686632531,1.74771558062333e-05,0.00149875325529935,2.71007010056088e-07
5.64115283297438e-05,1.11933608566495e-19,0.988302083962765,3.39233877278569e-05,0.0116075811211774
0.00101143172132441,8.88128332942364e-05,0.200349123922342,0.798550605754206,2.57688324854896e-08
0.000950709443209627,1.34369465511523e-20,0.983015406898049,0.000160029081631976,0.0158738545771095
8.09692494279263e-05,0.472033869534194,0.000463669733200588,0.52742149148313,4.75742650287317e-14
0.998692973974936,6.30697181570861e-18,3.16326363623013e-05,0.00127400832802449,1.3850606771573e-06
1.10765575233599e-05,0.0791135078022668,0.26832536130701,0.6525500543332,3.62614967952476e-88
0.105976889161924,0.885106235348215,1.18926876540139e-05,0.00890464989090165,3.32911304745175e-07
0.00125370695730436,0.640025024229534,4.28640170470459e-06,0.358716982294447,1.17009697625043e-10
0.0142277890565226,0.00197277168474219,0.820598054585557,0.000466854526436236,0.162734530146743
0.976726397661223,0.00659875109514536,0.00187098831388615,0.0147838885167214,1.99744130242394e-05
0.408246548105182,1.06043921738331e-21,1.26013075638402e-06,2.3053535199702e-08,0.591752168710526
0.973603855973819,7.08467890220186e-20,0.00079760201745519,0.0255976608940128,8.81114712779039e-07
4.29150861301851e-05,0.981351985556437,0.0123924791477929,0.00621212291846628,4.97291173600672e-07
0.00967062341767415,3.66138251466342e-21,0.00520061016041587,2.1918667080672e-07,0.985128547235239
2.38682596967867e-05,0.998915869885412,0.000223869788797462,0.000836362103413028,2.9962681156203e-08
0.0624803572934539,0.281609191521145,0.63333742653185,0.0156392023408127,0.00693382231273836
0.865218116185157,0.110649677555703,0.00220657139538466,0.000571397503818442,0.0213542373599374
5.87238599967338e-05,0.808038094652857,0.171711004224041,0.0201917395319388,4.37731166419785e-07
8.52756205880229e-05,0.0021061932384355,0.00125278381065088,0.99655574693754,3.92785667193251e-10
0.0450441308156834,0.0127938034111533,0.907939749196383,0.034212134824431,1.01817523492983e-05
0.00126697720400818,0.964283802863503,0.0190661935430484,0.0153827447646136,2.81624827072293e-07
0.000345680525741995,0.600768809591003,0.387709740178416,0.00219386560586091,0.00898190409897765
1.06582292972248e-05,3.18762795189893e-22,0.0312458457498158,1.4516161843712e-07,0.968743350859269
0.00233600428158863,0.0298661691732407,3.85527631134139e-05,0.967759273448246,3.33810994922274e-10
0.000313863411284999,1.97813095770087e-21,0.000258821376075823,3.15702399323985e-09,0.999427312055615
0.119636353116265,0.426076934294947,0.344908897416848,0.00449944202547067,0.104878373146469
2.3856103492483e-06,0.000557768258045385,0.99761706274036,1.92503358937324e-05,0.0018035330553517
1.72901678582799e-08,4.69393174308564e-08,0.770089403478986,2.87303873282791e-08,0.229910503561142
5.03814970972351e-06,5.30653792347251e-06,0.995948078095895,0.000100064416314993,0.0039415128001565
0.246051913996756,0.000124162722737343,0.000384625093922543,3.46875697589213e-07,0.753438951310886
0.394702022598148,0.597841900610255,0.00319628612821047,0.00111262954685484,0.00314716111653152
0.986106054206201,1.95568115643231e-19,0.000163641128062636,5.1649752097528e-07,0.0137297881682151
0.924799331179693,0.0751787088580687,3.73516556356522e-07,2.12334409216191e-05,3.5300476028776e-07
3.94800338961894e-06,0.000258516809642049,0.999728888117629,8.64706933932672e-06,6.0118941374453e-83
0.671009987976432,0.319791185343176,0.000682071076209752,0.00259377583667375,0.00592297976750786
0.00137554076827194,3.27119241412697e-20,0.996587751668318,0.000402186862421532,0.0016345207009885
0.674935052328824,4.15019943849678e-19,0.0425454479706166,0.000242493117555278,0.282277006583004
0.000413380905978541,1.81877266843225e-21,0.0116740140932268,3.23435847906869e-06,0.987909370642316
0.00231345803875792,1.53144912982194e-17,0.128271529865875,0.869414726635085,2.85460281967497e-07
0.00115333983945633,0.995943479912199,0.0017596913117854,0.00107902038145878,6.44685551002119e-05
0.99963663083147,0.000128392185245458,2.19022967026479e-07,1.06086505939545e-06,0.000233697095258441
0.0174463122434315,8.01867979420769e-22,8.56262652808268e-05,5.09700593698206e-08,0.982468010521228
0.993702692791937,0.0016472933144807,0.00112570449503255,0.00352196739323283,2.34200531726463e-06
0.0762610572206826,0.91503878342875,0.000814931782230346,0.00788099508031693,4.23248802003764e-06
0.0147658937348781,6.12983806723067e-22,6.11120003352179e-06,3.43951007357653e-10,0.985227994721137
2.59544860424922e-07,1.17865442875699e-22,0.7654469372831,3.87117910464274e-07,0.234552416054129
2.85840137383475e-05,0.00129808072400497,0.965932493161326,0.0327407044046693,1.37696261611194e-07
0.000257716532680883,1.71359483162799e-21,0.000857029769880545,2.44598527736527e-08,0.998885229237586
0.458703479664583,0.00675228441832573,0.087784258315158,0.446143445720217,0.000616531881716857
5.72395664681727e-06,0.000303869401622848,0.000456161911932718,0.999234244729798,2.26495026909013e-95
1.15595613690452e-08,0.0017364880210071,0.000181613788666951,0.998081886630765,9.04939810323745e-18
1.16098967102334e-05,0.0470370503769847,0.945823205431771,0.00712671689960078,1.41739493294605e-06
0.13882134870623,0.859781848666023,2.45990458985796e-05,0.00137113722002242,1.06636182651327e-06
0.000935253844404702,0.00152239121827001,0.00128215831515536,0.996260196596962,2.52079646215307e-11
0.753853494451362,0.232627831709862,1.32050595519588e-05,0.0135054119753847,5.6803839649392e-08
0.000158460875603431,0.978018939288999,0.00733094082701496,0.0144912451503005,4.13858081805861e-07
0.999987751570521,1.40241458930221e-19,1.94759438735206e-08,1.50826903046789e-06,1.07206845044802e-05
4.74681168677699e-05,1.01617816151436e-22,0.000161095491748509,3.32859701361776e-09,0.999791433062787
0.626820545085051,2.3414553748825e-20,0.00500333201567576,5.17172285088632e-05,0.368124405670765
0.00336401612392852,0.00490356903653336,0.96426782626618,0.00234218403553427,0.0251224045378242
0.0357240003779896,0.168497478623045,0.137709015848597,0.658043376335394,2.61288149750377e-05
0.000252077513360279,0.116389502716496,0.00138202273117653,0.881976396692441,3.4652661082306e-10
0.00291727522043775,0.868401854599399,0.111803413849919,0.0168723475274803,5.10880276409307e-06
6.24262125499652e-05,1.29781191386414e-18,0.999152341322249,0.000719046879627115,6.61855855735894e-05
0.0459286485840442,4.08917506333996e-19,5.76281239536793e-05,1.85618719682072e-06,0.954011867104805
0.153282434310114,0.846185930129768,4.13417983066563e-05,0.000488592392563211,1.70136924754982e-06
0.0228464853081681,0.716179517796801,0.143445985536817,6.27040734976628e-05,0.117465307284717
0.0150359297694121,0.0288378514078345,0.089533783321067,0.000405940720365745,0.866186494781321
0.35284257365927,0.0307221066924722,0.520333064401431,0.0888315249579983,0.00727073028882859
0.773945848822742,0.225244397461215,7.40018070275893e-06,0.000791219865024481,1.11336703155161e-05
1.08437861029523e-05,0.000177669731962209,3.50744385821595e-06,0.999807979038024,5.3081803128391e-14
0.0550307770432757,0.000256580401024185,0.0245801443474458,0.92010387053921,2.86276690446446e-05
4.21445711598755e-05,0.000932922001575973,0.997504741529481,0.000636345036475357,0.000883846861308106
0.000803597205362493,3.88880679947815e-22,3.12398287443315e-05,6.05423056343232e-09,0.999165156911663
0.0105812153792799,0.178681990704497,0.775551430759637,0.0339695692406961,0.00121579391589067
0.983473042862884,9.89814643112115e-06,1.98859948676342e-07,2.9115209643511e-09,0.0165168572192152
0.000187942895605777,2.22438227064594e-21,0.000654456953246736,2.90131216392148e-08,0.999157571138026
0.774143966148006,0.0928570078435727,0.00839866041274619,0.00169947734814994,0.122900888247526
0.00122907837477582,0.00279463473741004,0.000139978238532694,0.995836301213695,7.43558611326226e-09
0.48422728698676,2.75600107378877e-19,0.425615452928779,0.0898696237175999,0.000287636366861197
1.37403715529778e-05,0.000110271852421185,0.99929756102931,7.72914321982813e-05,0.000501135314517314
0.000259062064676514,0.235435882098463,0.0560664262294991,0.708238611901519,1.77058423418386e-08
0.00117199761300441,0.998311176778593,5.88223551257279e-07,0.000516237381098163,3.75297778398784e-12
6.52287457799784e-05,1.29084699114957e-06,0.12409941467651,1.17574125546054e-06,0.875832889989463
6.33479937010286e-06,0.000128790085886116,0.644664617321378,0.355200257752763,4.06026917582359e-11
0.760657624110291,7.38016324792842e-17,0.130586678814615,0.105086341239886,0.00366935583520809
3.32685663374418e-05,0.350527616165999,0.0111060288200513,0.638333086447612,1.81852632882387e-90
7.49315000681791e-05,4.56329003294158e-20,0.938878478695094,5.52673024704126e-05,0.060991322502367
0.00156908533464872,0.822142570259801,0.00152968425856323,0.174758625454773,3.46922145506205e-08
0.9989516711489,1.73455623774379e-17,0.000240127611865731,0.000482448419167356,0.000325752820067061
0.000195352463548084,0.000287549536370058,9.19295455311524e-05,0.999425167841128,6.13422955333311e-10
0.0241481033777632,0.0701224454303121,0.882365112376866,0.000802531248031704,0.0225618075670269
0.229185158309429,6.35364591015627e-19,0.101394405730934,5.37811912922613e-05,0.669366654768344
0.951786712093353,0.00475911561022956,0.00707497135569759,0.0363765544806908,2.64646002877556e-06
0.0572180729105051,0.833534199679099,0.00773948131846653,0.101481936458462,2.63096334676405e-05
4.51085808259535e-06,0.106686531732355,0.0523915383371702,0.840917418923331,1.49061478777312e-10
0.00120782870223995,0.103937349456596,0.00410227413678311,0.890752547618061,8.63195942114445e-11
0.000115514559023888,0.00663888539177356,0.0499993436756856,0.94324625519736,1.17615713995828e-09
0.724016170549174,0.275898738608959,7.10325777202611e-06,7.59636067833103e-05,2.02397731123592e-06
0.0461298945005623,0.705311356855681,0.238607936281382,0.00250642909110405,0.00744438327127002
0.00746056674723925,0.98823296532267,0.000624727098067012,0.00366847772296005,1.32631090637055e-05
3.68077443097019e-07,1.71735675411775e-20,0.000902564646000865,0.999097067276556,2.11452820796401e-94
0.998533174719029,0.000560989103503512,6.46116068480308e-06,0.000859510691199652,3.98643255832316e-05
0.996497933721622,0.00342725430698795,2.52620650632156e-07,4.6717887059118e-07,7.40921718693349e-05
0.986684401678559,4.79027369380795e-20,2.4703016515816e-06,3.21421595729672e-07,0.013312806598194
0.999636936725011,4.39794825070384e-05,5.93322130997481e-05,0.000247715483278654,1.20360961039207e-05
1.60865022854103e-06,5.05798682875923e-05,0.999199293252645,2.69782398788135e-05,0.000721539988959825
3.38851358000462e-08,0.000608633592086238,0.017645785943617,0.981745546579161,3.67386612741032e-93
4.39680873044345e-07,0.00182955856513854,9.15093151066861e-07,0.998169086660837,1.66183599484202e-96
6.15521582929733e-07,0.0290904058154398,0.920492225086338,0.0504091339061225,7.61967051658847e-06
4.51682034106865e-05,0.950013764647613,0.0484576790915654,0.00145327378838797,3.01142690224094e-05
1.26176508269323e-05,0.000850611764664932,0.996867643311477,0.0022679564544267,1.17081860488636e-06
3.40504638456376e-06,5.39228382776476e-06,0.992099749016969,0.00789145365281873,2.3016418146015e-87
0.80104192988979,1.07754734541329e-17,0.00752981652643036,0.191330185860312,9.8067723467679e-05
0.000108848452129879,0.981969391695699,0.000651270336613095,0.0172703663624682,1.23153089944707e-07
0.000416673582443299,4.84787753204604e-05,0.00232650726822055,0.997208340347695,2.63208054820208e-11
1.18331860948974e-05,7.34564647549308e-20,0.978160416404256,9.19940076050122e-05,0.0217357564020445
0.00284242753809659,0.782733966368483,3.52169582530832e-06,0.214420084322596,7.49993120754478e-11
8.97836487440347e-06,1.93576435846929e-21,0.999191942882544,0.000799078752581199,2.48705936391912e-86
8.82053780528203e-05,0.996148613301894,0.00330981235020396,0.000453246836357338,1.22133491699818e-07
1.27655520639409e-07,3.07367777099898e-06,0.998565340353383,0.00143135568898357,1.02624341523522e-07
0.0214546915519815,7.090854133899e-22,0.000552216825378073,1.38514786143935e-06,0.977991706474779
5.18857386118762e-07,1.94478756779733e-05,0.999222345623797,0.000757570867854739,1.16775284161912e-07
0.592313754945248,0.349480523965431,0.0356037689525815,0.0224095460538947,0.000192406082844385
0.00688279530600058,0.99203529658542,4.35968679695442e-05,0.00103798318518474,3.28055424953455e-07
0.0219904901159751,1.29769629928014e-05,4.94958119556288e-05,2.57269694261594e-07,0.977946779839382
5.17087756711651e-07,5.1880405289327e-06,0.985142294142098,0.0148520007296165,9.69139413077628e-88
7.23078599145382e-08,1.31679715791266e-06,0.999991667619034,5.0976653324459e-06,1.84561061617892e-06
0.374763033577746,0.0512820845234877,0.0762137814253169,0.496879913757813,0.000861186715636563
0.00325904858704096,1.24821001247639e-21,0.00225290763430449,1.29378585458499e-07,0.994487914400069
8.08043176653625e-07,8.71482189527033e-08,0.0278724842895233,1.32703767763046e-08,0.972126607248704
0.0203892186222281,0.712995723691225,0.0888012081763042,0.177748368878483,6.54806317599841e-05
0.0159707043117426,1.6777920870271e-05,0.000936799994499767,4.57562919371746e-07,0.983075260209968
1.56703205143953e-05,0.998250102202121,0.000868147882009081,0.000866076846245322,2.74911063572451e-09
6.09019119103323e-07,2.23192380744942e-06,0.980365926398761,0.0196309987849789,2.33873334100277e-07
5.25207165425155e-06,0.987515170690096,2.70020182465421e-07,0.0124793072180677,1.25665454766495e-16
3.96409142569651e-06,1.23820541405001e-21,0.0022324297643796,1.28947041731133e-07,0.997763477197153
0.0174573822598122,2.36099665984117e-18,0.947549110854825,0.0137366790910966,0.021256827794266
0.501016780848032,6.80216860288134e-20,0.0288441700866627,0.470138054203287,9.94862018986363e-07
0.000111937546935705,0.28585458015843,0.628406084505151,0.0856270327472767,3.65042206915399e-07
2.20922884455382e-08,0.000105049578606228,0.999692981347233,1.10136256235016e-05,0.000190933356249472
0.145447791980393,0.854531876949221,7.20528465266878e-07,1.72452468643376e-05,2.36529505722944e-06
0.915054404209901,0.0839254315956279,0.000225127132000779,0.000746937024258105,4.81000382122516e-05
2.30096190935351e-08,2.03113693480873e-07,0.967826558457733,9.36423518180296e-08,0.0321731217766027
0.136249324108395,0.149639325986235,0.000632419823077502,0.713478864236364,6.58459285048373e-08
0.000211038269925631,1.12092887509168e-18,0.980207328266277,3.78891169122698e-05,0.0195437443468849
0.285156426763669,0.082345010551546,0.465029954087437,0.00140421313437044,0.166064395462978
0.000497062267614185,7.30222928748958e-05,0.987723638729568,0.0116584621453989,4.78145645444616e-05
1.77832443460685e-05,1.36183572159295e-20,0.986694673992715,0.0132869573481987,5.85414740247175e-07
0.0192366406963643,0.976853295999111,1.57557694010468e-06,0.00390847224036162,1.54872230623541e-08
0.000108855638915517,2.28398323362155e-22,1.32002767341815e-05,1.02332867576572e-09,0.999877943061022
0.00137441732446331,0.970365967559651,0.00260587558235494,0.0256518089015678,1.93063196318097e-06
0.00267330427091567,3.38135501444587e-20,0.318197267402691,0.000421291245607742,0.678708137080785
1.17128765504015e-07,0.00210351739779907,1.79054861435574e-05,0.997878459987292,5.4920654263155e-97
0.380807007429879,1.85187022897879e-19,0.437837638650317,0.00666508508351486,0.174690268836289
0.0171323158488677,0.979650148328288,0.00102152524070526,0.00219601058213955,7.91899485406119e-86
0.0191871501351389,0.0260712437725839,0.0895701070574151,0.865171499034862,2.07297475394092e-86
0.00264638160812959,0.758557664682753,0.0727790262366687,0.166012920766042,4.0067064070776e-06
0.00348896459317599,0.0795962216584927,0.260267913249923,0.656646817430286,8.30681222030563e-08
6.32220106853087e-06,0.0293710005991383,0.876623288952409,0.0939993729250838,1.53223007627183e-08
0.00517411281009632,0.982044535382264,0.00515520383913897,0.00710868289927835,0.000517465069222583
0.0048834402820115,0.0147756904241807,0.000374639818093471,0.979966229243755,2.31959202609985e-10
0.00356407968761822,2.82841406745481e-21,0.000383486561294774,6.75302801656403e-08,0.996052366220807
7.06116033528776e-05,1.919216900595e-21,0.0467684180975823,6.22448552058475e-08,0.95316090805421
0.995717735460423,0.00420567862842768,6.47930754068202e-09,7.65673922028074e-05,1.20396386566998e-08
4.45771659755832e-07,6.52305006907664e-22,0.0223028893839941,6.88996246609928e-08,0.977696595944721
0.999719843866869,5.42998626615351e-22,3.58240155405027e-07,1.83204814782513e-07,0.00027961468816055
8.08610497453587e-05,8.62600700100184e-21,0.870110984439451,9.18821899995307e-06,0.129798966291804
0.886229899333029,0.0134392951327371,0.000175579473505809,3.66443666834977e-06,0.10015156162406
0.938320172743055,6.67277718812976e-18,0.00495504335368055,0.000114257255934506,0.0566105266473303
0.747374694793164,0.252517917980373,7.44415796540204e-07,0.000104434739321373,2.20807134493147e-06
0.99997809124609,2.82913420202583e-23,1.04902431732124e-10,2.7244525843432e-09,2.19059245547055e-05
0.0644535341515405,0.102519196527044,0.0607344158155679,4.84910604662464e-05,0.772244362445381
0.00510474373522524,0.305983618502798,1.24496192855418e-06,0.68891039279992,1.28285861091647e-13
0.00521247479460215,0.994661364283104,4.92320492626873e-05,7.67971932666203e-05,1.31679764630245e-07
0.999699206743373,4.55336649311348e-22,1.07122664716167e-07,0.000298985100973138,1.7010329894732e-06
8.64413103177427e-09,1.05064812981005e-05,0.000608304375666056,0.999381180498905,4.21509020065023e-17
0.00181767114503065,1.27719567439255e-22,2.66608024676523e-06,1.61866030896268e-08,0.99817964658812
0.915591143880902,0.0772543467514139,9.42160097923404e-05,8.30466988549813e-05,0.00697724665903654
2.39348425302925e-05,7.19739615881515e-20,0.503157664326387,9.32406176664123e-06,0.496809076769316
0.0686179938368041,5.15502245960946e-05,0.0106617359741978,1.5329454144462e-06,0.920667187018987
0.735729419260619,0.258539054956763,2.25252952513099e-08,0.00573150245465209,8.02670235205264e-10
3.34339251721325e-05,0.0125113494247917,0.975531822742131,4.59182931561236e-05,0.0118774756147494
6.94770846781736e-05,0.00113515991173781,0.200483927185746,0.798311352951915,8.28659227249214e-08
0.00113898546587257,0.761747110432209,0.228295892381511,0.00275183877538351,0.00606617294502373
0.985980776129533,6.54563205096203e-19,0.00918410669983165,0.000548473108228602,0.00428664406240688
0.0527562213918205,8.40076152385161e-05,9.97262321430414e-06,3.24499069853789e-08,0.94714976591982
0.000184753554224735,0.0019045284634806,0.982303457321799,0.0155221591753353,8.51014851600491e-05
0.993280303478992,2.77560608192343e-22,3.94565745550298e-09,3.61341897246492e-09,0.0067196889619312
2.42914272963918e-05,4.66829747997808e-21,0.954369466754327,3.42647331628803e-06,0.0456028153450605
2.61287454114639e-06,0.00101350015350498,0.945371963403263,0.0536119235686911,1.3204945968288e-86
2.7965892591516e-05,3.04120548873142e-05,0.999756033220246,0.000131272910807155,5.43159214680539e-05
0.0476305649014166,9.19580510492116e-06,0.000210042178198879,9.59449843909889e-08,0.952150101170295
0.524134429614952,0.0313258005261851,0.000451990917467804,0.444087776805033,2.13636263414813e-09
0.982081975503114,2.59175353299477e-06,2.39908942476389e-08,4.09018100212633e-09,0.0179154046622783
0.999629804167826,1.43858781870898e-20,6.75615813217383e-07,8.68013806396833e-08,0.000369433414980702
0.999871979000272,0.000117465422588256,4.50591194315972e-07,9.20988291099612e-06,8.95103034043394e-07
0.99988094744252,1.46514517713601e-19,1.32267232451166e-06,0.000114683887616842,3.04599753824176e-06
0.00377036828169073,0.302714355643178,0.689468623405839,0.00386502437640743,0.00018162829288523
0.992722379659455,1.9730115904356e-17,1.3803902649859e-05,3.69425024873375e-07,0.00726344701287072
0.203351970620794,4.40458731885755e-18,0.00299548364907282,3.61134846992743e-05,0.793616432245434
0.15258372728278,0.496109409433556,6.54129212179347e-05,0.351241445403993,4.95845393853731e-09
0.00129265253740298,0.247170836647476,0.703426540158706,0.048076086361963,3.38842944517486e-05
0.975623227159533,0.0171301181819018,2.53984087724648e-05,0.0072211368843391,1.19365453126715e-07
0.00545004457833425,9.61515209813078e-20,0.0035798637391653,1.99402685073349e-05,0.990950151413993
0.930790217700176,0.0568402884424167,9.19391298906863e-06,0.0123602727698325,2.71745854095294e-08
0.00139854890308253,0.986558334962997,0.0105591211152567,0.00148022808370571,3.76693495769651e-06
6.36703658748573e-07,0.000111098073761101,0.996233375173114,1.89243937186031e-05,0.00363596565574761
0.763791846302243,0.00125093639318155,0.00851898577226681,0.226437787147031,4.44385277884771e-07
0.995690906285718,0.00311976963443446,1.17549932192505e-05,3.59300606813556e-05,0.0011416390259467
0.987154193987471,6.73540927689068e-18,0.00238619058401762,0.0104461891056484,1.34263228636668e-05
0.000839460337114564,3.78589090559645e-20,0.0257252655557644,4.4080808125554e-07,0.97343483329904
1.6434108435933e-09,0.000221990633133207,0.019107624470263,0.980670383253114,7.89708558954479e-14
0.999506249324129,1.48451534673118e-18,8.4077634482296e-06,0.000477893147805942,7.44976461698709e-06
0.999724254893593,3.2441987871862e-20,2.93370999950274e-06,0.00027015912647226,2.65226993533209e-06
0.0612920682279863,0.937310955673811,7.45573666273424e-07,0.00139622668069523,3.8438413131637e-09
0.000415707952959264,4.5955344608784e-21,0.844630354812514,1.37303309397671e-05,0.154940206903587
0.992697976805467,2.64543787168435e-05,0.000190978542286498,6.05115084242395e-06,0.00707853912268727
0.000534889337703247,0.00013194501130277,0.991418145484995,0.000780820096854257,0.00713420006914524
0.00207512134075921,0.44464779689925,0.392419744393127,0.000233990818068484,0.160623346548795
0.0866956915652717,1.47126001539721e-20,9.18648454710228e-07,1.06796912904291e-07,0.913303282989361
0.00196032874577475,0.874682086645512,5.33600793755749e-05,0.123304224510536,1.88013545209931e-11
0.439534730538925,0.555482651964284,0.000112760064653234,0.00475003406021011,0.000119823371927279
0.00838190167108512,0.423782356040478,0.0111423798335057,0.556693359062373,3.39255789548183e-09
0.0187036535555705,0.00349420717304164,0.959049991725493,0.000678523101894323,0.0180736244440001
0.000923371740781278,0.00175216540076806,0.847466560033829,0.000159508935918184,0.149698393888703
0.000271364432901115,0.163535790888585,8.93271861626072e-05,0.836103517491874,4.76970177449451e-13
1.99483928569899e-05,2.26683616323727e-22,0.00154271512750047,6.26626597739009e-09,0.998437330213377
0.000185251472279179,0.76697552093877,0.0865423863522206,0.146296035588161,8.05648568719673e-07
0.00163284000115803,1.94229162380944e-18,0.434188579030353,0.564178528789459,5.217902986772e-08
8.86777542018952e-05,0.0020146534415034,0.745115785584653,0.25278076907075,1.14148891515272e-07
0.58836483533209,0.410349119712639,0.000118431390210952,0.00116505388523731,2.55967982216896e-06
8.6665357987539e-06,0.00412953904242614,0.994681356914581,0.00114972119232791,3.07163148660506e-05
0.380385582370563,5.50580472448358e-20,4.84696859880762e-06,1.18791519314513e-08,0.619609558781686
0.000199038633263021,0.796122259594793,0.132828493493443,0.0708499507675434,2.57510958277568e-07
1.1685444392007e-06,0.387712643594379,0.000164344340875242,0.612121843520276,3.07368450952711e-14
0.000110927720190091,0.0748982231848084,0.883742149189079,0.0412185681140939,3.01317918286106e-05
6.98736373426151e-07,0.00382828097208609,0.983299701551698,0.0128711335212158,1.85218626647139e-07
0.000361075818064989,0.999618195357435,1.23110654212255e-07,2.06054586802628e-05,2.55165429996248e-10
0.00116985071385216,0.0281969739035081,0.603424247241252,0.367208925239507,2.90188064665667e-09
0.342548012267759,0.65724533497061,1.10479102117732e-06,0.000191238206117897,1.43097644922409e-05
0.253306159322911,0.741979581156955,0.00259450420229966,0.0017029464407707,0.000416808877063487
0.00129523747195595,0.779689099197791,0.111697237752109,0.107290059477415,2.83661007286718e-05
0.998387530263932,0.00110111948800781,1.09488828871663e-08,0.000511337092960344,2.20621645051561e-09
0.0581855553261961,0.0509338409390912,0.0114780863430923,3.99015024721417e-05,0.879362615889148
2.22393398746461e-06,5.24888161862948e-22,0.134301040778456,5.8644732643677e-08,0.865696676642824
0.000230704313936734,2.48168477498209e-20,0.942709612917943,0.000149023560550111,0.0569106592075699
0.00260511687896344,7.31596992942996e-05,0.832439792315296,0.000350400713654862,0.164531530392792
0.000253877228904887,1.94983371257382e-23,0.00150088124905819,8.66488713550834e-08,0.998245154873166
4.85246719960699e-05,0.14160048162882,0.514566570802744,0.343784422330787,5.65651998677229e-10
0.934782807335124,0.0564331524058215,0.000564472912680478,0.00815820032998485,6.13670163891794e-05
9.27699828997161e-07,1.55298155348033e-07,0.089953308060293,2.94482543295861e-09,0.910045605996897
0.798582239064437,0.101595011443935,0.00253866720716539,0.0972598092834825,2.4273000979664e-05
9.4287648039577e-08,4.49885317506333e-05,1.76564196058346e-05,0.999937260760996,1.29182268685774e-96
0.174987395213551,3.27663465671969e-20,0.564173193808052,0.0010454547364353,0.259793956241961
6.89309172794792e-09,1.20797177428817e-05,0.000332980217342555,0.999654933171823,2.49847002375143e-18
0.0856900689283469,0.000334747563351098,0.390766240366446,0.523208877337471,6.5804385055289e-08
1.06179278963264e-05,0.998809625763577,0.00106459979913247,0.000114716297628076,4.40211765670294e-07
0.00676608104178446,0.0738343755564875,0.91142508811401,0.00746261287194312,0.000511842415775259
0.00161086224814736,0.993796465744466,0.00303231584502767,0.00156035616235902,4.62041280274472e-86
0.00780302078602311,0.954061404832923,0.0323902984517833,0.00573837138812259,6.90454114822339e-06
0.000341318169355995,1.37702047928742e-18,0.982433689191431,0.0171845785140543,4.04141251590536e-05
0.0821564208274671,0.87267870166941,0.000363020083612169,0.0448017783059232,7.91135874545907e-08
0.998782515308287,0.00100547324091821,4.0475386328251e-06,3.47386987126893e-05,0.000173225213448828
0.000929462948145804,2.69933526271623e-19,0.204233645862585,9.63093547613379e-06,0.794827260253793
0.967064745909417,1.06509967097706e-19,3.12631682513527e-08,1.36481056093457e-08,0.0329352091793091
0.998279343415998,0.0016951287509642,1.75927464112715e-07,8.8987271854736e-07,2.4462032854897e-05
0.994201962963413,4.57240075115192e-20,4.06741947328429e-08,2.37681015815025e-08,0.00579797259429112
2.12385168796412e-06,3.5785618580766e-06,0.999888825253974,9.82706713441699e-05,7.20166113585031e-06
0.945809773489103,0.0303197366794208,0.0003585782800198,3.05459612770229e-05,0.0234813655901792
0.110231940405582,0.00637336113997464,0.0285328608976801,6.83022247133478e-06,0.854855007334292
2.3133595028238e-07,8.59816659205709e-07,0.995177593180224,9.14248513888945e-07,0.00482040141865209
2.38543825629668e-05,1.84226395064426e-21,0.797253094782194,9.05636174380299e-07,0.202722145199068
0.00526107814047729,3.54451137820402e-20,0.59148497070282,0.000161017632597784,0.403092933524105
0.00445269087414035,0.994170486359348,0.000861940332034943,0.000511166275275061,3.71615920147086e-06
8.77965859168801e-05,0.173248050634244,0.187987992506076,0.638676160273764,5.0330872113077e-89
0.00988740721720278,0.00453835620439163,0.981964431263787,0.003478346308825,0.000131459005793652
0.00200294262458081,0.0217598731881386,0.00163873158374497,0.974598452347049,2.56486765911018e-10
0.00150130764943103,4.2322503038224e-05,0.369061584085541,0.000148311881077354,0.629246473880912
1.85736623846534e-07,0.0098932344757487,0.000105536468152467,0.990001043319472,3.1229655272459e-15
3.62547973222165e-06,0.908727453550576,0.0907606945061341,0.000506771711164315,1.45475239379294e-06
0.00220689216638196,0.0661452494079712,0.0439916617667254,0.887656165571428,3.10874932145288e-08
0.132699889436887,2.67703719496021e-19,0.852556111497659,0.0135487292051931,0.00119526986026056
0.247307053505396,7.0947992126817e-20,0.161934978636904,2.55738053730789e-05,0.590732394052326
