0.00732914158612478,0.00674869045827945,1.74325271232994e-06,0.216439143162017,0.74256599646591,0.00016845106867615,0.0267468340062802
0.000285555590359994,0.0406038249190343,5.86544859994908e-05,0.649084840417735,0.281898964786509,0.0159072190434869,0.0121609407568756
0.958014354797105,0.0333450603737962,0,0.00863538290553849,4.93537624607324e-06,2.66111102340783e-07,4.36212156665883e-10
0.0202726449427779,0.00304059315595548,3.34085280215986e-88,0.00200133276000808,0.974581613135506,4.17151164452167e-06,9.964449410807e-05
2.02354137807016e-08,4.20897877547293e-07,0.00146509983210284,0.0115671901243439,0.00449669049550852,2.54639933260033e-05,0.982445114421427
0.000622990575474496,0.0132084067873675,2.18388849703277e-08,0.961484302590792,0.00113682870475466,0.0184460355535236,0.00510141394920269
9.89132377401435e-06,3.30936490928156e-05,1.40496027234563e-06,0.955776948195663,0.00511877662254359,5.43877171588086e-05,0.0390054975314959
0.964264907930977,0.0340001395499243,0,0.00173421607292533,7.10603447352019e-07,2.58368729906017e-08,5.85340045991866e-12
2.6316681393152e-09,3.3363303362257e-07,0.000666511482525548,0.00690037185120124,0.00865338452888365,2.1204899782559e-06,0.98377727538271
5.14598508470166e-05,2.01176869164009e-06,5.76371680546233e-07,0.00401698818059155,0.913737190567846,1.63784325017203e-07,0.0821916094760187
0.044853013203953,0.00420691321709897,2.24290196346308e-153,0.000234138088359456,0.950705382062699,1.44400323827214e-07,4.09027565502831e-07
1.16067444840924e-06,0.000370243799493653,0.299013501882141,0.478848527960736,0.00259910836462656,0.0689324586970794,0.150234998621475
0.000327017224318206,0.00287771336400439,7.31134393812148e-67,0.315034108786689,0.648471935598941,0.00363841020594671,0.029650814820101
6.96576894336426e-08,0.0178515378969278,0.185902213559959,0.054779400545698,0.000153326539363542,0.741081339825098,0.000232111975263871
0.00701234710677234,0.95124313762918,3.22964414519273e-89,0.0412024533728772,0.000469829549805102,7.22283273168101e-05,4.0140485435681e-09
2.29128205392216e-07,5.63866654341738e-07,0.00145746459087209,0.000238574509265158,0.925782780002201,2.54375243588652e-07,0.0725201335275585
2.03896538945177e-15,1.53167624784727e-05,0.00872604174347984,2.44982169405536e-07,3.52192789323953e-09,0.991258385833813,7.15612984892418e-09
5.67431077432092e-12,9.9360129302682e-05,0.0693090344407738,0.000346494137326709,3.02144713930263e-06,0.930236710437124,5.37940265952797e-06
0.000426648803058199,0.363633898963985,3.53506475357459e-66,0.0641142059690338,0.531858404802655,0.0397863383607346,0.000180503100533044
3.72296233999612e-09,0.00147404237771692,0.00473946782179316,0.0169811594035179,3.87860566222771e-05,0.97673347772458,3.30628928078226e-05
1.02522844260615e-08,4.42075139665913e-05,0.368326787340917,0.00149427761935108,0.0297416000948104,0.000809148504232748,0.599583968674438
0.522748067826086,0.0296717219007372,0,0.445688618315369,0.00171440748447742,7.45036774097836e-05,0.000102680795920627
0.00925187715620454,0.00180034352241927,4.83326379783819e-88,0.00212241199304399,0.986387672435146,1.05219438699723e-06,0.000436642698799305
1.44621151694629e-06,0.000468871765270455,0.00204407920597052,0.911262548672391,0.000612895354066651,0.0727810178080958,0.012829140982689
0.0604408390779812,0.921789619720903,3.56599218639018e-153,0.00749171050308475,0.00846615716697505,0.00181166706294867,6.46810704049612e-09
0.000707442743525741,0.905055893908537,6.61177464020891e-150,0.000298498563816902,0.0931711011097704,0.000767005161890548,5.85124590732979e-08
7.90532758329839e-05,0.293558325492785,1.8074118299146e-85,0.24761197974021,0.00067632790281867,0.458068486390618,5.82719773499533e-06
6.57658027832874e-07,0.00374699460083239,0.000162666540677493,0.87123003017073,0.000867874932615422,0.1174010165663,0.00659075953081678
0.902914393341556,0.00367188458313415,1.60721515913122e-74,0.0670706697147581,0.0263379327238678,1.48427438575802e-06,3.63536229763495e-06
3.30914444369645e-17,3.68083735868561e-07,0.951451932768897,1.07165451229657e-08,8.68557090726268e-10,0.0485476538213871,3.37408777197173e-08
9.16203649619804e-06,0.000276082899617035,0.000247952753125744,0.966018224136508,0.000198193613067867,0.0209317261035298,0.012318658457655
2.36481485352936e-12,8.81830040690337e-08,0.657461582573555,7.84213905788677e-06,0.00366990606098562,9.13763559527165e-06,0.338851443405437
0.998556534954396,0.00101930303134722,0,4.02733930878212e-05,0.000383888098836413,4.19440754383886e-10,1.02891148276565e-10
1.84680490397399e-08,1.97895833359553e-08,2.5157908978066e-05,0.000432067064907966,0.0719975936239731,9.60799889980332e-07,0.927544182344618
0.00204295193228868,0.0121136616968125,2.49068084825729e-69,0.896319744134525,0.0715322153708305,0.0178059747014465,0.000185452164097313
0.791317730073167,0.00208199520159894,0,0.163439924197102,0.0411742642879451,1.50735659186439e-06,0.001984578883596
9.89712090073443e-17,3.97234061133015e-06,2.81528732993895e-05,3.34987086004242e-09,1.13584567311717e-10,0.999967871278301,4.43330212689304e-11
0.00074481287311503,0.0300482278707673,6.72211243534439e-07,0.937987805790722,0.0310631107292851,0.000104309194197577,5.10613306692288e-05
5.0879890629757e-05,0.000583539075081166,3.11719301616606e-86,4.1683344059085e-05,0.998525966909959,8.65244847553047e-08,0.000797844255786105
4.03381343225827e-13,0.00013252728096569,0.00693130762247978,2.92990774925118e-06,4.73022109852685e-08,0.992933185036711,2.84947973836513e-09
0.998023801057958,0.0019638082802226,0,1.13539509891399e-05,1.03660380780698e-06,1.06597667823365e-10,4.25041908261082e-13
0.324174116964389,0.672940159674856,4.29986651808217e-94,0.000243877676504336,0.00264164767695382,1.97995232573374e-07,1.20646838765088e-11
0.837118823657932,0.0305888366142996,3.16165283217052e-154,0.125904696412525,0.00627998978517428,0.00010681443718126,8.39092887981868e-07
5.00066137081559e-06,0.0165093394064105,6.62862283590697e-66,0.0031460257684148,0.882974048706088,0.0928419785223862,0.00452360693532931
0.0126291095990139,0.137200196796039,1.52692576941477e-05,0.674105155481681,0.161093485789757,0.0144625570909882,0.000494225984827044
1.63383452070358e-08,4.50754894485262e-08,0.000513892570338671,0.000723570822253015,0.0228503410017356,5.19111716543825e-08,0.975912082280667
0.000553709933419877,2.94070577811935e-05,2.65654801183225e-10,0.993522217248,0.000594274704485625,1.87658059671537e-05,0.00528162498469084
1.46639088229049e-10,5.53056369143089e-10,0.0018050952324462,2.80539617877792e-05,0.00301556222199886,4.61701765737545e-09,0.995151283267054
9.5165573290219e-06,0.00032519795351698,0.000172090701609802,0.990184863958665,0.00431720157325995,0.000337557015551122,0.00465357224006779
0.000851473353259139,0.730327023250758,3.03122405336589e-68,0.0238164462025993,0.0783004886923992,0.166694190029298,1.03784716857026e-05
0.0119541243595223,0.0752118862111067,1.82045771822497e-05,0.690105631252767,0.129644741831306,0.092563809949809,0.000501601818306034
0.448241938726362,0.550508512242858,9.53863608217005e-157,3.12782753416333e-05,0.00121811941971639,1.5133460317643e-07,1.11857427149882e-12
7.53656726185081e-12,0.000103690142084046,0.00252005652909117,2.96302605807285e-05,5.67035185889542e-08,0.997346426262579,1.40094609530735e-07
0.0453895068789619,0.104724963787938,6.267505593907e-90,0.00031773504796251,0.849566156668675,1.3156000188526e-06,3.22016443304165e-07
0.473035298887567,0.523057401847953,0,0.0025789124779456,0.00132834524029764,4.1262972123322e-08,2.83265132532566e-10
7.22498836874557e-05,0.00043382174958473,0.000133230894634935,0.00115077598978847,0.991056054254935,5.88299820795452e-06,0.00714798422916128
6.72802310263127e-08,0.0219921077341529,0.003960146213274,0.00264371237229725,0.0573359810123926,0.913278492626641,0.000789492761011824
4.24381154219503e-09,0.000333822701106401,0.168610966488028,0.0126351461160205,0.000208668389466554,0.816743091978908,0.00146830008265924
1.96105210961693e-11,3.00992269554202e-06,0.981627730867811,4.70270509736731e-05,0.000376329569857591,0.00123266161102841,0.0167132409580233
1.30735253786375e-11,1.05199314935382e-09,0.0036263898650453,3.49324216226015e-05,0.00319116141586355,4.51364019231508e-07,0.993147063868383
0.000215028080498663,0.0195004708039505,0.000877088161279324,0.36686086704902,0.286637676162048,0.317398412549804,0.00851045719339913
6.57333961039006e-10,7.04465050100292e-09,0.00554172375199179,0.000138833133625564,0.00645519691845854,1.58757120021683e-07,0.98786407973682
0.837855556488597,0.143869156701332,4.58146652215486e-158,0.018260965995096,4.66300983420791e-06,9.65779859256288e-06,6.54849586364315e-12
7.01472217693533e-06,0.00101587855210699,0.0684129455290011,0.603039519377735,0.120464363188999,0.0523149263167526,0.154745352313229
0.00586560390952932,0.990230505037115,1.86492705913912e-92,0.00372048663515519,4.84512575242034e-05,0.000134952685951023,4.74725017484856e-10
3.51494718660033e-09,7.56355981518262e-06,0.135544866173948,0.126048832105326,0.0036775392408276,0.00376738062201014,0.730953814783125
0.000647608561398715,0.000354181667010656,5.23115558591442e-06,0.00109484345546402,0.995936427573821,5.33207526566563e-06,0.00195637551145368
0.972571236131809,0.0266696979935612,0,9.08566993796937e-05,0.000668205535212571,3.59028741685253e-09,4.97503137099508e-11
0.0002247508116002,3.13174564454264e-07,1.40905396633031e-69,0.000688675812718908,0.525287073982138,2.34648295068462e-08,0.473799162754149
0.0657351365157,0.152701059353404,4.30703729941175e-150,0.000301275432414822,0.781262287166352,1.41263255344576e-07,1.00268873819753e-07
0.0196017455992097,0.128387251183205,2.23297697352228e-149,0.00499750578021025,0.846963546448095,4.74027204959522e-05,2.54826878465976e-06
1.30827404325457e-06,2.49400275498718e-05,0.000324788914814964,0.108435497174914,0.0200751861929098,0.000114758886074915,0.871023520529693
1.47667231009514e-10,0.000279194234193314,0.00883294156682636,0.00434579287090148,4.68584076294562e-05,0.986144990630652,0.000350222142129853
0.575240301759287,0.139958715179736,2.21809603957494e-90,0.00886785250358274,0.275932408576301,6.25602035215925e-07,9.63790576940352e-08
3.25314447865984e-07,0.0155763734271394,0.171129650073604,0.0575816240875367,0.00076232331616856,0.75432811677611,0.000621587004993021
0.0325960207720558,0.951848111536281,2.43045903283816e-92,0.0153931048252893,7.6679555362043e-07,0.000161996069897857,9.21905000597619e-13
3.7889399454237e-06,0.00638331076935647,2.56180072676802e-66,0.424435191746813,0.00021290012455,0.568264770539593,0.000700037879741803
0.878747527943484,0.11298910124303,2.63773942683474e-75,0.00785403601249901,0.000398670545883119,1.06640362621153e-05,2.18842223195807e-10
0.365413419215991,0.0332499480620638,4.35209817632109e-11,0.5919879298486,0.00934582332814997,2.58931440579741e-06,2.90187268327795e-07
0.997672804939231,0.00135593055421727,5.82361288497662e-96,0.000304271766521779,0.000666992483299133,6.98335952533707e-11,1.8689727433417e-10
3.49092838074349e-09,1.06395225648277e-05,0.0152605800096939,0.792255944323571,6.68533168941749e-05,0.0103373181121628,0.182068661224185
0.826113888316494,0.17387630157078,3.1974485834922e-162,3.77841832945122e-06,6.03077443614823e-06,9.19959373124253e-10,6.30402359560659e-16
1.70326796512376e-08,0.00361416615298735,0.0190735504817163,0.00637450091083351,0.0009362692577442,0.969668545361893,0.000332950802146136
0.0829975900080479,0.835105802090099,0,0.000650071948275706,0.0812444754755112,2.03520119716212e-06,2.52768693271064e-08
0.00701591278183666,0.977755315948154,3.10300893300409e-90,0.00638474219589959,0.00808060362765063,0.000763389836292102,3.56101669003432e-08
0.0151307697024112,0.23668864205363,6.85623272695991e-150,0.0505901409675777,0.696622353275018,0.000942006515690152,2.60874856729222e-05
3.19869661634894e-09,3.56400576605962e-08,0,0.000494434971190727,0.00375462177453741,7.51425593954624e-07,0.995750152989924
9.08303187202852e-09,2.30228843535257e-08,9.75087687873629e-66,0.000696105994132486,0.0165443613598668,3.46362657044642e-07,0.982759154177428
3.22170341605293e-08,4.76979134994487e-05,0.0369142698528451,0.0572829751317617,0.0236488033939445,0.00277065398048096,0.879335567510434
1.21131504800932e-07,0.00251507769131821,0.0221367917903182,0.0389335636282271,1.51757121454121e-05,0.936368935037701,3.03350087852736e-05
6.48384386833231e-13,8.41334576732746e-08,0.999448167791781,2.33260544003084e-05,1.34814494118345e-05,7.58836145406827e-05,0.000439056955760191
0.132851247344073,0.00531476473401736,1.38225740456828e-09,0.860238414373017,0.00145877456698774,0.00012900589947208,7.79170017520472e-06
0.00145765601320564,0.00124904985116911,6.46820718498447e-07,0.936279887224407,0.0205207493677099,0.000133215731530866,0.0403587949912584
0.999652660856845,0.000234502156290183,0,7.68682282117557e-05,3.5968710403379e-05,2.35504387998583e-12,4.58940974522351e-11
9.9890991787089e-05,0.013349879185437,1.05518297506544e-85,0.955012089255025,0.00291610669779313,0.0170968461474098,0.0115251877225477
0.00017982475568843,1.00607962743595e-05,6.5939786693036e-70,0.0473123905083543,0.197533928585908,1.57444496745478e-05,0.7549480509041
0.0396938136111876,0.00564459227743202,1.11345560807187e-149,0.018612576000326,0.935864923836239,4.23857823266109e-07,0.000183670416991791
0.0278198553117383,0.945861838991478,6.38984001253317e-154,0.0259242443500859,0.00020277024651662,0.000191290454923694,6.45258062208916e-10
0.000522611323666771,0.0828083536925242,7.25782904421059e-08,0.898435388754809,0.000163594659686473,0.0180695202232442,4.58767778942657e-07
2.4880619810639e-05,0.176828555794004,0.0046834296792023,0.134966604117104,0.589758591157521,0.0933148803280695,0.000423058304287632
6.67336300257831e-12,3.32868434545963e-06,0.897212807188564,2.69573867180803e-05,0.000223507880898947,0.100443298786358,0.0020901000664415
6.4920169345503e-13,6.70491037058814e-09,0.996106572951299,1.2898033701483e-05,1.62281229119566e-05,2.4010285176107e-06,0.00386189315801067
9.0365241711288e-07,0.227000218217631,5.08201656130941e-65,0.00428515202657856,0.456235220894446,0.31246931694175,9.18826717738741e-06
2.03223975818392e-13,3.82557270593797e-06,0.989726398333791,2.42668629720524e-06,1.37415524171082e-05,0.0101738604500478,7.97474045375477e-05
0.00218861662045725,0.993426649145192,7.69913104838102e-151,3.66526750192806e-05,0.00355782944321496,0.000790251910477604,2.05638600643576e-10
0.000692061130772244,0.00601284571619887,1.86851140015746e-67,0.887680787097921,0.0921276754864058,0.00181110541744283,0.0116755251512598
9.45151093897098e-09,0.000121251225269455,0.0761274285271099,0.00708935621536812,0.00014005771288296,0.915251275632961,0.00127062123489807
9.76662404042035e-05,0.963454111440096,0,4.07811819896415e-05,0.0362776865195658,0.000129734901684282,1.97162600320384e-08
0.314751334878813,0.00260102477497909,3.96400593542286e-91,0.00192652325842924,0.680720104494752,5.3949327072838e-09,1.0071980942488e-06
0.0009769831226282,0.00140173127210801,9.69413431413277e-09,0.996859799477674,0.00022465721019922,0.000511808900604674,2.50103226514144e-05
0.0327610966673367,0.177651506475839,6.01283873916992e-71,0.699637510825021,0.0897693986985282,0.000141063380973348,3.94239523016654e-05
7.00558662386059e-06,2.96201777464711e-06,6.11228685056853e-147,0.00122457428267303,0.759690100455383,4.23063732135447e-07,0.239074934593813
0.100224887643869,0.511239250659638,1.74891447445715e-88,0.312018376140001,0.0760093922726039,0.000488772588206988,1.93206956813688e-05
2.15263166623198e-05,0.000176025036588819,0,0.243398965533051,0.00442962893250549,0.000132708071474911,0.751841146109717
2.77742211870359e-08,1.28685080705441e-07,0.00110544781451551,0.000446087030279194,0.177768989067154,4.69555307442932e-07,0.820678850073442
3.99694412953768e-14,6.36214806378199e-06,0.904675289251471,0.000223105776032815,1.49513376206884e-06,0.0930547199292514,0.00203902776137874
0.000100304932222074,0.992581490655205,1.11072368120877e-89,0.00131360478544454,0.000118383440567238,0.00588621608534446,1.01217064846606e-10
0.412076117908566,0.550596779385314,1.05477340374007e-91,0.00057938157577764,0.0367445689626093,3.15052314779994e-06,1.64458516498399e-09
2.46495583316517e-08,0.000530416956072954,0.0445957106711872,0.355935716674466,0.00323662647698322,0.102871507236258,0.492829997335474
4.48660145935834e-05,0.0195418475126937,1.91188877773233e-84,0.0122013380265307,0.96687838849852,0.00117962870885818,0.000153931238803669
3.09545815238114e-09,1.04911619795737e-07,0.00267443210221255,0.000721460561665641,0.00490808374965486,1.63650657885181e-05,0.9916795505136
3.16355318046414e-06,0.0167674351977218,4.19615388011518e-66,0.0772264616098176,0.00143260075243352,0.904483990500259,8.63483865878068e-05
1.63392483350007e-06,2.54978226665925e-05,0.001184377815714,0.00463493554660914,0.457164380716392,3.14403489534783e-06,0.536986030138889
1.79816113214016e-06,7.89769633452449e-05,4.58417175040255e-05,0.980648526801696,0.000247049787886986,0.000279501580046866,0.0186983049883887
5.29497591925093e-10,3.35575786335032e-05,0.965715074996073,0.00521408570042165,0.000596183219490044,0.0140774798908706,0.0143636180850133
0.650151276657026,0.337940279737812,9.25749298632495e-153,0.00661228998066697,0.00480907131133183,0.000487066432669194,1.58804936621385e-08
1.27427013967037e-05,0.00106883092008811,4.94038245748615e-07,0.997090423685597,0.00121705649009169,0.000380041392744737,0.000230410771836435
0.995306761751427,0.00245434480360303,6.04579923608e-159,7.73832286396607e-06,0.00223115419252124,9.13174010239988e-10,1.64107450729893e-11
0.0417157928801975,0.91196256278415,4.29896049392723e-71,0.00246042386393923,0.0395203676177354,0.00434079066801967,6.21859579612147e-08
0.00720921230532885,0.981769666395085,0,0.00456522037664184,0.0063504380607437,0.000105455636858737,7.22534235589319e-09
2.46576709098943e-06,0.000883952521332486,0.00937013612394277,0.633114693623686,0.197342704883091,0.0180847763965976,0.141201270684258
1.9944887672758e-05,0.0533858366239945,0.000350302113398734,0.682095671977435,0.00294383711245713,0.26118640608483,1.80012002126197e-05
1.18478806013425e-15,8.94312356469489e-07,0.984195276247508,3.91180947290181e-07,1.98206855210452e-08,0.0158031893060333,2.29132468452846e-07
5.65758324883907e-06,0.00159932380426979,0.00126989411012538,0.98851746678869,0.000278983721377437,0.00513761185760849,0.00319106213468
0.000526935251856807,0.056994809299291,3.23289471859612e-84,0.156368396777743,0.784006611014676,0.000870799486127369,0.00123244817030503
1.18001311934273e-12,1.23919720879542e-06,0.987123142226908,0.000102688706015842,2.79685771098398e-06,0.0124118370320712,0.000358295978904932
0.000451672618683738,0.000708790220988062,3.35347243071449e-09,0.000123062886329096,0.998684270315404,2.56124923697158e-07,3.19444801991565e-05
1.48140357614659e-05,0.0366712862060721,0.00078323037901337,0.00926299884143022,0.944491774531999,0.00821053863093297,0.000565357374791168
0.000144060470946683,0.0143231461726974,0.00045306979347856,0.175036164579885,0.807830310137584,0.000314613780854053,0.00189863506455411
0.129747005623387,0.198868678290073,4.12133340347173e-152,0.000179614119489011,0.671203255047125,1.38223385034899e-06,6.46860751164115e-08
0.00142745420166923,0.242559019291344,1.10499155364767e-05,0.281945524456852,0.414603831038111,0.0586895461840705,0.000763574912416745
0.000385496023336892,0.000552870430456855,1.17296294040657e-06,0.996220297428327,0.00249891147413212,5.16719883226215e-05,0.00028957969248416
0.000192135037615786,0.087404532001989,3.12137692706665e-68,0.00279505805202288,0.905815316443047,0.00331633460312775,0.000476623862197859
0.0001657193293936,5.36652812765252e-05,6.72801770879356e-05,0.00823528631052282,0.979992629830615,7.69752179511383e-07,0.0114846493189247
3.42895054754771e-10,1.95580778405452e-08,0.0175626117274099,0.000260192680568265,0.00238758325090615,7.19804511335945e-06,0.979782394395029
0.0138829476251495,0.626581499210128,5.21721725320947e-73,0.358840812515647,7.32350523172069e-05,0.000621505185353908,4.11404468868531e-10
5.20894857603995e-13,3.79766938488415e-07,0.998712758599779,3.9528718400166e-06,1.99573791346327e-05,0.000657827222706759,0.000605124159079656
0.00017756179707455,0.0746933874181087,2.11126894223362e-85,0.00823413498807449,0.915131923441705,0.00170966360014967,5.33287548878758e-05
1.15710382471026e-06,0.003198324704403,2.73237052060094e-82,0.0029384817819219,0.987202872478127,9.50485957276253e-06,0.00664965907215036
1.11361293402596e-10,8.67948809620753e-10,0.00109979221555793,2.03089797917272e-05,0.00359486810755768,6.25930532463861e-08,0.995284967124729
8.52907384177468e-06,1.66571715734911e-06,1.15091829488795e-05,0.114064637718139,0.00324082879623471,1.03785872840248e-06,0.88267179165295
7.33849258525319e-11,6.3893839706057e-06,0.535823836406952,0.0004391091026376,0.000548140521263583,0.449084668641642,0.014097855870149
0.0205577845640964,0.534455366482157,3.03009019512226e-86,0.298925833538159,0.142252584266611,0.00368089968303801,0.000127531465939269
1.02911127024838e-13,4.80169711615956e-05,0.000175078628625468,5.30716766420329e-07,3.39294188567601e-08,0.999776301115519,3.86384059065193e-08
1.35029666026198e-10,0.00165666838738582,0.136082459238854,0.000138164747239912,2.57687909851147e-05,0.862093834737976,3.10396252956728e-06
4.33906757622369e-08,1.5248426212142e-06,0.00145551107942078,0.000428986413035609,0.19517121461969,1.54250211942358e-05,0.802927294633363
0.000109210668816925,0.720297411738369,0,0.19967308576162,0.0242475823127867,0.054359377258256,0.00131333226015096
5.49924914896378e-09,1.56760369111805e-08,0.0006376786069209,0.000526441695228348,0.00527547485923338,5.24955762046035e-07,0.993559858707569
1.07313589793277e-06,0.00652651503352602,0.0270401221424748,0.871190949743327,0.0188655114875891,0.0535192976169677,0.0228565308402176
2.53549442912967e-12,2.0626834524779e-05,0.984377373021149,0.000376048490531197,4.09832540279329e-06,0.0144039332099191,0.000817920115937985
0.259249390403047,0.0495706845621375,1.44601089774417e-89,0.689124610264767,0.00104588578630866,0.00100551559852594,3.91338521424182e-06
0.347083740193069,0.609381511974916,0,0.0246259093058578,0.0189084311292828,2.98467962189558e-07,1.08928912268785e-07
5.811443491946e-09,0.523579522774767,4.80556502446561e-66,0.000355418834251258,4.72451965275664e-05,0.47601780454251,2.84049976460233e-09
4.93700985421556e-12,6.79793207660627e-06,0.960786913700941,0.000518586983116052,0.000173020394406111,0.031354748888846,0.00715993209567703
0.00099093452944725,0.0113606331824999,7.14028840078272e-06,0.619733557455493,0.0829531640728859,0.255391753205215,0.0295628172660574
0.021073420011762,0.43172529723225,9.68865270544781e-07,0.1404456517851,0.38189414235282,0.0248552893153011,5.2304374959488e-06
9.3298153913457e-13,7.56489670267151e-07,0.994401645854093,6.2206812098925e-06,0.000182134422552932,0.00250690661488035,0.00290233593666071
3.4621116953404e-10,5.60832423363936e-08,0.0168736924777674,0.0029322439978433,0.00165622480378304,4.12769061612283e-05,0.978496505384991
2.60592203306797e-05,1.55965542005091e-05,1.70667217167573e-05,0.0683586171558677,0.0176286941414822,3.01113060011424e-05,0.913923854900401
1.10975460525501e-13,1.69050280004561e-07,0.996821406301451,1.75488300880422e-05,1.18527871466816e-05,0.000476160391516893,0.00267286263940673
0.00105350609283385,0.0603931885816474,3.63901967732593e-05,0.726016809802252,0.0047638067490361,0.207615083632731,0.000121214944725619
0.181110048621012,0.474185457918259,3.81696554502636e-89,0.296395640495863,0.0481659348839962,0.000140821583064472,2.09649780529536e-06
0.999602726747557,0.000390035740630232,0,7.18689109845851e-06,5.06191755850225e-08,1.52588347242488e-12,1.31917708593672e-14
0.000474292437115347,8.23631099479241e-05,5.90556579682348e-05,0.0805838128246207,0.796149262120398,1.21862870552118e-05,0.122639027562894
0.000301956048268199,0.98094224174191,1.79512738810674e-86,0.012312090346208,0.000444135333393674,0.00599929102265727,2.85507562527005e-07
0.19105269869065,0.063669819055948,5.44034049736223e-70,0.298220511090248,0.446244638009946,0.00041612181557763,0.000396211337629627
7.12614798761427e-12,0.00124484590991867,0.0161761578711275,0.000100912033536825,5.19723426557273e-06,0.982470940774577,1.94616944850074e-06
0.00124943744337286,0.0135652255220852,8.895849150532e-67,0.698593967721649,0.280874603012494,0.00140473125936757,0.00431203504103109
4.23166193280866e-07,0.0408661355573835,0.266981045360745,0.0292669091887124,0.032237885672811,0.629455730479127,0.00119187057502806
4.03612939233888e-15,3.03057365328976e-07,0.998645983364814,1.25165558239464e-06,8.62657272359508e-08,0.00132825773089644,2.41179256102898e-05
2.15926843434247e-09,0.000112261979894261,0.627991390698281,0.00360436915816436,0.0054946712506484,0.160639380627103,0.20215792412664
1.49126590893679e-07,7.25052877159208e-06,0.036678517729237,0.0722856347745278,0.0851037548846729,0.000373579088491898,0.805551113867708
8.06211404745348e-05,0.00768142598232652,0.0250728124935905,0.629679497837485,0.298262799525232,0.00189152608222711,0.0373313169386648
0.0249401191897339,0.900063636902787,0,0.000410003929830946,0.0745730268269611,1.32016695691531e-05,1.14811179622132e-08
2.24239429836025e-07,8.8381005865491e-07,0.00047872756110078,0.131529802347067,0.00753802815924775,0.000117118130002704,0.860335215753094
0.00136522083852091,0.00458498630355677,3.53740217479949e-68,0.0534889896129427,0.940220706745071,1.22787715698257e-05,0.000327817728338885
1.78187988320229e-14,6.74504513470241e-07,0.98307732079048,2.33818944875182e-05,1.86563983898095e-06,0.0167868525322365,0.000109904638425368
2.81897660229541e-05,0.00633501177673767,0.00186537334085515,0.0726444410736449,0.878488528350051,0.00957546364056717,0.0310629920521214
5.12557559699302e-08,2.50233953076068e-06,0.00178367113526194,0.000114188929080666,0.926497004709016,7.35843073701841e-06,0.0715952232006173
2.47759622085656e-09,0.00372185480547736,0.834066677149441,0.000124747076511345,0.00134868670397782,0.160698510740687,3.9521046309382e-05
1.29039436146376e-06,0.00142027872796038,0.105790984345584,0.402817399374449,0.173678809454933,0.0606522802046666,0.255638957498045
2.37879746962078e-09,0.0287162585786185,0.0259948196390116,0.000169948212882465,0.00247499385095312,0.942642053249014,1.92409072243966e-06
1.2731287377143e-05,0.0551857169397986,1.39257227370492e-70,0.821411964829365,1.38521443691e-05,0.123374689345994,1.04545309563191e-06
0.00684533519717003,0.034785282445969,3.97146016350387e-87,0.294222830628553,0.659442229584535,0.000761921670410564,0.00394240047336206
1.25810552863928e-06,0.00041748921899708,0.0715452928269138,0.15035726777329,0.0306931957120618,0.000226527056897936,0.746758969306311
1.52875707290178e-15,6.57587129460028e-06,0.387942721840586,1.50081779714199e-06,1.14153015233061e-08,0.612049090515,9.95400184980153e-08
0.000190666454968986,0.011244442618593,0.00158571542680757,0.489455196654533,0.494620379664617,0.000373304540222493,0.00253029464025853
2.7841710129475e-15,2.08187696363944e-06,0.0162498498996249,3.80200521830639e-07,1.70496455590176e-08,0.983747643235831,2.77374102839855e-08
1.21344261654489e-15,5.16982931971846e-08,0.998721254013637,2.14575119814885e-06,1.57686320949212e-07,0.00126627860577806,1.01122447716271e-05
2.34890521726331e-06,0.00122283632197133,0.000867710413151064,0.0319642061707017,0.0807899941848352,0.878515884180248,0.00663701982387592
0.631871102405107,0.144011299812989,0,0.222155210250952,0.0019276448879099,3.43130033902019e-05,4.29639652455618e-07
6.25664875589095e-09,0.00019460837607894,0.0071066860531947,0.561822443236819,0.000171797828118182,0.390560257951045,0.0401442002980955
5.59431911001891e-09,3.14657064285773e-06,0.00184408116069502,0.00339857751236434,0.0283267214414828,0.000203865357045399,0.966223602363451
1.81209711438735e-05,0.00888612673372705,6.853534717319e-05,0.901539030113847,0.034261158451208,0.00875609791600384,0.0464709304668976
0.961245802813986,0.0383036824387932,4.83835109303211e-97,0.000162552136259262,0.000287936204769936,2.64048751478928e-08,1.31656198294782e-12
2.3114581964649e-12,3.76696632508318e-08,0.982186147937196,8.69112417133362e-05,9.62702616984996e-05,0.000111704486336145,0.0175189284010809
0.000725782851348487,4.38115357127322e-05,6.03126163886425e-08,0.858857877487487,0.017601849263519,7.18692913276415e-05,0.122698749257989
2.51529036880862e-07,0.000264697559898681,0.869719430282983,0.0162445451014899,0.0192698524778068,0.0106748691334996,0.0838263539152855
0.229778706472705,0.0240156666834337,1.42560456936003e-72,0.00652118250552394,0.739627338973547,5.25408457087933e-05,4.56451908164918e-06
4.56875846066948e-08,1.18073295419432e-05,0.00722017568291531,0.00982458612334862,0.0882570142918407,0.000605183339210222,0.894081187545559
0.0403405726150188,0.95140238196584,1.91621703488583e-152,0.00631041939531504,0.00191981835728574,2.68060911783457e-05,1.57536206247583e-09
2.1389939285087e-07,0.0183368941461901,0.768647926191123,0.000569307722184661,0.208827522878396,0.00345662785741573,0.000161507305298166
0.634584188024913,0.359970787451887,0,0.00457046798822597,0.000733038253754447,0.000141493755911591,2.45253075185725e-08
6.81551848629733e-09,1.12050347498863e-05,0.00276802039038224,0.00406969548494439,0.016043903302731,0.000588642302763318,0.976518526668911
5.28367700842512e-09,0.00013281331933428,0.293817509707842,0.0153924958062769,0.0185711876316725,0.0337501418837231,0.638335846367474
6.39033388497641e-10,0.000236863891868155,0.00293862004607504,0.0187126364488882,1.58125335650331e-06,0.978096974162947,1.33235578312825e-05
0.0038183836095135,0.0194481689574288,2.10427693225701e-07,0.823127768585715,0.152487502735432,0.000305275704379228,0.000812689979837733
0.895659727932978,0.00315978701652145,8.99209123910109e-75,0.0488966905464948,0.0522655952808409,1.75639771355806e-06,1.64428254514992e-05
0.00176514482853517,0.0184480421858764,2.48396868806001e-148,0.875575315076708,0.0895146257002909,0.00157185671580291,0.0131250154927867
0.612199960868878,0.19638728953591,1.4274428583175e-152,0.0181672924119996,0.173243782548237,1.21706655594668e-06,4.57568419524674e-07
6.3522879642911e-05,0.817042328590852,4.37297815672585e-68,0.00617035270489022,0.0130598035980956,0.163662745103859,1.2471226606598e-06
4.31515043596397e-10,6.74360709646933e-05,0.995052572365971,0.000832912423588604,0.00192890099194472,0.000551474680464204,0.00156670303555175
3.00100906376366e-05,0.0266298819145849,2.30506808946222e-66,0.033502240591703,0.93524250760275,0.00425820150432079,0.000337158296003503
0.986745512382851,0.00530551982875729,0,0.00787352067963578,7.54310111005398e-05,2.57114410115383e-09,1.35265120053152e-08
0.00111431345645579,0.977425685056326,6.43725148509221e-87,0.00721438374412516,0.0118721799510087,0.00237343129417995,6.49790420391628e-09
1.5088738382056e-09,0.00204700859736373,3.53832685458794e-67,0.00024641448957431,9.42605277919102e-05,0.997602766373717,9.54850267871955e-06
1.66260896974921e-16,2.56588178952011e-05,0.0821577215579728,2.55947986558305e-08,3.96778130222325e-09,0.917816586439848,3.62170363886664e-09
3.42340070947044e-12,0.000488374064141814,0.591443243207719,0.000233688972952249,2.00527523533569e-06,0.407820247802203,1.2440674325296e-05
6.71488921617033e-09,1.4250883848274e-08,0.000331994063996668,0.00337178358127095,0.00405913035220973,7.92865867138373e-07,0.992236278170882
0.998661857083221,0.00132894975727421,9.91855964067856e-163,9.07200445270084e-06,1.2111337767726e-07,4.16735138276994e-11,9.0838756721072e-16
0.00249588112962547,0.00257235767681778,1.90672767133985e-07,0.785261991425251,0.160960399892823,0.000328315441221113,0.0483808637614945
0.0487053507497654,0.00291978563720797,3.15045265868765e-150,0.0952670011883417,0.852931709532335,5.22712145312765e-07,0.00017563018020421
0.104631957891599,0.446116407467115,1.85715605608256e-88,0.0545898300535001,0.394628606642532,2.94667039424552e-05,3.7312413120372e-06
3.43158483492459e-07,3.23283981532357e-06,2.80407521080284e-66,0.0439166033309126,0.0260305008208952,0.00116252663241369,0.92888679321748
6.95945855995425e-09,1.1339690602111e-05,0.00391738682545345,0.0126217285784009,0.00786370812162738,0.0220846463738362,0.953501183450621
2.0887618529045e-07,0.000305596129017699,8.67239695847951e-05,0.95185450497582,1.60989259237738e-05,0.046691223051676,0.0010456440717924
0.11505337024252,0.00509304824527316,1.38212038364849e-152,0.00646842191828041,0.873384024840001,5.75997528839398e-08,1.07715417255317e-06
0.00239593001891617,0.00458777457018667,5.62850035812796e-08,0.960580430747378,0.00379921469220238,0.0224455242260276,0.00619106946028623
5.64124236111132e-07,8.05551436311031e-05,0.161248820328158,0.0590265282011838,0.0438378873885403,0.00942102320182107,0.72638462161243
0.0295514060953602,0.97024390214571,0,0.000190589130984939,1.33335201824864e-05,7.69107477444081e-07,2.85389088231255e-13
4.51275493114892e-09,3.2467460736652e-05,0.0151135910637681,0.0583545956629043,0.0025658080236266,0.00737733734552579,0.916556195930684
1.57354085115365e-05,0.00288610706027309,0.000565691680315334,0.365449188025795,0.549524371874438,0.00105891045615491,0.0804999954945122
0.0025133423877638,5.62099082296817e-06,1.43534613454368e-08,0.680633519324518,0.0635025607010964,1.28733737997142e-06,0.253343654904957
8.84124022804966e-16,1.34826103105717e-07,0.995680049450971,1.20866762762954e-07,1.58983597736101e-08,0.00431835775178383,1.32120601882584e-06
2.19186027711822e-05,0.000149466857543209,0.000420852459974204,0.0647713431908686,0.0604097617919782,4.16148196718989e-05,0.874185042277193
1.0144051566089e-06,0.041465345215194,1.92544130220529e-63,0.0129298022644767,0.0270236311761334,0.917215501884687,0.00136470505435255
5.28696444158824e-08,0.00456394120468178,0.0402646009080868,0.00698154686027032,0.0195062518611089,0.927585231165654,0.00109837513055342
5.0100356838539e-12,0.000704550833855563,0.787927420772996,0.0004545288674582,1.38589908611729e-06,0.210911141311526,9.72310068238088e-07
9.41556039165841e-06,7.06226025688652e-06,6.0216519655802e-69,0.99322984761466,0.000215653850033204,4.85183406149627e-05,0.00648950237404354
3.47526149204711e-07,2.35692921965877e-07,2.66665280451081e-05,0.0179868339632657,0.0321556902575995,1.20500736820199e-06,0.94982902102465
0.00109434625236668,0.886694116650953,2.36937613804868e-07,0.00147403605494431,0.100079283512407,0.0106578783144165,1.02277298437769e-07
1.98321375450368e-12,1.17408080135814e-07,0.988810155554883,0.000349512190038942,5.57746435304557e-06,0.000497170835641899,0.0103374665450204
1.33709627056228e-06,0.000141595717377851,1.89008486587086e-146,9.44720780770318e-05,0.999532429077947,4.43893259179911e-06,0.00022572709773565
2.87428645001427e-11,0.000158269203610871,5.31477150877411e-66,8.05612804205921e-06,1.31178714084788e-05,0.99982038680668,1.69961515806994e-07
1.824534286031e-13,5.99454063063147e-06,0.804769726822658,3.93725532120334e-05,1.74622933744252e-06,0.195015053533544,0.000168106320435022
6.36645248260616e-05,0.0154380628803083,0.000328222764098507,0.00531481027642374,0.976299338319473,0.00218582009828948,0.000370081136581323
0.223137305800243,0.0144245103808517,3.13588467189244e-149,0.339514877085881,0.4131927631753,0.000603852331158554,0.0091266912265661
0.0193179759503812,0.979804844411192,4.84755659900482e-155,0.000791415093047469,8.46193760675722e-05,1.1450020546105e-06,1.67257031890544e-10
2.36341121784663e-13,1.73435699413728e-07,0.999755277012744,1.08973129559135e-05,7.37080147608272e-07,4.00435022306881e-05,0.000192871655985958
1.39768355686802e-05,9.24562965722369e-05,0,0.0234318477898388,0.084628550687312,4.20837831426867e-05,0.891791084607566
1.98392429333138e-07,0.00407599399946917,4.27883776344134e-05,0.00330798288965356,0.00153853137317488,0.99101562257597,1.88823916688021e-05
0.834805591836402,0.143958502299308,5.13436471225946e-92,0.00180515519975547,0.0194307098073563,3.60229338862908e-08,4.83424413606016e-09
6.03881833755982e-05,5.11853920743287e-06,6.82750280665449e-69,0.00144516249621532,0.985570952618981,1.32412672007238e-07,0.0129182457495486
4.6759450109133e-06,0.995594789564448,4.40672595881284e-149,5.47491109191716e-05,0.00284448585747633,0.00150129774105502,1.78109084284255e-09
1.76195244156926e-06,0.0291210546363307,3.32674352616784e-85,0.178881807649606,0.000230919834863997,0.791751626825994,1.28291007637219e-05
4.03088819880005e-10,2.54251401713357e-07,0.0359139533435785,0.0117662010609002,0.000521946326505935,8.89736556911736e-06,0.951788747248956
0.0210001266467122,0.93974897900802,2.6403849487371e-89,0.0255882884915223,0.0108827446837843,0.00277980349809145,5.76718702644163e-08
1.47709648305088e-12,2.76332126691817e-10,0.017482327415649,4.2833978431499e-06,0.00116599298726109,2.94138064772664e-09,0.981347392980057
2.84813633664324e-06,0.00261605241536692,4.92218071130781e-65,0.717044294869305,0.101401514566571,0.00422064569510041,0.17471464431732
0.00565458672229247,0.000175650187871243,1.05075882675318e-70,0.304921734295001,0.658790121078511,4.57098956278986e-06,0.0304533367267618
4.76126015452554e-05,3.63057325290879e-06,1.57447699328242e-06,0.789750994611554,0.0113933132733748,1.0188884793721e-06,0.198801855574801
0.00238540817924544,0.315901721531431,4.46370303005281e-86,0.356431090831819,0.0286071244560898,0.296502411067154,0.00017224393426185
3.19095295313532e-15,7.31311072144091e-07,0.995074739896949,9.71751535845381e-07,3.37981962787317e-07,0.0049168119266774,6.40713179966261e-06
0.0181308763379391,0.979951255669219,7.2655685444289e-153,0.000281349631765695,0.0015079880668484,0.000128529487521715,8.06705924118186e-10
1.20826079983577e-08,1.80626625969597e-08,0.000610878839927192,0.000342537925145511,0.0256246576342741,2.3948561014054e-07,0.973421655969773
0.999599800203936,0.0002996908333075,0,5.53621061959701e-06,9.49726921843915e-05,5.35338629822794e-11,6.41909249533565e-12
1.32467291386369e-07,0.000167359319681671,0.192914893905856,0.0827562644183087,0.106529526699785,0.0142999674515096,0.603331855737568
1.70603764977533e-05,0.0237688050306799,0.113382159031867,0.285139809122784,0.184731348721006,0.372066121940587,0.0208946957765785
0.00350399639237171,0.738607396223868,5.62636264429125e-71,0.243588928387464,0.00238810271322427,0.0119114196217927,1.56661279536278e-07
5.13057901482698e-05,9.30264078409757e-05,2.3489029958864e-68,0.0264311766866292,0.107908983929432,5.35092453387274e-05,0.865461997940611
2.64578274189438e-07,0.000226982920935006,0.00132230069285205,0.920524583508981,0.000626666152652426,0.00947083585459536,0.0678283662917097
0.906110252405035,0.0118536510545245,0,0.0732834070649723,0.00868303758409828,1.98952289297978e-06,6.7662368476682e-05
0.000122335981986549,0.0194471028424072,2.20236089289259e-66,0.00499918024767638,0.971628667990347,0.00291726923352722,0.000885443704055848
0.00506541163987316,0.00322002064429104,1.92563966712299e-151,0.987762520823075,0.00387796757597734,1.69228240716147e-05,5.71564927113889e-05
9.72762719299495e-09,0.000341374784747571,0.737466852573858,0.0221414808745209,0.00120156449605891,0.233720695992929,0.00512802155025845
2.93583641480865e-07,0.000114477740241492,0.393186274095186,0.0124483494690933,0.353354621101087,0.00029326743868712,0.240602716572063
1.14765643784016e-11,0.00124551396923932,0.00178903299505807,1.32541454528099e-05,3.1691906796828e-05,0.996920111242671,3.9572930489583e-07
1.25199292466061e-14,6.121135606255e-09,0.991506134259757,8.82817490856524e-06,4.54660415990615e-06,2.23438484068778e-05,0.00845814099161947
6.00362759122288e-10,0.000526997175282488,0.000724543746290843,0.000301025755777902,1.23068581354681e-06,0.998438166242716,8.0357937570062e-06
5.58151352198196e-10,6.26382518777853e-07,0.148761949810718,0.00500543687462741,0.000919786686024159,0.000108935399319568,0.845203264288641
2.78920373121782e-11,6.95506697187833e-07,0.98978219796043,7.06548693064373e-05,0.00117927472656407,0.00152365577398543,0.00744352113512445
