0.768160339683445,0.00215834149625011,3.09868382474892e-44,0.0215996838946047,0.0491813188789436,0.142626999698175,0.0160998121707046,0.00017350417787757
0.340494029122435,0.000315593094952775,1.31515055957203e-06,0.0448384535711918,0.0852137981815624,0.429342006333434,0.0883528675973302,0.0114419369485342
0.00632888838951331,0.957082198996786,0,3.33621709901278e-10,2.85415158098232e-06,0.000272312086459053,0.0363137004859648,4.55560738468536e-08
0.0239151829892698,0.0133946462794458,9.7429061211299e-75,5.84736194828307e-05,0.961021653009077,0.000322023086022411,0.00128728443968246,7.36577019577555e-07
0.0133621626537921,2.58202389686592e-09,0.000188708485692823,0.976417905309604,0.00265225196227488,0.00736404466777317,2.88108398500153e-07,1.46362304408222e-05
0.886446334995034,0.000203147896847841,1.13620777320428e-09,0.00172865790398877,0.000501400827767829,0.0806423499794301,0.0176777647820961,0.0128003424786276
0.566699470804931,5.22191516845061e-06,2.48086770145263e-08,0.01904876102597,0.00277082791494518,0.411408671228352,4.16240139047422e-05,2.53982880512272e-05
0.00150967718267168,0.876430126415027,0,1.98724168553888e-12,1.35397608291782e-07,4.51894481070911e-05,0.122014863401474,8.15312461942415e-09
0.0154608104893843,1.88962295320953e-10,4.59143547486642e-05,0.982254369156466,0.00138483134581273,0.00085265912346061,2.54088477771571e-07,1.16125268725125e-06
0.582435977258276,5.52134542952852e-06,1.77710878516398e-08,0.16873523506754,0.248768459157634,5.20946584666167e-05,2.51628471845908e-06,1.78456846675662e-07
0.0226024160580834,0.0223619085919767,1.28916180119785e-253,7.57441561711203e-06,0.951172527417346,3.82888070807288e-06,0.00385168843666951,5.61995990211838e-08
0.000837561776545555,2.52252606659476e-08,0.0240018237586986,0.0281803187643277,2.13161402366103e-05,0.937357959630284,0.000300945767655367,0.00930004893699092
0.0665068307732729,9.17865036320709e-05,7.74632747619004e-145,0.182951410846479,0.125667381005356,0.617622192568233,0.005642034595457,0.0015183637075697
1.64354784140855e-06,2.1209642071974e-08,0.0340839468600262,0.00111887580191824,9.37332315377781e-05,0.8641003964373,0.00708563709946732,0.0935157458122671
0.000237628450966862,0.00421400155174743,1.9644869963517e-74,3.33352358365646e-09,3.83366323381062e-05,0.126510668472743,0.868992490320729,6.87123795161901e-06
0.0140432157451361,4.0756349140688e-08,0.000643581554753253,0.4115704202193,0.573735160021146,6.89629858415832e-06,3.74385122291337e-07,3.11019609201829e-07
2.74987458719171e-12,8.57829401021481e-16,0.00542833348085217,1.18520010225252e-07,3.13694279626058e-09,3.64318236732239e-05,1.83469046283166e-05,0.994516766131143
1.32997345244147e-08,4.52256519784976e-12,0.034451824798419,0.000117196109068744,2.36152783376227e-06,0.0620883100444045,0.00020779118889427,0.903132503027123
0.00214687471297105,3.84521276242453e-05,5.32915420077247e-144,0.000761723344045732,0.903845731020616,0.0162651775310844,0.0703561278591384,0.00658591340452038
1.12117647670104e-05,1.67410488370041e-10,0.00136502058011131,5.76933146891602e-05,1.07872280184729e-07,0.0184437088978769,0.00245577917923133,0.977666478223634
0.000922925712696627,7.14406939658069e-10,0.0802587751975273,0.896414234603182,0.0207078749159349,0.00104632776584706,1.66505289432244e-05,0.000633210561461699
0.326527457462758,0.556767672430771,0,1.98722638187532e-05,0.00155970652617545,0.101244178232038,0.0138733819193743,7.73116506473783e-06
0.638018718645971,0.00866057847582968,2.90626755487324e-74,0.000985755225735715,0.349871430509507,9.71472106461229e-05,0.00236599843660671,3.71495704278125e-07
9.23101015493222e-05,1.12569644444807e-08,1.51314710181935e-05,0.00171182095785692,6.25006382579542e-07,0.991685743300662,0.000197520768473916,0.00629683713709249
0.000370454328019529,0.0288185226350527,6.78956647795596e-253,3.3660902156267e-08,0.0268219739949103,0.0109446243770897,0.932612243392231,0.000432147611794771
3.35379054885682e-05,0.000332264221027005,4.95300918584772e-212,9.38624467628038e-07,0.69100907502127,0.000284289578707625,0.308071661923731,0.000268232725308381
0.000115942079843078,7.52742702103419e-06,1.84338880063228e-108,1.79110339587807e-06,4.49337772147863e-05,0.878916883983536,0.0886570452698943,0.0322558763590947
0.00635361595785417,2.64187286277364e-07,1.62019034598674e-42,0.0209962676687569,0.000485390131923554,0.846419327741806,0.00585434971475687,0.119890784597616
0.928980539656328,0.0613302161481813,3.12978416135032e-153,1.75576978050678e-06,0.0039836304279126,0.000834639116047026,0.00486907746936589,1.41412384080864e-07
9.12350402947555e-15,9.90583461882368e-19,0.973493344860579,3.61115115410144e-08,5.14808765318144e-11,5.97479925014361e-07,8.2745183158111e-08,0.0265059387513111
0.0544476736742756,1.65430778878403e-06,1.72964897831028e-05,0.00223655877398245,2.94090589024059e-05,0.940788813477649,0.000269666832078688,0.00220892738554018
7.70292318442655e-06,1.23388235094541e-13,0.35794144644141,0.63911681705015,0.00291460139038961,2.94304206000691e-06,2.77642382552176e-08,1.6461388444481e-05
0.00707273560504715,0.989615848386473,0,6.12361848566296e-10,0.000912028521730764,5.22672531497945e-07,0.00239886413285486,6.90010313382097e-11
0.00403947479488216,9.31598284457673e-10,1.01112639622881e-06,0.988304295727939,0.00759455888049119,5.9818383322878e-05,1.23794341448982e-08,8.27775935631442e-07
0.00893896165173195,0.000516384685163505,5.17083047533406e-185,0.000764108639326288,0.0106029466424073,0.953673404953012,0.0204276890863937,0.00507650434196486
0.972084385698251,0.0206022118159564,0,0.000142781798606261,0.00651029310880946,0.000159482248812901,0.000500771692022886,7.36375414235233e-08
1.40636158612051e-15,8.25653747087131e-18,5.20697793097369e-06,8.90335714358195e-11,1.51477495680192e-11,3.20934169204029e-07,2.09299446776868e-06,0.999992378989249
0.218623544873026,0.000968376697566145,5.99137273843953e-45,0.00125907473457857,0.0156707775150267,0.681068481174958,0.082350722105484,5.90228993606116e-05
0.00451443662041477,1.16357966557604e-05,2.78691502802323e-72,0.00412311287304356,0.991226050943888,3.25629731720856e-07,0.000124372408363224,6.5727902865508e-08
1.38138205142227e-10,3.86190759623063e-13,0.00684159577484894,1.15451193167186e-07,8.76544727983165e-08,0.000100363379186786,0.000142607183682528,0.992915230418091
0.000282399883786556,0.998967254069804,0,7.483567157525e-14,8.27314811979514e-07,4.3394448370538e-08,0.000749475332637804,4.43649503759474e-12
0.000108036022725972,0.710924982026786,1.52143609725908e-81,9.23146155491562e-11,0.00224231819865577,6.10064485905277e-05,0.286663646345417,1.08655100939883e-08
0.236905303686462,0.651357255312718,6.02842096314474e-255,2.24421382559864e-06,0.00191522571571326,0.0347884598659957,0.0750160811114935,1.54300937917195e-05
4.90414643500349e-05,3.08876166244451e-07,1.63487849840608e-144,0.0168675167756596,0.960311141681095,0.0015435098570472,0.00203440576198876,0.0191940755836929
0.0111311305094088,0.0141317966416052,6.49132750194475e-08,0.00069833682684046,0.144985471566889,0.75900062646821,0.0678024884354928,0.00225008463827898
0.0014043420373611,4.86212228943994e-10,6.56132928960157e-05,0.997002280734753,0.00146179698673935,6.5917607773692e-05,1.93975764573107e-08,2.94566884075659e-08
0.978918427778978,3.811465333975e-05,9.91809712720428e-13,0.000981974427270579,3.22733492400021e-06,0.0199843358546629,7.10819716418863e-05,2.83797819069539e-06
0.000662994631369256,9.13121712628274e-12,0.000335982957606414,0.998339791713638,0.000657611975396067,3.61276765492036e-06,2.89693193003542e-10,5.65551118120401e-09
0.0150527042038544,3.0308154411534e-06,1.01983704201259e-06,0.00657127203898121,0.000203751286242916,0.977722966961663,0.000418589982934254,2.6664873840823e-05
0.0261502035236514,0.000431376227374775,1.4258562638741e-146,9.5703902660412e-06,0.0579748038446476,0.00277375585611229,0.864652129875508,0.0480081602824399
0.00632663975710057,0.000747916154540356,1.41881152006323e-07,0.00156740702228509,0.0162068004995197,0.920415760795006,0.042068982135557,0.0126663517548391
2.49559637906346e-06,0.212199963570169,9.32849804567206e-220,9.82222014885475e-12,0.000321197565668106,1.34439938233866e-05,0.787462866781134,3.24830043252796e-08
8.30135378404945e-10,6.85736283605504e-13,0.000460664013682932,2.11633367986634e-07,9.14475411196938e-10,0.0002338090531388,0.000151401681904538,0.999153911872609
0.000844897442829093,0.00866594714345854,1.32640274864902e-76,9.21859341506737e-07,0.97907612155262,6.12894931164149e-06,0.0114059011819446,8.18704950577793e-08
0.000527233178404336,0.897599589808174,0,8.41712207180449e-10,0.00470928447052134,0.00011081343944384,0.097053075960441,2.30130338750942e-09
0.0260025521587629,3.59312241393419e-05,2.10534305902916e-06,0.0483580906552321,0.924787964960782,0.000297350676035264,0.00051121812829416,4.78685369484506e-06
3.05195488884849e-05,2.03967145732119e-08,6.74424564466811e-05,0.00364639343657236,0.175463484184339,0.00814328381692745,0.0118102646603668,0.800838591499745
1.36064398134603e-05,2.24996558853792e-09,0.012164110660316,0.0053858690807128,5.50291013924622e-05,0.748314714952182,0.000661206044380691,0.233405461471237
1.18438905816393e-06,8.92960885082593e-13,0.983976423539965,0.0124144249726726,4.34235454684523e-05,5.77391906071776e-05,3.47091655757889e-06,0.00350333344477835
0.000103670207945815,4.00474952920529e-13,0.000584629419173275,0.999142324988758,0.000165062779735716,4.04063835765816e-06,4.86892973293933e-10,2.71478736370931e-07
0.00123873899115187,1.38598745497467e-05,2.18973777803895e-05,0.0227774701153595,0.0385757989838113,0.892663215355597,0.00891260694947319,0.0357964123522768
0.00311036691975335,1.63351187053981e-10,0.000234443840113348,0.995096683894373,0.00146747933793052,9.07665523991847e-05,9.43470372445094e-09,2.49857375367967e-07
0.000566759410537395,0.958977100611781,7.06469416164983e-260,2.26476307470919e-12,1.15435147183761e-06,0.0042068150911561,0.0362480135034571,1.5702933189342e-07
0.0242505721260431,4.07777438698771e-07,0.00246471216080823,0.494733210852438,0.0238269486647719,0.411852222032377,0.00123534922283013,0.0416365771632932
8.11478344212221e-05,0.0195766540923795,3.96323415886322e-116,2.76939848566598e-10,0.000256689585650624,0.00767995928566908,0.972396755333317,8.7935916226902e-06
0.00259549493633013,1.18381082741804e-10,0.0106545257419464,0.902657474037528,3.72920059416998e-05,0.0821002582024463,1.0672851496852e-05,0.00194428210592925
0.0113716965725848,0.00026546439005691,1.0113444140495e-07,0.00133792067549365,0.986657566479259,0.000292285624069997,7.44357258727756e-05,5.29398221353595e-07
0.00407061462418591,0.964929954727723,0,5.48940773183693e-10,0.00357196048778006,5.97479445413893e-07,0.0274268712596523,8.72272684171847e-10
0.930562628102146,7.05234088173138e-06,4.59107007013006e-147,0.0610543471966018,0.00836882181585825,5.77448100983974e-06,1.31774152110962e-06,5.8321981370439e-08
0.000371893054104622,0.00579834117409812,4.57526174185732e-213,4.71486720013265e-07,0.981922522938571,7.4055138201986e-06,0.0118993594953742,6.33731202277017e-09
0.0023980946388626,0.00459439560414366,9.27493703864754e-213,1.86684379102923e-05,0.979973569639972,0.000744936563259444,0.0122654337136705,4.90140218118291e-06
0.206186339341958,1.59826177827527e-07,2.49295675384888e-05,0.786212012504039,0.00287875156137367,0.00458447825477778,3.96327251124669e-05,7.36962190233758e-05
2.23149935225816e-05,2.98224270852318e-11,0.00408503568772372,0.00221616935784566,3.26709376919464e-05,0.0115983810851395,0.000483926122732339,0.981561501785522
0.0186424231927604,0.517465298930831,6.71692114719568e-77,3.02873200205625e-06,0.365666786983029,0.0012401269279138,0.096982070512193,2.64721270058164e-07
2.41405755381869e-05,4.94046659334504e-08,0.0478164655098444,0.00110702243157673,1.96325530957721e-05,0.535745206474126,0.0160150060020915,0.399272477049061
1.15951924284177e-05,0.184307956222365,2.78526975921978e-79,3.20410449070205e-12,1.06177881825411e-06,0.143359209020833,0.67231777291359,2.40486876114796e-06
0.00190347641131259,7.5454481887529e-07,6.72387607514424e-144,0.000401440333126219,1.5176129766194e-06,0.473400221064387,0.0223072936234813,0.501985296409898
0.000851255582912468,0.921458080362499,1.59905255490908e-154,6.11277513766908e-10,0.000324714591985525,0.00398896908818357,0.0733766207408828,3.59022258647632e-07
0.243533801720143,0.571239350151949,1.08503387456193e-13,1.82847720575202e-06,0.00405762647848079,0.113648822970496,0.0675184434331151,1.26768501956716e-07
0.00325280566927415,0.996343877642802,5.10453355732619e-84,5.78904928496227e-11,7.38254806041848e-05,2.71537992635569e-06,0.000326775768682908,8.19946370061405e-13
0.000401132765607749,1.96778541066874e-10,0.000621667656613052,0.0784825719934453,2.71172934128092e-06,0.919826289044738,3.13569270490148e-06,0.000662490920771712
9.98226318794096e-06,0.937308241278339,8.91690121228045e-264,5.86168374961264e-16,2.26739708914991e-06,2.48949530682795e-08,0.0626794841523688,1.40608747823032e-11
1.82414229703054e-05,2.18668167120343e-09,0.0112878486173041,0.00154252491467467,0.00217075476366903,0.0729916536950083,0.00386303579265701,0.908125938607035
0.000733050020803534,0.0873863708962916,0,6.33299541371217e-08,0.853373715626567,4.93179565093587e-05,0.0584573483390706,1.33830803513561e-07
0.00276660219769231,0.0155073939680489,2.12539134060124e-76,2.10001014439357e-07,0.0509282415399676,0.00778537995094633,0.922837324964246,0.000174847378084648
0.29139402596698,0.0153259828040181,6.56609648007193e-250,7.11816341511278e-05,0.0564706984986903,0.00999860448998823,0.626429101757589,0.000310404848583759
0.0056480014982534,5.79761157540768e-10,4.15881622030412e-295,0.992884238244176,0.00131394382965375,0.000152388336317551,4.64272584603656e-08,1.38108457946298e-06
0.023925791345249,1.62209616904086e-09,2.27732346913347e-143,0.972220000229445,0.00351347344490029,0.000340323308058814,4.35752163087978e-08,3.66475034815157e-07
0.0079876942943153,2.4771467852282e-09,0.00386398077003594,0.968584949882781,0.00312485981329581,0.015161736091652,2.35970075003897e-05,0.0012531796632727
2.28983738028567e-05,2.86276083710889e-08,0.0117115365552072,8.09817853013256e-05,2.34119437911507e-05,0.764510873334173,0.00215311611013344,0.221497153269983
2.70379234401864e-08,1.67219082718538e-13,0.997320483078571,0.00240028646165924,5.4679208129074e-06,0.000237444974287813,2.54124364101854e-08,3.62651141418557e-05
0.0776094782804761,0.0963865754651387,4.42396228429129e-49,1.87484684555975e-06,0.000275486019357983,0.819874473917017,0.00584665244568631,5.4590254778728e-06
0.976715591299307,8.39464612133156e-05,8.04176430843477e-09,0.00518418465264817,0.00161551451864597,0.0160526529921755,0.000335632638350928,1.24693958946891e-05
0.00793229756023386,0.991833986728697,0,1.34559559432925e-10,2.5232129962517e-05,1.96872451015695e-07,0.000208286573804289,2.9130638378778e-13
0.014749670837721,2.55835014350698e-05,1.32705366320911e-71,0.00295927730188214,0.000202067238566428,0.951741545705479,0.0174440251076569,0.0128778303072595
0.934004175558696,2.23096513476385e-06,8.32674462475074e-186,0.0566943512907641,0.00917354843952242,0.00012126721748534,2.71650547002998e-06,1.71002292764701e-06
0.85664317025029,0.0422479131270755,1.51499299726751e-212,0.000453421976736799,0.0924006703307878,0.00135338322060582,0.00690140547188903,3.56226148468815e-08
0.00043667138283301,0.0452183948220091,3.64500143972555e-255,2.71929312965622e-09,3.61076073343529e-05,0.0826671778024187,0.871633073069725,8.57259638652372e-06
0.0006400744458208,0.000376243182719024,3.63096994511026e-47,2.56104418684008e-06,5.81467610185223e-05,0.961037398051085,0.0359983061245201,0.00188727039064952
0.000432053065257561,9.74566971385079e-06,0.00060482770606644,0.00755887991444242,0.719883141143544,0.185423188689779,0.0589472314375329,0.0271409323736638
1.11582142562184e-06,7.45380115556686e-13,0.795789526496099,0.0189816665038299,5.54320190045636e-05,0.000138243929320719,4.4357360275943e-06,0.185029579493547
1.3217358859432e-07,1.66602495335393e-13,0.983780072658014,0.0161356706185446,7.305915831375e-06,7.49385644869566e-05,2.07440742061062e-09,1.87799496021418e-06
6.71624075550455e-05,1.10021016770385e-07,1.45291752872395e-142,0.000151062429236509,0.773381393525781,0.00215912000358182,0.0660112802388896,0.158229871373939
2.00905030192812e-08,1.64246622149757e-14,0.986778345547968,0.00042776303693331,1.30585363978725e-05,1.88096238038734e-06,1.19508484223356e-06,0.0127777367409592
3.44579594200804e-06,0.00103469016420955,6.60223665967859e-213,3.00289875491064e-09,0.00216973827524425,5.82755591674352e-05,0.996365836360553,0.00036801084198475
0.248094038110788,0.00092594531093624,3.11336420843486e-145,0.00804662470484908,0.126899636003833,0.611499789027321,0.00414719856256589,0.000386768279707817
0.000116756133597687,2.72582266483704e-09,0.0138272131685868,0.00485699190258534,8.30785557928292e-05,0.0231333624653507,7.25537625741486e-05,0.95791004128569
8.44045652826126e-06,2.99389178532711e-05,0,1.17731490879716e-07,0.922675697190959,7.99332225796812e-06,0.0772367113084184,4.11010724919038e-05
0.0585944759807084,0.399427704420927,1.19971897091461e-78,5.9059145430189e-06,0.540711843226744,0.000116956891881435,0.00114311249131624,1.07388038679886e-09
0.157620760349869,0.00142981014311229,5.94405014438196e-47,6.42836940127665e-05,3.09364995429087e-05,0.834261537625388,0.00639418123450071,0.000198490453574096
0.601646694131208,0.0272691917569429,1.44810581452629e-149,4.36764855568981e-05,0.0710814578616193,0.116927525630657,0.183005045323389,2.64088106273381e-05
0.073281389754168,1.51169328669011e-06,2.81807030229259e-209,0.466600725701424,0.459826816664622,0.000285662992964688,3.25388935903514e-06,6.3930417507918e-07
0.726650442715363,0.034561931373398,3.09258503855682e-74,2.4205668547206e-05,0.0275212308723299,0.00885621171650601,0.202244342995907,0.000141634657948417
0.745799626309845,7.69868585816956e-06,1.8523159854601e-297,0.229235130587782,0.0159826604395037,0.00879537978864744,8.06601357753812e-05,9.88440525882425e-05
0.00505016132901967,9.80235817387171e-10,0.000117566052748253,0.968008806809055,0.0267903422500175,3.2925353892598e-05,3.28246369512511e-08,1.64400393971183e-07
4.34591520106799e-09,7.42280934168678e-15,0.937206184437549,0.00156855627701467,2.55982912911869e-07,0.006402225788476,4.471033847143e-06,0.0548183021342772
1.08514768323371e-06,2.23447963625283e-05,7.13560533466216e-76,6.1592907883513e-10,3.02756271017736e-06,0.0029457434757151,0.996226340736605,0.000801457664995233
0.000192277449414453,0.462663952866586,1.93462841101047e-78,6.19286703249298e-08,0.128665596996405,0.000439962439449381,0.408037706436498,4.41882976897078e-07
0.00140855017170525,2.27238671522302e-09,0.00695274946012151,0.210648800877963,0.000205693070595626,0.679663889050025,0.000854625411055365,0.100265689686148
0.060624587731706,3.83197377217655e-05,5.86850706590438e-70,0.0201508624318146,0.853414169955678,0.00962621808983618,0.0540169904426147,0.00212885161062904
0.00209765925453385,2.67320179273267e-10,0.000369210376684829,0.996080086751823,0.00129450917508599,0.000146562970752241,5.98014318868531e-08,1.19114023681121e-05
0.000172624012076347,1.46846163540572e-06,1.59390439457481e-143,0.000108014929670542,0.00028459650608064,0.611568990635183,0.0175668103104062,0.370297495144948
0.074638891400262,2.87898376093095e-07,0.000472385627927505,0.869151589775317,0.0546533330435143,0.00101387398634351,5.27017737961485e-05,1.69364944632692e-05
0.0486571388433901,8.54874761102434e-07,7.86047048158095e-07,0.00845553404186029,2.84539961505371e-05,0.942652344149074,0.000150127191082328,5.47608566337119e-05
5.81018150244256e-05,1.05897598378776e-10,0.781642155370094,0.155340387090065,0.000237642309335724,0.0380086899347466,4.7790250383766e-05,0.0246652331244534
0.00509312077587165,0.763233868832574,3.35197181448563e-216,6.37532141283219e-09,0.00386734967481544,0.00222834039268942,0.225547981092013,2.93328567152864e-05
0.165152341908875,1.52617252401399e-05,2.0933666387021e-08,0.000540579745820827,0.000308709661987076,0.829346252885433,0.00449347799548494,0.000143355143493346
0.000299372672574407,0.989193782540543,2.84580594320778e-222,1.73274597354085e-10,0.00749243761997637,1.77429100583889e-07,0.003014229461485,1.03046042621934e-10
0.000109386899251899,0.0297054057565545,6.55735603977429e-150,1.05046399847347e-06,0.113286311476104,0.00197695868439103,0.853739703732009,0.00118118298769073
0.00172006279210863,0.0159124993731633,0,1.56340639247431e-07,0.0725490299956373,0.000752636835701893,0.909003685798503,6.19288642466887e-05
0.445736455008827,6.61418612434593e-07,0.000375131798039553,0.274264579237856,0.0462535489105971,0.216633269599653,0.00131759204927666,0.0154187619771376
9.02134599921465e-05,5.51215854787455e-06,3.8642621415629e-43,0.00013622392377982,0.000165178830260335,0.944478668994791,0.0257396476614168,0.0293845549712124
1.05615790299785e-12,5.9129195721396e-17,0.986024213478809,4.84543866437655e-07,2.29975534773663e-09,5.48104327629141e-06,2.23459202613204e-07,0.0139695951740344
0.000754246143912497,1.56769815808329e-06,5.15960659962024e-05,0.0100703659730889,2.89353037297184e-05,0.987543255102336,0.000877602241216877,0.000672431471561431
0.17216122425382,0.00061915869478445,4.38811248934794e-69,0.00603904314981726,0.157756097494875,0.447433274694629,0.214753901926115,0.0012372997859584
8.07844931983551e-08,3.1980857553734e-13,0.984185369277226,0.00328905830817378,2.9213583876204e-06,0.00201044367538322,5.913971570181e-07,0.0105115351988593
0.0233244785057098,0.000156806005455084,3.30337024809183e-48,2.4476436010383e-05,0.97632795982663,9.11154813880782e-07,0.000165335203683089,3.2867697675867e-08
0.000756090248183461,1.4118845540876e-06,3.50873983555118e-05,0.00270799512970587,0.982428385168735,0.0029270903756072,0.00833014879816275,0.00281379099669588
0.0121646286795971,8.82256143699916e-05,4.59639239144334e-42,0.0319869977002257,0.871373927612011,0.0680110363402616,0.0162040804751798,0.000171103578354335
0.000326983488034,0.0181696775844075,4.23157105770908e-215,2.013869034911e-07,0.966789347640436,7.04615125307367e-06,0.0147066781184207,6.56305457480412e-08
0.0214736272878165,0.000188371153419562,6.32052517461713e-07,0.00209692727634597,0.0133211342173623,0.033886034439626,0.853808298350684,0.0752249752222285
0.0541394955938949,0.000714617321045644,5.22716496722305e-09,0.000728897817693132,0.000264657218597577,0.942879860128555,0.00126651525081509,5.95144223327133e-06
0.0144020741946035,6.30219088937702e-05,9.71498385817068e-146,0.00374212528201147,0.677024939056348,0.000268238031656626,0.301711962753486,0.00278763877300099
0.255351638415173,3.74512578912547e-05,1.73100373161115e-05,0.0600226091527939,0.684185970835797,0.000311370943277209,7.32407238949525e-05,4.08633856685727e-07
0.000831148383409415,2.45124630427115e-11,0.00499885197319652,0.993609693073956,0.000443188965127812,0.000111886529424754,1.20950499749668e-08,5.21895532263007e-06
0.000926275402271322,0.0247190904370873,3.02426362524141e-151,8.51068688900963e-09,2.05567532606417e-05,0.171935820224834,0.802353054791746,4.51938801143143e-05
2.26505790124718e-09,6.72856014417837e-14,0.996894789485045,0.00143183207243757,1.01115274518941e-06,4.43082189970896e-05,3.71886096949325e-07,0.0016276849195535
0.00124326372308579,0.000160702220757034,2.84389318073568e-71,0.000341144508399512,0.911829039082051,0.00462470977523877,0.0812871822251045,0.000513958465363049
0.000951928792844796,4.82823838119523e-07,4.6466320278464e-68,0.00936283629085624,0.988606214057377,0.000783896309828866,0.000293067229684656,1.57449556981574e-06
0.00028664557015045,3.16641029889146e-12,0.000234449385906441,0.998369545726943,0.00110781506818671,1.48601470081245e-06,3.44395639618187e-10,5.78865509566559e-08
0.911499803834927,1.46904591088287e-06,1.24756943483913e-07,0.0865654570973787,5.78482956925391e-05,0.0018725103582032,2.67413358683308e-06,1.12477357085836e-07
1.30821567722043e-06,3.65216827528184e-12,0.234449086463587,0.0750415251930789,4.43224424545374e-05,0.00259070184170423,1.30704445082928e-05,0.687859985395338
0.342382916557182,0.0218226559802769,8.51509119102309e-73,2.58121107720118e-05,0.301334148547865,0.234174130252409,0.0999775401760474,0.000282796375447248
3.13256567896572e-11,4.3643738284684e-14,2.63816107488584e-42,4.60584683591545e-07,2.17503856504671e-07,5.22153982732522e-05,3.94243337000219e-05,0.999907682148117
1.10989331338008e-07,9.60494180540793e-10,0.0923641572816129,5.99259708755905e-05,0.000302963083613251,0.0245320957852951,0.00187494163356473,0.880865804295213
0.00168093000813288,1.917852033722e-09,4.31705212256856e-05,0.975622328868327,0.022630262828436,1.3929479284493e-05,4.96800244061148e-07,8.87957649777394e-06
0.00456057462749789,0.000242742605404714,3.48920632842982e-294,0.0056216504111991,0.472939865444604,0.241026807057899,0.249916108329005,0.0256922515243898
0.00567894291239451,4.32894773694365e-10,4.13606098880243e-05,0.993107325044959,0.00112961533498663,4.20870592726285e-05,9.5004420036734e-09,6.59105162406732e-07
0.00192250730240317,4.34057373713116e-07,0.00338832668300115,0.0626971548363501,0.0158873662329302,0.907418076752354,0.0020749261019834,0.00661120803360461
7.99575980492181e-08,4.33049500609707e-13,0.989250570834735,0.00176398327378732,2.1450025602116e-06,0.000696872712001242,6.60783523200801e-06,0.00827974038365331
0.0552540810791218,0.12975405679306,1.1827439338195e-76,4.15318245965045e-07,0.000166867922757914,0.770800164336167,0.043968473067459,5.59414831879884e-05
0.014893249860646,0.527074519076273,0,2.32313631595224e-06,0.133964271646434,0.00913387479171607,0.31493172085663,4.06319856901107e-08
6.43829642518428e-08,8.40340932968577e-09,6.04748214122094e-143,6.26805159693693e-07,0.000420432803479129,0.00740925108100952,0.794873265083256,0.197296351440722
8.04541407826398e-07,1.69689827458091e-12,0.912689033579411,0.0385289769454429,0.000784092247583217,0.00191760191989764,2.1614645103946e-06,0.0460773293000501
0.0173961284138382,0.000151049785631948,9.33688684790226e-08,0.0364769307360704,0.0191645571785074,0.843657583629594,0.0164832623604676,0.0666703945270218
0.378173183404832,0.00265390803038485,1.36766425387045e-45,3.50965708540983e-05,0.0294731877197632,0.00488076703647191,0.575968029035944,0.00881582820175002
3.06774756695277e-07,3.71991188071984e-14,0.970616897843255,0.0252580258365556,8.41259518574876e-05,2.90581991509334e-05,5.83641600511779e-07,0.00401100175278633
0.000418510401372276,2.04096182093467e-11,0.00144209096913256,0.99719770707958,8.66330645487747e-05,0.000831821596096559,2.31646858097229e-08,2.32137041740915e-05
0.319229028709264,5.40854036056584e-06,5.87684813471948e-06,0.538860081317573,0.00315367257660997,0.13849372845227,0.00011534605643261,0.000136857499355333
3.20865284696064e-08,9.07398114001763e-15,0.998034236671242,0.00160518682402454,5.48777282723456e-07,4.89906765587078e-05,5.20935804420722e-08,0.000310952870774207
0.000362962977910647,0.000115679392419474,3.16547657445136e-07,0.000107909593859213,0.00171339006904887,0.974666410914095,0.0101644822472808,0.0128688482577286
0.174285052797791,0.0826453682732353,4.26430885038689e-113,2.10059980637496e-05,0.00653848424172605,0.021359959249623,0.715130068844547,2.00605950144666e-05
3.28036038188695e-05,0.999917753227053,0,1.13959660511413e-15,2.57360542651419e-08,1.69155916393943e-08,4.94005174667513e-05,1.39657471732487e-14
0.265572108177085,4.70222853411525e-05,1.34612889455526e-06,0.576119653962846,0.135063129011783,0.0231357338650565,5.86761948037621e-05,2.33037419007937e-06
5.94256774165646e-06,3.77969011472732e-05,1.18950132312022e-72,5.5498883269778e-07,2.26861631978576e-05,0.0378823552913592,0.961370598508208,0.000680065579513494
0.786856878767499,0.0194802883740016,2.83989680398816e-185,8.71433934501313e-05,0.166223077769526,0.00368231177203919,0.0236435891848337,2.67107386507214e-05
3.87787184470557e-08,1.55764476055937e-11,0.0226680462006377,3.48961624283131e-05,0.000137053440751835,0.00747607719384782,0.000513052416684086,0.969170835791355
0.252607623069836,0.000507704687346106,3.58455356954774e-181,0.0263972749738002,0.264620522285649,0.438098927695741,0.0166989885465636,0.00106895874106401
0.000367364575069722,3.37965822617133e-07,0.0219792341192245,0.0114368169129491,0.0782939239046484,0.239989897909125,0.0532471508502307,0.59468527376293
3.65256967113493e-11,2.90335131878039e-16,0.999128599802433,2.44858507182929e-05,5.97381504218248e-09,3.83993401154105e-05,1.00390279492148e-07,0.000808408606112407
0.000107150290572811,1.69889902320284e-09,0.028649740935471,0.538341062865387,0.0192141387562314,0.062199417223485,0.000125675503192777,0.351362812726761
0.00764983488721909,2.21410532382937e-09,0.00258678419327623,0.978899807477107,0.00611790640067094,0.00459509348184917,3.04635042398789e-06,0.000147524995347986
0.002119363498128,1.62025711488285e-05,0.000649968950269508,0.127198394041347,0.042414542854645,0.82573885079701,0.00167991678716983,0.000182760500281535
0.00201342552779624,0.00730244320873726,0,2.33319806000877e-08,0.0568632921539137,5.3580083254064e-06,0.933803240315215,1.22174540315556e-05
0.0897111214657386,1.67593645593322e-08,2.29878586331122e-05,0.861416106057309,0.000257880005358639,0.0485551790709717,1.47097615416468e-06,3.52378064699035e-05
0.00757812767669172,0.000189556349428773,1.58071394052115e-146,0.000947443622857135,0.983623765510521,0.00675210666261585,0.000907954615944989,1.04556194087951e-06
3.54525204490688e-09,4.08330762329865e-15,0.985795011432721,0.000998207841319484,2.4761216957659e-06,0.000273579343530955,2.24721441554495e-07,0.0129304969940352
0.000941509390308624,3.09642975869171e-06,0.000131851398025557,0.0526262221968621,0.895000947905048,0.0476900534258502,0.00183120231508117,0.0017751169390656
0.000235085105279115,3.16378610793457e-09,2.19624464280621e-41,0.402066939930238,0.597671251642458,1.7534998501759e-05,7.58165711475149e-07,8.42699402520126e-06
2.18789941704119e-07,1.01605358694316e-10,0.783785624715929,0.000217104758517719,0.000327360186856426,0.000513941499840575,0.00265579517074652,0.212499954776563
0.0576368345049983,1.40751805124804e-07,0.00399302442611944,0.640820224798189,0.00779657267680571,0.247768075902116,0.00495794137882958,0.0370271855611364
3.16405779835277e-07,1.86737693563354e-10,5.95614559064508e-40,1.07976946818334e-05,0.000361390865164868,0.000599894095525789,0.0154065298201684,0.983621070931942
0.000550976105833259,1.28962958093932e-05,2.2484040682312e-186,2.46089000497955e-07,2.72200894794945e-06,0.955993417660385,0.0377858502548693,0.00565389158515495
0.865905692667728,0.00111180626210628,5.96328929061858e-73,0.00155141939644367,0.0647149999952624,0.0334018784817909,0.032577850257376,0.000736352939292982
0.274778862249038,1.76959899575652e-06,0.0130675045601838,0.308476766407458,0.090362907800342,0.313048681751989,0.000190994723115881,7.25129088775588e-05
9.43043552821862e-12,4.9221957395394e-16,0.648304443682649,1.3133436854437e-06,1.42643896280072e-08,9.26367298672841e-05,3.46926346537598e-06,0.351598122706512
0.0399399333822348,0.000133492539290744,0.00020920609055579,0.0499184176480739,0.501374802976697,0.397123165225802,0.0110650226727533,0.000235959464592673
3.32254761362882e-12,2.02981945214714e-16,0.00677459353087338,4.08113183885159e-07,8.70962041804576e-09,5.78717187346029e-05,1.62263576952411e-06,0.993165495288495
1.3313059408457e-10,4.34873674020987e-17,0.998507028943731,2.00106177258491e-05,3.03579415930501e-09,1.563732364118e-05,2.2297157700826e-08,0.00145729764881988
0.00207420868808923,2.06697859590436e-07,2.27358844736008e-05,0.0377333591877187,0.0264791711850577,0.00394784258003321,0.00218526010961457,0.927557215667153
0.030988512317074,0.900061124661912,0,3.89152744620119e-07,0.0012450452187301,0.0163271236320458,0.0513753541536187,2.45086387489615e-06
0.000194655307405546,5.84709502440667e-10,0.000207751280408218,0.0229613860333354,1.67557066334183e-05,0.9142779297804,7.44895694593334e-05,0.0622670317376482
0.00215084809679844,2.83839240031595e-10,0.000152149658121741,0.989883569917356,0.00735516187016326,0.000353002677294483,1.14846338866855e-06,0.000104119033037941
0.218694266025656,4.41536850287469e-05,9.57405536166399e-44,0.0915967291459762,0.0140647155848523,0.663443883591511,0.00995135000400428,0.00220490196297197
0.000155768683631766,0.975962531851919,4.70689725588405e-121,1.65376265307665e-11,0.00110150177070331,2.60112044921224e-05,0.022754183897676,2.57504030037233e-09
5.24989064431188e-07,3.90108077106928e-13,0.936781090478259,0.0628623102328252,3.14804779058828e-05,0.000245123156904868,1.9710544639035e-08,7.94509541058679e-05
0.967993982503567,2.41269170742448e-05,1.96362139332196e-10,0.020555586740425,9.36462112654151e-05,0.0112733633445078,4.12936476303605e-05,1.80004391674614e-05
0.00182886505261218,3.04524922838981e-07,1.4381907865429e-38,0.755338678969166,0.130504298581314,0.0860439614135355,0.000169313717186088,0.0261145777412634
0.0976996126475241,0.0752581660024562,3.36990602596568e-151,2.40389780946008e-05,0.768585454956297,0.000211750432836422,0.0581970441566,2.39328261914411e-05
0.00262000446104379,1.52915881010695e-09,0.000645280796512235,0.985289750403481,0.0104590659681113,0.000610357836443572,4.59684769650221e-06,0.000370942157553231
0.00139127077906841,0.0347043971498235,1.38671792448372e-214,2.58195171115778e-08,0.00499063274891723,0.0029284476439917,0.955979606076125,5.61978255688524e-06
2.41552264756822e-05,4.52445109640684e-08,0.0937643007687221,0.00982085386881331,0.889332830639172,0.000300024874934359,0.00348662790188495,0.00327116147548684
0.00334156216579199,0.150380079236188,1.49100436839983e-303,9.86954055586417e-08,0.000284366322905896,0.000591636413529597,0.845208907010028,0.000193350156150755
0.000701275735698289,2.00945600931217e-09,0.00183598195359554,0.987899247341564,0.00615876648644021,0.00209096068470786,2.12037964814284e-05,0.00129256199205659
0.000423718745324108,3.11126640476459e-10,0.0574640300827297,0.911155518642446,0.0051397510189543,0.0141124531478325,7.71970927261535e-05,0.0116273309588605
1.14960606963851e-05,7.65081174198142e-10,0.000299342775215077,2.02431410047872e-05,1.83785757230506e-06,0.75997893057991,0.000198394743279672,0.239489754077241
0.694258300719792,0.00175257554021922,2.55709739477957e-08,0.00131238094690539,0.153537916893838,0.128542949683427,0.0205223287134051,7.35219314400844e-05
0.883678636359908,0.083413201851343,2.8960247301064e-190,6.03093915409915e-06,0.00182025109300741,0.00133539057075974,0.0297457817806466,7.07405181651568e-07
0.912500645565498,0.000188365597820434,2.61773973662621e-211,0.00696112468524923,0.00104799793459234,0.0482955583413556,0.0307165802096209,0.000289727665863902
0.0273122481057108,0.444588074199074,3.68098626977008e-215,3.52178753269527e-06,0.210733991464991,0.00660555523318718,0.310755566558939,1.04265056413991e-06
3.00721710288651e-06,5.68658238440682e-06,2.10708472625109e-146,1.63953975617083e-06,0.00282496382587579,0.00229421511988669,0.934989930724639,0.0598805569903551
5.09445011499169e-05,4.30083626606527e-09,0.638777518067994,0.295719748882493,0.0243204463374553,0.0381152662425259,0.000235130877040034,0.00278094079050577
0.00108606949837227,5.69283852425057e-06,3.05585544459138e-144,0.00112121473801247,0.981469461651443,0.0109939677368106,0.00475264657666077,0.000570946960176902
0.0125087264766016,0.986271197227937,0,1.80631388609678e-09,8.11678385095408e-05,0.000332784329029321,0.000806122250240677,7.13675403989152e-11
3.62113418633595e-05,0.000699630795579049,9.47306157440589e-73,7.73282152541206e-07,0.0227413122652903,0.00997726539744811,0.965590926951759,0.000953879965907838
8.5764560937852e-08,5.84020255776087e-10,4.38593211065697e-145,8.1624812888468e-05,6.14674624057902e-05,0.0040531208659159,0.00508590278719109,0.990717797723017
9.385868247363e-15,2.22188999274998e-17,6.82763375284382e-39,1.1597457715183e-08,1.38987787645736e-09,3.90207027805047e-06,6.61360758900039e-06,0.999989471334788
3.57219980066597e-09,6.20930974888171e-13,0.241333157739645,3.08324153735557e-05,8.51144499934641e-07,0.0100220176776938,0.000277187042934125,0.748335950407033
0.006412801026367,2.75284203273364e-10,5.76253244818022e-05,0.992902103940558,6.97128036785114e-05,0.000557333704424015,1.95852436078994e-08,4.03339962512717e-07
8.3479033216774e-07,0.999797616607031,7.41692134078116e-265,2.86801179920594e-16,7.60059399330238e-08,4.48684125067708e-07,0.000201023912390919,1.80689597498659e-13
0.994826477802548,6.14870925183049e-05,1.05790628732066e-47,0.00161580609164276,0.00203785751455321,0.00109161244090838,0.000351643757690224,1.51153001386558e-05
0.381505669399751,0.0181255424834659,5.3213173458728e-213,0.000403581988929476,0.590732778274355,0.00766196222624905,0.00157034972262217,1.15904627796489e-07
0.0496427809613936,0.155415858445498,1.22305008472788e-112,2.57481102049516e-05,0.604048644008066,0.0149243244282766,0.17594062083403,2.02321253097182e-06
0.211765530416881,2.08824879737966e-08,1.70086256432949e-143,0.762741620905922,9.11844367337478e-05,0.0199743314236513,5.09312778845925e-05,0.00537638065643956
0.000993654356930899,2.98247710488233e-10,0.000380268099781054,0.957187575265522,0.00282360699736773,0.0265295991609356,7.53125466224242e-06,0.0120777645665528
0.00168330493213859,2.28784479630091e-08,4.8281642283518e-07,0.000168442816562255,5.65803319214893e-07,0.996195967685827,0.000136053118054324,0.00181515994922758
0.0456554580773519,0.0360351615904505,1.21819068124064e-215,5.06714501632077e-06,0.912852778020397,0.000606321196902448,0.00484519952342764,1.44464542913186e-08
0.146791758350667,0.000602673621685194,1.01848219037669e-10,0.000852193186075355,0.000270807078850235,0.842154029002634,0.00602807198529115,0.00330046667294919
0.00330652393727285,3.20538730134479e-08,0.0127375553839263,0.934055617790129,0.00898002532980774,0.0373853703077815,3.33053326894302e-05,0.00350156986451967
1.53118747105104e-05,0.0618000680177356,0,6.29861938744101e-12,9.80594109668374e-05,1.80376497635554e-05,0.938068419772212,1.03268313180022e-07
0.00170266225766039,3.98605793617952e-10,0.00207409394442606,0.951684803775902,0.000722415822559096,0.036466301230211,2.61371595291021e-05,0.0073235854111061
0.278592568818384,2.99242906404629e-06,2.97847867441769e-42,0.359559381046375,0.105267710471352,0.251357245656336,0.00464798913319223,0.000572112445297098
0.990256270808979,4.16259888948354e-05,8.2876363034299e-13,0.00519576736879808,0.00021930420412958,0.00428546541248896,1.53626875716149e-06,2.99471233752336e-08
6.23960389341924e-12,4.73611862876327e-17,0.995180353058638,1.78825715889219e-06,6.30729925547488e-10,2.81538523102831e-06,4.74730929201705e-08,0.00481499518890974
0.227722393103033,3.22842761762053e-05,3.4685552809984e-05,0.530328125419825,0.163455073353096,0.0781960270538642,0.000208076455728678,2.33347854671191e-05
0.000257765339400837,1.9281016031147e-06,7.49406531441878e-141,0.00566581427209286,0.123626625714556,0.171684099120492,0.0592835713017128,0.639480196150143
0.000143688770840508,1.03394539550037e-08,0.0162057088879323,0.0124248954574858,0.00998600821875027,0.0102668850349907,0.00697130152277587,0.944001501767771
3.48390172364561e-09,7.37954490959604e-13,0.887694420270816,2.70709226239133e-06,5.12331998404322e-07,0.00978069421265741,0.00024729810162453,0.102274364506002
0.0441910461149604,4.35698351125196e-06,2.760498979625e-146,0.00579268602342179,1.72025200841309e-05,0.949969008250606,1.58838063384259e-05,9.81630107765324e-06
0.324226606535832,9.38618669105975e-08,6.00831470530785e-07,0.668290380541965,0.00140859850572385,0.00607209360537546,9.95499810957205e-07,6.30617955586178e-07
6.49201827491078e-05,2.10752973799967e-05,8.68780078502762e-10,4.70937682439998e-07,0.000771044712701938,1.67782990219406e-05,0.993981866507064,0.00514384319462086
8.56449571806269e-07,4.23908853168619e-13,0.964369670226206,0.0334869453356841,1.6625308106931e-06,0.00189074331247659,6.94714127745076e-08,0.000250052673414136
