0.00179724285186843,0.000182145782519799,0.591248587801328,0.406730471486206,4.15520780785274e-05
0.479228613718956,0.000289745811447196,0.474376476499454,0.045494595295621,0.000610568674522444
2.72924349595701e-06,0.00661986021964353,3.51773084055644e-08,0.993377375358153,1.39927704572479e-12
0.000315149729786579,0.970291475590211,1.36433086231881e-05,0.0293797313654371,5.94226159835734e-12
2.61189195168192e-06,1.41408065296569e-10,0.99918287155626,0.000515036464820765,0.000299479945559792
0.0284278133297591,0.0581889850553042,7.491331207182e-06,0.913375698222648,1.20610813911262e-08
2.26699564388818e-05,1.05680396984289e-73,0.168011719084915,0.831868761283268,9.68496753782441e-05
8.83440023844499e-07,0.952989688718283,1.58267209541394e-11,0.0470094278258659,2.08868882116321e-16
2.57943041437025e-06,3.04578383983113e-11,0.999745085646372,2.53455347196878e-05,0.000226989358035959
2.02778482870226e-06,1.08406181753804e-07,0.997155207948843,0.00284248345425847,1.72405887608131e-07
0.00693657774216946,0.124020730132273,0.232857087288942,0.636185497077532,1.07759084001061e-07
0.000268072804296055,6.65750792478004e-11,0.000332621901222045,0.000948346316457919,0.998450958911449
0.278921718166577,4.44008713725716e-05,0.646435499301893,0.0735462877922469,0.0010520938679112
0.0452345478895686,2.83867375450064e-11,0.000181949082498763,3.38437870861792e-06,0.954580118620837
3.58140748043353e-05,0.0769848489967655,1.10540074497047e-06,0.922978231439795,8.78898995964834e-11
7.54730180171868e-06,7.8079234048385e-75,0.999918530151902,6.76449781612691e-05,6.27756813448555e-06
2.56004159732825e-06,4.96939920734173e-84,4.90819713538035e-08,1.80707342268263e-09,0.999997389069358
0.0021736013456366,1.14719824482021e-11,0.000164968293101324,0.000182286475794551,0.997479143873995
0.566475646967344,3.8772569765067e-05,0.309399009986814,0.115749948593751,0.00833662188232645
0.0134505283618464,1.28418995474586e-11,0.0017215744915512,8.800922602223e-05,0.984739887907738
2.00878804082894e-06,1.52478929262326e-77,0.999760568731095,2.50620818687852e-05,0.000212360398995437
0.00227478689095356,0.856164602507771,2.08145089014162e-06,0.141558529116359,3.40262089881007e-11
0.000955642037319831,0.00294717451281933,0.993667318425601,0.00242983477633239,3.02479271858345e-08
0.0041533733431759,7.73014854271356e-08,0.659389827295272,0.0734756345309717,0.262981087529095
0.000337814532640623,0.999440522717658,1.79974376679039e-10,0.000221662569721211,5.67410674316703e-15
0.459186641092116,0.498551477497399,0.000556765852706513,0.041704669824862,4.45732917060491e-07
0.657337450619454,2.40550393190642e-05,0.000929802661443483,0.246460324681913,0.0952483669978699
0.405910597278223,1.17004288982533e-07,0.0545004072443363,0.00146024115859247,0.538128637314559
1.09798036294124e-05,0.00686576779766853,0.000904009047669109,0.992219236904131,6.44690159631478e-09
4.33660760456532e-06,3.27923964621385e-85,6.9242422361042e-10,1.61975417049714e-11,0.999995662683774
0.000172888366228934,6.60758881070535e-76,0.913172783269921,0.0216505052161363,0.0650038231477142
0.000218596430377767,2.06713084852907e-11,0.997675095473599,8.60571633708544e-06,0.0020977023590146
3.45332024949598e-05,0.93323676490535,1.36721752954168e-06,0.0667273346740924,5.3354034833291e-13
5.76825913332852e-08,2.26940870610238e-12,0.999993400339905,2.28420408968501e-06,4.25777114427916e-06
0.767202770915129,9.36736343283323e-05,0.00227764823096724,0.228833084957824,0.00159282226175136
6.83846447642475e-06,0.0151724408707828,0.000216589548447833,0.9846041310402,7.6092667001491e-11
0.00426768250731687,1.32546785427902e-15,1.97180137860737e-10,1.75287622486596e-10,0.995732317120214
0.0315145222189647,0.00883466841888146,0.011744244583223,0.947904932868378,1.63191055273925e-06
0.00594875474367108,0.0896954218656252,0.842829238903838,0.0615265520857772,3.24010886047091e-08
0.000468245559986203,1.80741071074892e-82,2.14201296069652e-07,3.28829767430026e-09,0.99953153695042
4.33155336365341e-07,0.996157759382747,5.00694453139154e-10,0.00384180696122237,6.56076777838713e-19
0.000386662879478131,0.699385308106842,7.71530940955604e-06,0.30022031370298,1.28976869284266e-12
7.6802197446209e-07,0.397041766135053,8.61744672043415e-09,0.602957457225514,1.18737665616659e-14
0.996566612473808,9.74286148790048e-07,0.000789887346605866,0.000796959608043873,0.00184556628539288
0.0444999949042619,0.0136174516014909,0.00141104558871512,0.940459598056836,1.19098486962141e-05
0.000971742487576328,2.59320440104066e-07,0.996101481474317,0.00289938579878485,2.71309188820682e-05
2.81071667887526e-06,0.000116385650342544,0.000636560637645014,0.999244240169798,2.82553570181085e-09
2.00190062730524e-08,6.2938729800347e-79,0.99996675960434,2.70671816539547e-05,6.15319499972102e-06
1.82589266254523e-05,6.68695139880729e-74,0.000742882397574868,0.999201382101364,3.74765744358212e-05
0.000124418303694881,4.26188310237604e-05,0.000222644414966074,0.999609868722549,4.49727766106383e-07
0.0142262414371924,0.00107449547351982,0.0147024002957441,0.969971310800824,2.55519927193685e-05
2.2959711226798e-07,0.996806222669737,4.36478894820697e-11,0.00319354768950249,1.48271913860393e-16
0.00017073971617291,2.69478889815685e-81,1.10743341982975e-07,2.25235319216694e-07,0.999828924305166
0.0138371866087816,0.985051321172019,0.00019124286375444,0.000920249339249337,1.61953667224253e-11
6.2088012406084e-05,0.98921233494616,3.3807628386872e-08,0.0107255432337818,2.37637112724328e-14
0.000843326898488862,0.000624652350462564,0.964039968615875,0.0344919445566237,1.07578549946209e-07
0.38816580071438,2.58378627548542e-10,0.0223152254319741,9.61517480135669e-06,0.589509358420466
0.430545998608704,4.02269855858177e-11,5.22706180877101e-05,8.02701760448516e-06,0.569393703715377
0.013076192061295,9.52540485317374e-06,0.955327645766916,0.00708255768965117,0.0245040790772848
1.27719936801322e-05,4.67380379475844e-12,0.997849374285774,2.66971685194443e-06,0.00213518399902051
0.772613738930207,1.5947948518384e-06,0.0258321329861475,0.00157683774983125,0.199975695538962
3.25762626213545e-05,1.57515839413679e-08,0.99330314939771,0.00662518152083904,3.9077067245375e-05
0.681586153690953,0.127351432275066,1.50117370351627e-08,0.191062392073691,6.94855279651871e-09
0.000299955332374637,8.86491132242834e-75,0.88862543617559,0.0987582812363819,0.0123163272556528
0.00090287679077855,0.997668331040849,7.2280127173548e-09,0.00142878494035575,4.27632271266272e-15
1.08564950894792e-05,5.25185206504492e-76,0.983292834979487,0.016575847680051,0.000120460845372088
0.00595482928196665,0.00801410754316551,0.927262027337836,0.0587685100475114,5.25789520431084e-07
4.68292160257673e-06,0.999410626003062,8.88723775850115e-10,0.000584690186611498,5.2274036749087e-17
7.16561640175072e-05,5.10817654520433e-05,0.855192629616453,0.144684255314346,3.77139730881529e-07
0.000157362243580797,0.995618613040014,1.02517334126806e-05,0.00421377298154246,1.44970158128467e-12
0.0543595318794915,0.286134376540829,0.00182580882222097,0.657680267540407,1.52170521548978e-08
0.000302448600282631,1.54062599341867e-06,0.805161890246727,0.194337618818036,0.000196501708961675
0.0240551350064727,6.34478294811107e-10,0.0161043411360892,0.0025117958950865,0.957328727327873
5.45460144468795e-05,0.493383366209927,1.44071559818688e-05,0.506547680602916,1.67286104394981e-11
0.0100483768656302,1.13937333773848e-78,4.69690404469166e-06,7.46557724519206e-06,0.98993946065308
0.000371378580705745,0.705751352935453,5.7199676796315e-08,0.29387721128281,1.35401769244334e-12
0.00104963353805906,1.69887995242895e-09,0.00375544938508916,0.0814359890069955,0.913758926370976
1.7679660269485e-06,0.273242120330576,4.15116198570933e-08,0.726756070191218,5.59184809174904e-13
0.000370416539191062,0.36047622981932,0.000117393990474697,0.639035959403994,2.47019753393805e-10
1.09011980490558e-07,0.99825571629329,1.64312242877306e-10,0.00174417453041733,1.71938180962065e-19
3.60456633275345e-07,6.26153090786165e-79,0.819640744605474,0.000893430140410133,0.179465464797483
1.94490805861373e-06,0.99434628500624,2.91800224674785e-11,0.00565177005652093,9.83553994762715e-18
0.117002490715175,1.88026038592197e-10,0.000430858038228844,2.56808380933704e-05,0.882540970220477
0.00275541248449529,0.996770045686319,1.07258023096655e-07,0.000474434570552662,6.09585871351159e-13
0.0722645883449559,0.840531123912194,0.000122585381125891,0.0870817016600607,7.01664095432046e-10
0.204453965944971,0.0025338862587701,0.227437477638666,0.565557541166185,1.71289914077176e-05
0.00513231463099861,2.28164700811391e-06,0.989574943090372,0.00523609215442214,5.43684771993648e-05
8.59466994260822e-06,9.80612225305322e-09,0.99684627518325,0.0031406509312957,4.4694093897667e-06
1.62259615902976e-06,3.08420790188325e-12,0.999914345288135,4.80076295965667e-06,7.92313496619928e-05
0.00939241031232394,4.31563387000484e-75,0.653236915966128,0.0281414238355828,0.309229249885965
4.63498158539747e-05,3.0956796732325e-80,0.00201641779531525,2.59290218255149e-06,0.997934639486648
2.33433596378211e-06,0.00296709537103799,0.000529632542330811,0.996500930835318,6.91534995571718e-09
0.00182576919485958,8.34558865835387e-71,0.0830624744602359,0.915051184046268,6.0572298636513e-05
1.6885947571067e-07,0.993668924942323,2.78012666084607e-09,0.0063309034180744,1.03291140635464e-17
0.000308349914581141,2.4585845660817e-05,0.00350441546797668,0.996127136040799,3.55127309820681e-05
3.19312324487651e-06,2.23552468719746e-74,0.997950977440242,0.00204496955167859,8.59884834995964e-07
0.00438986338427753,0.410913038733559,0.0237431800508816,0.560953917302689,5.28593049223265e-10
0.00454370612316734,0.0237496092613296,7.1907795070117e-07,0.971705953695851,1.18417010900989e-08
0.0140719131120031,0.000281108074394246,0.0161081782251438,0.968897169842581,0.000641630745877253
0.546643798594195,3.80880693879377e-73,0.215326084124229,0.052256198067254,0.185773919214323
9.52357167161826e-05,1.11292846510367e-81,0.00124224680214151,6.28761624680462e-08,0.99866245460498
7.24463474418997e-06,2.72028960589772e-79,0.844849074391296,9.11275329217854e-06,0.155134568220667
0.603667232728511,0.000206345979067941,0.348224067942663,0.0477550864322732,0.000147266917484974
0.205500966492826,3.48777810865341e-11,0.00010075275156727,4.91412874377371e-07,0.794397789307854
0.0864828831740829,0.913005810479069,8.2853658968738e-06,0.000503020228399878,7.52551758510394e-10
0.000121844933657114,2.18448424287123e-75,0.996759618130895,0.00201700752015402,0.00110152941529387
0.00235779306264172,1.32905747207686e-09,0.00412676978282399,0.0128625214062406,0.980652914419236
0.0066347420274601,0.992152747965568,4.42050322585102e-06,0.00120808947088626,3.28603320302431e-11
6.67898057370852e-06,0.998524674229526,2.65733176110525e-10,0.00146864652416699,5.18227185183625e-17
0.396220657309099,0.00657341790894395,0.00136078455376315,0.595781462964437,6.3677263756038e-05
3.507752074733e-05,0.691044981963845,8.72906278310379e-08,0.308919853223194,1.5857029141411e-12
0.0041478925546856,0.000209913489929126,0.876578653044948,0.119053491340758,1.00495696789632e-05
0.0392087618693318,0.147482014528591,0.00013899739405918,0.813170222575129,3.63288868323919e-09
0.0814557936697849,1.76612042540764e-06,0.913027195246326,0.00417288333851245,0.00134236162495112
1.4212656956948e-08,4.51557845126894e-78,0.999988721246288,6.83846498595671e-06,4.42607606918446e-06
0.000217325279597333,5.50844556521082e-17,5.10818604217023e-09,7.5530133574952e-11,0.999782669536686
0.93598839862685,0.0592926240109822,5.42582455953136e-06,0.00471350046013824,5.10774703407388e-08
0.0048107239238719,0.990351631484565,7.63097183252586e-06,0.00483001352838205,9.13488097139635e-11
0.000634582164970028,2.93595192440275e-80,7.19510929218158e-05,9.16366215163869e-07,0.999292550375893
0.0150187549435424,6.38018749045452e-05,0.886552081819037,0.0980179076829335,0.00034745367958232
1.58777477488362e-06,2.73005978577867e-76,0.982149922490448,0.0148162846197426,0.00303220511503436
0.0102000735900673,1.28856955813781e-78,2.02009381226067e-06,1.39189232721654e-06,0.989796514423793
1.04679214462974e-06,1.03099539640749e-76,0.999909297067473,8.60972578263558e-05,3.55888255549059e-06
0.00135395077970324,5.2024507280309e-07,0.303956079311828,0.688991971455648,0.00569747820774727
0.00536970273860253,1.21774798558295e-11,0.262827115508771,7.61902341916312e-06,0.73179556271703
0.00188394715225046,0.754695636447111,2.39120262611511e-06,0.243418025196569,1.44322398222727e-12
0.000269445131234181,9.05901815326739e-07,0.00507295348073162,0.994496798414722,0.00015989707149649
0.000124848250830248,0.999531719969133,1.35900518623257e-09,0.000343430421026143,5.49164395427434e-15
6.07754368131002e-05,0.587484110993285,8.01391373659585e-06,0.412447099498975,1.57190455581208e-10
0.915892996464137,0.080680743102632,0.000252907147977037,0.00317333729476054,1.59904929030635e-08
0.00142544352446767,4.23030950723507e-75,0.997091900626953,0.000169720957008406,0.00131293489157111
0.00160908163925251,8.62701624422878e-76,0.00268055523327507,0.0784570287593931,0.917253334368079
3.45248488740949e-05,3.36764048233022e-84,4.87175958997537e-08,1.42933683981365e-10,0.999965426290596
0.0209945253149741,3.05360220075279e-05,0.0427119651233116,0.934490233344457,0.00177274019524951
0.00174571534639909,0.00538236605465874,0.00058863515723823,0.992282791459812,4.91981891716678e-07
3.84450423329889e-05,4.73617637406277e-82,0.000592590766725294,7.04509613801704e-09,0.999368957145846
0.0274894397938101,0.623034192868331,0.0139827165575253,0.335493645811445,4.96888884308078e-09
0.000785487149276739,7.02010157128005e-08,0.99871741209846,0.000382488311222998,0.000114542240024789
0.0383547398262802,8.27018447274754e-75,0.303524441446325,0.00235319818127654,0.655767620546118
0.000268700617910238,0.999000971112695,4.25677827003285e-07,0.000729902591539351,2.87463734725932e-14
0.00307966126741789,5.52515537043761e-74,0.817305331792072,0.118438738364675,0.0611762685758355
0.0713869673345859,0.0850913086499912,0.00156689240274247,0.841953596671539,1.23494114094357e-06
0.990083288670662,0.00183180361104513,0.00164813397335634,0.0064348506024757,1.92314246119517e-06
5.96958171615044e-05,1.41167560097444e-05,0.997743001516034,0.00218291543954225,2.7047125195759e-07
5.58182362161993e-07,2.3173462041581e-79,0.999587113831807,7.11773291968264e-06,0.000405210252911317
0.994772026575354,3.48081223620736e-71,8.36305168641923e-08,0.00520965602596259,1.82337681661421e-05
0.00275715854118271,1.54136829704527e-13,0.000305333708143004,2.87681945044699e-08,0.996937478982326
0.990848958721644,0.0090656551645831,4.17177153954055e-06,8.12010290815472e-05,1.33131518079261e-08
0.202745111216437,0.00138845663480538,0.754232520176034,0.0416038762518872,3.00357208367653e-05
1.30782689072316e-08,3.46611998457444e-13,0.99999431399721,3.08839575920092e-07,5.36408459905095e-06
2.77520711318784e-06,4.18540882116634e-10,0.999346582956885,0.000640921727912775,9.71968954815811e-06
0.0100880712646662,5.0922965176349e-10,0.641764585332678,0.000286195852402771,0.347861147041023
0.00112801037506485,0.749225719692599,0.00112779577703509,0.248518472457101,1.69820000538638e-09
0.0339997388670732,7.72292436682067e-14,1.39351394713159e-06,7.71742005840626e-09,0.965998859901482
0.890339107178837,2.7597014509544e-09,0.000280531914384848,1.37597558386144e-06,0.109378982171492
7.21852563787974e-06,3.3370973045302e-09,0.999859150138437,8.43862355478139e-05,4.92417632799029e-05
0.00247008806852901,1.29468203307775e-07,0.990751814391986,0.00517758585849836,0.0016003822127829
1.40588448230137e-05,5.57014689960053e-09,0.996370879493679,0.00339059082677754,0.000224465264573263
0.110291545264824,8.90314131617898e-75,0.0139618958610023,0.000777532656705168,0.874969026217469
2.45102727545531e-05,5.75805833516203e-81,0.000154196860950446,2.55815950751454e-07,0.999821037050344
1.29605413226271e-05,0.817120675288406,3.29311710771787e-08,0.182866331238893,2.0660944094328e-13
0.00847109548039099,0.968309282685822,0.00264994555088972,0.020569674957892,1.32500594544413e-09
0.99511430155012,1.95447168663297e-06,1.72294441704335e-05,0.000152982434925478,0.00471353209909719
0.00121150040292525,3.59297473486148e-78,0.544777313734988,2.54652442175478e-05,0.453985720617869
0.918180444907176,0.00041067469744549,0.00034110031197272,0.0807476248381493,0.000320155245256178
0.0497269818763606,0.000642611786940325,0.013796393447556,0.935802315950276,3.16969388668556e-05
0.000508708923211937,9.48523675472143e-81,0.000160120740167646,2.68853657832385e-07,0.999330901482963
2.28521158026178e-05,2.617718966286e-78,0.917799302088887,7.03430458185925e-05,0.0821075027494912
0.00820072396997176,1.73152574197175e-73,0.352358919889653,0.545186876275148,0.0942534798652279
3.62213503760324e-06,1.96397075906917e-82,6.16677223553003e-05,7.35875411566009e-09,0.999934702783853
4.29785160044373e-05,6.40350458371501e-05,0.00119926357812162,0.99869222572195,1.49713808702021e-06
0.000913200812902936,0.288514271972962,1.10422235091799e-05,0.71056148492761,6.30160506408647e-11
2.28158431705005e-07,0.999806141991114,2.64580614952094e-11,0.000193629823995985,6.12345283445712e-20
5.57588484558233e-05,0.0041770959027512,0.974766384032281,0.0210007368263136,2.43901985322318e-08
0.0150488696225963,0.00247243555787002,0.00504195165829214,0.977426258413345,1.04847478962519e-05
8.1537121315012e-05,0.0523396670496483,4.94599793949493e-05,0.947529335677577,1.72064230834924e-10
0.997343837939663,1.69971433763075e-07,5.7160081338072e-06,1.76674403007291e-05,0.00263260864046859
0.0219840305083545,0.00382014299650712,0.24448894277145,0.729698253063694,8.63065999448562e-06
0.120858461354807,7.35181867772125e-76,0.0657867893297011,0.00500383247682935,0.808350916838663
1.38360005707014e-06,5.94698479511825e-83,7.21114218367172e-07,4.7943318915915e-09,0.999997890491393
0.0749928996701257,1.15520997075322e-07,0.87729799615589,0.0125899637221972,0.0351190249307896
0.00151996728012876,2.2326009840979e-07,0.904684182352822,0.093562482440621,0.000233144666329553
2.84427240992872e-05,1.27900087757761e-75,0.655725436579565,0.0861127694165585,0.258133351279777
0.115750768426336,0.86214051642629,2.13618456856e-05,0.0220873530031659,2.9852358787171e-10
0.000196652916995531,6.06948845047705e-76,0.991188050391915,0.00429371524797477,0.00432158144311475
0.937901191572898,0.0149955060741346,0.029537202873244,0.0175646600681958,1.43941152750994e-06
1.72955064082947e-06,1.85431607465655e-82,0.00027914241179103,1.95512574104231e-08,0.999719108486311
0.999392989058103,0.000154493932678986,0.00021619968872959,0.000188352254338414,4.79650661504255e-05
0.000154075083383892,1.02989486966165e-73,0.998391550183787,0.00142483479575915,2.95399370703827e-05
0.00902562797661418,1.73743576106044e-09,0.0758733542003278,0.00421313076012843,0.910887885325494
0.801656353753701,0.000204760126410609,0.164543022565267,0.0300625187237418,0.00353334483087983
0.0457597961266818,4.82544950624541e-08,0.0103332317819364,0.0147937124151823,0.929113211421705
0.160441897116666,1.56888776801475e-72,6.69098706592722e-05,0.82974879068833,0.00974240232434429
0.00288191362213958,0.00620425909493588,0.00496392688919117,0.985949195306932,7.05086801433706e-07
0.000658733673107624,3.48407760680621e-07,0.9899317668322,0.00925057432335913,0.000158576763572482
1.02172434375879e-05,4.63223446686325e-85,6.02831438641361e-10,3.25025712496734e-11,0.999989782121228
0.000164088554680085,0.039994157734323,9.0026616960586e-05,0.959751723204762,3.88927404029794e-09
0.0169140145390753,3.95106695651681e-14,1.72557742846126e-06,2.51062751266887e-08,0.983084234777182
4.70388847158481e-05,2.97621990889022e-82,4.69113095897649e-06,6.66508420239188e-09,0.999948263319241
0.0580240745637432,2.40534346996623e-76,0.016203251649035,0.000330363500088349,0.925442310287133
3.04673436418664e-05,0.19961944887318,9.9575379191526e-08,0.800349984167313,4.04863998126438e-11
0.074641813839663,2.08897066860358e-08,0.334330292832853,0.0394662988678456,0.551561573569932
9.97772647789644e-05,1.702174428444e-11,0.995763171073429,4.88594548980698e-06,0.00413216569928039
0.317740478653407,0.0143237266814868,0.0129210503461006,0.654823616295397,0.000191128023608391
0.000101700830273982,0.986635239672146,1.2893789267624e-07,0.0132629305595176,1.69693201870603e-13
2.17792784753414e-05,1.79968699867921e-80,0.116629188228206,3.70163801309538e-06,0.883345330855306
8.24245185532677e-05,0.000117538049961462,0.00230393279909582,0.997496099562337,5.07005259212534e-09
0.28330315823673,1.95206519704484e-06,0.204192714581488,0.266743223397334,0.245758951719252
8.47902028636319e-05,0.0113259943593702,8.75523297342809e-05,0.988501662992496,1.15535521270213e-10
0.0163833888749851,3.54775608804824e-10,0.947214736758091,3.42194261743324e-05,0.0363676545859738
6.68750667425915e-05,0.961539366160886,4.37578395591705e-07,0.0383933211918996,2.07586537917822e-12
0.950583572516053,9.08434416792167e-07,0.0365483348062195,6.85265557598738e-05,0.0127986576875506
1.14511989853963e-06,0.0550117882115964,1.56730567994063e-06,0.944985499237808,1.25017684330627e-10
0.00363669077743859,2.21277220492933e-76,0.776531716609235,0.000399200914139234,0.219432391699187
0.0151527956678032,2.39145259663464e-09,0.184927563968276,0.00450833287729896,0.795411305095169
0.000424370296015022,1.16556350172412e-78,1.77463201112376e-05,4.49043615172314e-05,0.999512979022356
0.00397533358314424,0.0597883695246368,0.000421124029820302,0.935815138761334,3.41010642556276e-08
2.39086125566396e-07,0.10339906981326,5.99575306210662e-08,0.896600631143067,1.70134270510897e-14
0.00419775374188711,0.0016931385923918,0.180490680310318,0.81361831356045,1.13794952816969e-07
4.18694113206824e-05,0.881270993985868,3.25262930973321e-06,0.118683883970888,2.61377246671646e-12
0.825055675906785,0.00505955359933523,8.17463503227876e-06,0.169865446696393,1.11491624541273e-05
0.504640179293716,5.89888642634371e-08,0.011061001557519,0.000131563599442473,0.484167196560458
0.0329770268798328,0.238924622091976,0.00211712998059303,0.725981037899309,1.83148289820904e-07
9.05538908346606e-07,0.989947108838639,1.29612212512417e-07,0.0100518560102395,6.93297386702898e-16
0.88980471523481,0.000170312865477404,0.0140823436224894,0.095703117204656,0.000239511072566859
0.98419442460898,1.90650310304495e-10,4.27586587713937e-05,3.69506108333401e-06,0.0157591214805149
2.17638785187959e-05,1.07419762578722e-84,1.60241780531507e-08,1.48641550674258e-11,0.999978220082439
0.0591588334916127,4.58840830811679e-11,2.8457171052443e-07,2.98096243338408e-06,0.940837900928359
1.0781796969339e-07,5.38443783792514e-12,0.999938628902039,3.49559840957248e-05,2.63072905115259e-05
1.17960231240747e-08,0.99180233488163,1.05930954801035e-10,0.00819765321641541,9.77922497208362e-19
1.4752955100825e-05,7.2129667498304e-05,0.053357745597018,0.946555311239918,6.05404652863685e-08
2.74446448307669e-07,0.906777519150321,1.31048511278601e-06,0.0932208959181128,5.4199054911827e-15
0.0189214127208335,0.97596824627123,0.000890529652932952,0.00421981111155332,2.43449815117199e-10
0.00138595843819792,0.00189367102444298,0.180641495885618,0.816078028370986,8.46280755214392e-07
0.0211497784758237,3.61909453674488e-07,0.941351534300877,0.00385404099211101,0.0336442843217345
0.0231549619381612,5.97930173666254e-09,0.0967339759362535,0.0223911393869811,0.857719916759302
2.36738210715915e-05,0.963954335524091,3.02793299671852e-05,0.0359917113245896,2.81007386301269e-13
0.00135920778647565,0.00247078229694095,0.0017783527074774,0.994381505501849,1.0151707257371e-05
0.000276985808231362,6.54768537003086e-76,0.991532815882456,0.00206887070603565,0.00612132760327681
5.07548623753883e-05,0.997743989582359,1.79969718197039e-10,0.0022052553752957,4.81465775530247e-16
0.000567483163971589,1.95676532480176e-77,0.919723124081618,9.13107756617907e-05,0.0796180819787486
0.354315849704376,0.000377290716469424,0.429472572927509,0.215124225644296,0.000710061007348949
1.32629813308969e-06,1.67762352672018e-07,0.764265766817184,0.235729615577411,3.12354491919575e-06
2.71472842140296e-06,1.7988996497933e-83,8.25063042290098e-06,3.43975117026573e-09,0.999989031201405
3.28385672065848e-05,1.97541867061054e-74,0.994513052271497,0.00517909009024476,0.000275019071051963
0.877131162521162,1.12857068732025e-05,0.000689311045802399,0.0860456961113573,0.0361225446148057
0.999962005638894,6.80278514205352e-06,8.41246161901149e-06,9.69110789099641e-06,1.30880064536339e-05
0.00288476899894208,3.23348000390728e-11,0.000154419609162872,6.17059384981024e-06,0.99695464076571
0.000100003581207274,1.03826352889977e-74,0.819252589197764,0.178600420681446,0.00204698653958269
6.8062431187849e-05,5.160046491088e-08,0.996473658585963,0.00345256643118148,5.66095120286436e-06
0.000800181392197648,3.43570547973207e-06,2.78009824725161e-05,0.999156030241934,1.25516779158846e-05
3.0351120057928e-05,2.99139309007133e-80,0.00608689594597991,2.20541009856646e-06,0.993880547523864
0.0138934612631152,2.85618197842051e-05,0.985969168028065,0.000106984669088655,1.82421994685954e-06
0.383757283542827,1.50947372846523e-09,0.00138699310472225,9.01409114671968e-05,0.61476558093151
0.000648836350302263,2.59670950790599e-81,5.89842851766797e-05,9.23483453029643e-09,0.999292170129687
0.81086442962789,0.000237489171917901,0.188505287386733,0.000198175546868257,0.000194618266590809
0.000798191113166533,0.105157491154751,0.0110118045203764,0.883032507729726,5.48198020515417e-09
0.00101766869935991,0.440691981294707,4.11114105756546e-07,0.558289938887878,3.94908771077153e-12
2.98598463115159e-06,8.47689352758201e-83,5.35212156519359e-05,2.85594906849804e-08,0.999943464240226
4.64615900762635e-05,1.28326809237331e-75,0.998064525994931,0.00174172645914977,0.000147285955842682
0.00489158043657407,1.47345618346739e-09,0.909048764811842,0.00176739637814823,0.0842922568999791
5.67313169498276e-06,0.999196450574021,5.50771145284112e-08,0.00079782121716943,1.45041979948368e-16
0.00117994310763153,0.00399247935394445,0.662203547711015,0.332623952700837,7.71265715146666e-08
0.938479607284058,0.0574368169258357,1.1706593739717e-05,0.00407184740379491,2.17925712424687e-08
0.999977714660239,1.60264327918796e-06,1.86745432399025e-07,2.53936972433921e-06,1.79565813244584e-05
2.12540390852966e-06,6.87554638767469e-77,0.998919766984881,0.000112320077930581,0.000965787533279607
0.000120625208769026,0.0156425081095862,6.31057334349662e-07,0.984236235608786,1.55247635722085e-11
8.71951676066811e-07,6.15182989732613e-79,0.999753875467498,2.12458416045546e-06,0.000243127996665269
0.00708153848162245,2.05277806302562e-74,0.970285904613309,0.0121200517782524,0.010512505126816
1.27516005623194e-05,2.29074481862387e-06,0.00745266698942371,0.992526729389701,5.5612754947093e-06
3.49118098701619e-05,5.39837228710433e-74,0.679664631695926,0.320228516216752,7.19402774516825e-05
0.234685106487487,0.0145745062086907,0.00326797024819434,0.747419842728795,5.25743268324647e-05
6.10113549276533e-06,4.17503583196374e-83,8.79360937930649e-06,2.38378552198956e-09,0.999985102871342
2.86719815408538e-05,0.952082248459839,5.79489621260403e-07,0.0478885000680444,9.546121604694e-13
1.81949376614449e-05,5.41993829010173e-06,0.0426179393047455,0.957343839952234,1.46058670691015e-05
6.84829589830459e-07,0.999541944320559,1.6665176712764e-10,0.000457370683199105,6.21078000511219e-18
0.000132349771917036,9.44672636501334e-77,0.98186879867714,0.00415770961058345,0.0138411419403593
0.00123032721808794,4.42441218334523e-74,0.97312339164676,0.0224760792842826,0.00317020185086939
1.80945337390673e-05,0.0068800682625665,1.59736720216178e-07,0.993101677098859,3.68115567229315e-10
0.000149071786773885,3.78633500174022e-74,0.97734418761297,0.0224628546800663,4.38859201902556e-05
0.00191592986992769,3.46761664238255e-08,0.746458709524282,0.213162851125086,0.0384624748045371
0.000421282301161913,0.00469470699091131,0.808177444911113,0.186706486350372,7.9446442404946e-08
0.0126667789450879,0.000162609009238952,0.98185491962295,0.00531339723087938,2.29519184389515e-06
0.00028671164944399,0.00373704104823899,9.05686306314785e-06,0.995967186616042,3.8232118535455e-09
0.000427320643255592,2.34249732976476e-10,0.131052461652346,0.00522554876010539,0.863294668710043
6.17753313843893e-06,3.7104334376169e-78,0.997673587076107,1.36432638568304e-05,0.00230659212689806
0.995177926249414,1.92442895404658e-10,7.53015330432121e-09,2.54416198449598e-08,0.00482204058637019
1.98896933457807e-06,4.80580324811036e-82,0.0032243613037199,2.07886649613427e-08,0.996773628938281
0.0148083568793021,1.02111359455197e-12,1.65512412121445e-06,9.7352077871966e-08,0.985189890643478
0.000191390988648512,3.50009211185364e-10,0.822013174027427,0.000270112957279838,0.177525321676635
0.0160717062109647,5.97049834301988e-78,0.00720098923600134,3.28980092249251e-06,0.976724014752112
0.999776789815042,2.03092737394997e-08,2.13699981654008e-06,1.77562329277704e-07,0.00022087531353872
0.000711581136258876,6.01868495031707e-77,0.981041938177987,0.00242894649857371,0.0158175341871802
0.000315399160921752,1.15664804864597e-84,1.33380285317413e-11,7.22773475701512e-12,0.999684600818513
0.000152322652235532,3.74698378976244e-78,0.951311198814627,1.0261308459334e-05,0.0485262172246776
0.999073594403054,0.000726522674162841,1.21786995149835e-07,0.000199197322797767,5.63812990071984e-07
0.908974693357383,0.0908854477647933,3.06836050409266e-05,0.000109168355213398,6.91756887709485e-09
0.00748433421096911,3.81280820838695e-11,0.000116871950169261,0.000399916470146923,0.991998877330587
0.000160510982462083,0.000107781413534764,0.172267727468435,0.827463493740882,4.86394686659812e-07
1.65299256798482e-06,7.30473549569732e-84,7.98117912576109e-07,1.11238672280874e-09,0.999997547777133
0.999995649339742,4.72193105220962e-07,2.11993898565452e-07,7.98242862228828e-07,2.86823039178185e-06
9.73276484026553e-06,2.55140323228216e-13,0.960889042674779,8.94483004520373e-07,0.0391003300771215
4.71456464554147e-05,8.82887284481232e-78,0.955760686053231,0.000120121536911362,0.0440720467634021
0.995486798457566,0.00437889028315755,7.18995025487295e-09,0.000134274103050061,2.99662759242764e-08
0.00030710640968114,3.71125251049216e-08,0.998575057963058,0.000724829217263952,0.000392969297472118
7.58744875909951e-06,0.97795513622934,1.77019161789221e-06,0.0220355061302659,1.71735077398006e-14
0.00195077363703203,0.803665865601364,0.071699207475697,0.12268415237174,9.14167588604467e-10
0.00185746537401302,5.7805748463141e-75,0.967380635087636,0.00314524342230233,0.0276166561160486
0.000131471879127272,5.44495256717729e-79,0.686371801657891,7.10723309768967e-05,0.313425654132005
3.80930137759163e-05,5.96857210781681e-75,0.998357910943624,0.0015981723846248,5.82365797494442e-06
8.29465064240598e-06,1.91785704063584e-85,4.62813953973203e-09,2.44977378110967e-11,0.99999170069672
0.000141388019161406,1.23637554209843e-07,0.998624562883145,0.00117775772844781,5.61677316915605e-05
0.000108620420532283,1.08875424109517e-70,0.553755235976244,0.446136075236656,6.83665673703699e-08
0.00306500748574951,1.13261960319514e-74,0.967054808767507,0.0281799246200694,0.00170025912667403
0.000438298745822407,2.89977514394145e-14,0.000414222708328905,8.24293504226061e-08,0.999147396116469
0.0379281073966807,1.91567454211079e-08,0.00817632878838901,0.0161413142828176,0.937754230375367
0.00058050225453962,3.25707809506429e-80,0.00105412787831879,1.46364864728708e-07,0.998365223502277
0.00702768589781773,1.06598361303441e-12,4.50093249252578e-06,1.41897390443351e-07,0.992967671271233
0.149520765374274,9.87644229910164e-12,4.21697342271761e-07,5.08106832331817e-07,0.850478304811676
0.205879922936634,5.43393767699254e-76,1.29915773454599e-05,3.84837601641707e-05,0.794068601725857
0.111919399351516,0.362796364751628,0.00551104143013877,0.519773146308935,4.81577820614595e-08
0.395009848946172,6.5235215925703e-10,0.109090463065994,0.000122032274900238,0.495777655060582
0.000578052427809408,4.90400577980063e-07,0.972143313924343,0.0151487666549473,0.0121293765923223
0.999985284197185,4.2311605268728e-06,1.11120608833839e-07,1.00848867104555e-05,2.88634969032544e-07
0.00162984598011794,0.0271238024860758,0.000637677792703271,0.970608580810443,9.29306601681855e-08
0.974692876939492,2.23262992152443e-05,0.0106328925668597,0.00814255499492539,0.00650934919950788
0.00628560534393269,3.01641226008814e-09,0.0636605948758738,0.0052063670763278,0.924847429687453
0.464156335293208,2.05883552269347e-06,0.456718157990062,0.0199743248365306,0.0591491230446773
0.043156910322845,0.956699771711834,7.83662053804862e-06,0.000135481336026737,8.7558337758451e-12
3.42191618449935e-07,1.03028237962131e-09,0.999969279823303,3.02347442543476e-05,1.42210541515659e-07
0.0420994065010154,1.05720320802174e-08,0.00434792116261235,9.1606312134335e-05,0.953461055452206
0.994189262744693,0.000636545043722494,0.001834542950647,0.00318324182962295,0.000156407431314869
0.694329025830459,1.9479137757045e-08,0.0167417572051008,0.000550942437868932,0.288378255047433
0.00292420312095988,1.69995429076595e-77,0.776006764390977,2.49733754676189e-05,0.221044059112596
1.01983405052878e-06,0.929919343059887,1.8902981163772e-07,0.0700794480762501,3.75464741652606e-16
0.899049405073083,1.0082936613544e-07,0.0640047418979766,0.00207960793497386,0.0348661442646002
0.977664419803589,1.03784601345799e-08,9.67362047091783e-07,6.67966321479421e-05,0.0222678058237563
0.938589262697848,0.0606914935423803,1.00319044574183e-05,0.000709181836886289,3.00184282701806e-08
0.000174896393646907,4.18700174080552e-80,0.0246693515751623,3.1077421785417e-06,0.975152644289012
0.879115014242307,2.46381019200453e-07,0.0076429303364974,0.000596075338318443,0.112645733701858
0.0025732421366571,3.79210607297496e-78,0.309555065194719,6.50165912903199e-05,0.687806676077334
0.00136995703528318,8.02704645737384e-06,0.997883706646913,0.000722824071718224,1.54851996282243e-05
9.34718875172008e-06,4.39684006952731e-84,1.98214941558175e-09,6.0069136914094e-10,0.999990650228408
1.37116016586704e-05,0.999282420993803,1.40595605052792e-10,0.000703867263942943,1.40818193347899e-16
0.999976665051834,1.19686806405628e-06,3.08375809256297e-06,1.21942273648533e-05,6.8600946441287e-06
2.82919449846991e-06,1.98111102757607e-05,0.000432004864065728,0.999545325371437,2.94597232210782e-08
0.000378971552775978,5.27511949843073e-07,0.999320734690421,0.00027051751631729,2.92487285361391e-05
0.000352556289678548,6.11001374375296e-08,0.983892079029447,0.0144323513559499,0.0013229522247878
0.996272969446046,0.00365526826146158,1.18278251373092e-06,7.05766585832248e-05,2.85139539713837e-09
2.46499522706552e-07,2.22987397924303e-11,0.999977364274082,1.418300152515e-05,8.20620257164983e-06
0.00216701338029185,0.100965768738364,0.00654410162143428,0.890322233120873,8.83139037113274e-07
0.112181910222966,0.000132088148022832,0.819129305375289,0.0678724129562047,0.00068428329751733
0.0016043749609198,0.0143571702646726,0.000383649570064109,0.983654712304151,9.29001921021275e-08
0.995807927414642,2.16461275314044e-05,0.00377147413020576,0.000288509708235948,0.000110442619384575
0.00154452294097929,0.0314884949171521,0.927264168959432,0.039702811711759,1.47067783695848e-09
0.000208036433174042,1.36828656372373e-81,8.20244372623375e-05,5.9460426485047e-09,0.999709933183521
0.000436658901874716,0.939060090250026,1.35649480879188e-06,0.0605018943529451,3.45601139389247e-13
2.07221806858903e-06,0.999427596584292,1.08758437384724e-10,0.000570331088881166,1.33887887173421e-18
0.00105022359629145,0.00234986958074283,0.00513248668171495,0.991467325573432,9.45678182740364e-08
0.00243476964570926,2.21522318702133e-05,0.855115801785681,0.142415905474777,1.13708619621487e-05
0.529472638696063,0.467623642256493,3.74587170568831e-05,0.0028662595034004,8.2698630767182e-10
0.514664104872948,5.59099525345811e-05,0.423015803154805,0.0529271191119318,0.00933706290778094
0.335517347673306,0.0569339859098096,5.71745627617158e-05,0.607490853313551,6.38540571438271e-07
0.10078330706277,2.10285637495278e-11,0.00251517238952663,2.22035606582842e-06,0.896699300170609
0.160658631425903,7.86454529166546e-71,0.340156931687704,0.499101359036832,8.3077849561117e-05
0.280434832056444,3.39875210431452e-79,9.46932111795818e-09,1.58157898497295e-07,0.719565000316336
0.485316873981759,7.91745609705312e-06,0.00143344627316124,0.00691852941655761,0.506323232872425
0.000207617950935408,1.76417382505595e-77,0.994104182117544,1.89993821996716e-05,0.00566920054932098
8.11591164757928e-07,3.39873262902783e-77,0.999617886652733,0.000301970935538245,7.93308205642903e-05
3.0752608430456e-05,1.6416599546954e-77,0.619066337584617,0.000765524156609563,0.380137385650342
2.5777279445814e-06,4.89933301775824e-81,0.151859346173375,1.34050058466417e-06,0.848136735598096
0.0053404350969759,0.0180815361867643,0.0145957039966591,0.961982133029748,1.91689852440749e-07
0.179017254272192,1.10228018428563e-07,0.698355765385658,0.0117986139567199,0.110828256157412
3.91020645853467e-06,3.39125148257125e-11,0.999975420192879,1.66749125962461e-06,1.90020754905065e-05
0.00299994361068025,4.63735635616455e-74,0.0206149437601695,0.164659558145691,0.81172555448346
1.9535082670057e-08,0.97469597975184,3.29984924092984e-10,0.0253040003830928,3.85755171761033e-18
0.000188858124499454,2.42695422031425e-78,0.105388404552519,0.00012658729207174,0.89429615003091
0.00186336472495637,0.193000144783516,6.66872959679228e-05,0.805069796484504,6.71105573777372e-09
0.000339531767422286,5.47753658734508e-76,0.959226972696485,0.0345590107793276,0.00587448475676536
0.0785432431103511,0.345534001428483,0.0247178293685507,0.551204895331164,3.07614507786148e-08
0.134346539282288,8.6954312244739e-05,0.0449059103724648,0.81821720490505,0.00244339112795212
0.106208027900287,3.600186984275e-76,0.632393256351371,0.000635674388857862,0.260763041359484
0.437033146936344,5.7243721428571e-05,0.345380057539384,0.205599112501721,0.0119304393011229
0.00021832105055697,0.00225472217001323,0.000403919437718581,0.997122959002234,7.83394773142472e-08
0.589557143180174,0.000860315401058148,0.00771873519323253,0.401345867062118,0.000517939163416634
0.48682975698109,2.83665097746873e-73,0.259984279363842,0.0593525642899254,0.193833399365143
0.000111553753377625,8.0741811681211e-77,0.992627092805328,0.00011224875829884,0.00714910468299565
0.00301856056800144,2.42911516200304e-82,1.03301739005754e-08,8.00135166829078e-10,0.99698142830169
0.99664529545313,3.44720119771602e-09,2.24595781751944e-06,1.53106772476094e-07,0.00335230203507923
0.00207949919033125,2.41629792748558e-14,5.43502933863512e-05,2.39477472690431e-08,0.997866126568511
1.15627057288427e-06,2.14929615304892e-08,0.999703798277292,0.000294393275946754,6.30683226845683e-07
0.354239520757764,2.53198947398504e-77,0.000118919292975346,3.10714549625403e-06,0.645638452803764
0.0666815635138831,1.26688151404985e-07,0.497923246307321,0.101167933241078,0.334227130249567
2.61710930422305e-06,3.23483626053364e-78,0.999612635235613,3.29753595165712e-05,0.000351772295565889
7.39724453863813e-07,9.05993354835632e-79,0.986394839537612,2.1098728270975e-05,0.0135833220096628
1.21095641602305e-05,1.92358472436014e-78,0.973234505558601,7.83675902001016e-05,0.0266750172870392
3.1673392935794e-05,0.999109317206298,6.17978174940569e-08,0.000858947602945016,3.38592112772581e-15
0.0852905754342248,0.820365992290672,0.00134035958418859,0.0930030213020657,5.13888490679454e-08
0.0209161420912732,7.73343124122756e-09,0.738778370562343,0.00464932826545465,0.235656151347498
0.0048364423086284,0.00556106460142903,2.48764424369522e-05,0.989574634129702,2.98251780413835e-06
0.00349579767335324,2.28972642353872e-11,0.0890232929922752,1.25940386386989e-05,0.907468315272836
2.04615166843266e-07,0.999841575570836,2.02694153050836e-12,0.000158219811970407,3.53639718790847e-20
0.000228136911260735,0.97321316233133,0.000119118128051093,0.0264395826196298,9.72846517751157e-12
0.000203797680125237,0.734004155636869,1.57138553352245e-07,0.265791889534717,9.7356204290846e-12
0.0119528215080528,2.63758408904847e-09,0.965580859424322,0.000978335795617539,0.0214879806344233
