0.00740122791205435,0.0359147305861379,0.0539375941204107,2.93952687112537e-05,0.902717052112686
0.00205865089347083,0.419957853664674,0.0670343102069804,0.000194785512690292,0.510754399722184
0.94649208226912,0.0175173844648192,9.898328214261e-10,1.15916966149615e-13,0.0359905322761125
0.266062912142611,0.0115074989109097,0.0144525201504627,2.23620186172764e-07,0.70797684517583
1.13517099457572e-07,6.12062561756211e-05,0.950608155779652,0.000992938406901904,0.0483375860401709
0.000937583566287374,0.0677949262370493,0.00051064166697071,6.60698861418992e-05,0.930690778643551
6.49365887833e-06,0.000378986117345252,0.00159428237484659,4.35883008060469e-06,0.998015879018849
0.992228733563926,0.00527195575652868,4.05172892972796e-11,1.63102968835502e-14,0.00249931063901212
1.44066250411228e-08,1.9469219933813e-05,0.965426827773896,8.77765138852696e-05,0.0344659120856599
3.86600755479321e-05,4.25356802524546e-05,0.464014943937713,1.85457301850722e-07,0.535903674849185
0.900695080277138,0.0170513005791459,0.0080956786764341,4.19333619722065e-11,0.0741579404253485
7.71520768078689e-07,0.0191695582876161,0.0678388296839966,0.889895623335673,0.0230952171719465
0.00108780077017201,0.123073041821643,0.612175618210885,0.000660245345099412,0.2630032938522
5.13927208153379e-07,0.105980052696926,0.00245628585477834,0.89111556741815,0.00044758010293695
0.246317565887367,0.742024174614677,1.81836055905711e-06,1.4902000504366e-06,0.0116549509373464
2.85169744036897e-07,2.78380718816652e-06,0.996818369396165,1.25743534339421e-06,0.00317730419155983
5.01825522393173e-13,0.00184526513866003,2.80314213202056e-07,0.998154453903653,6.4297237023393e-10
1.93547914034303e-10,0.0108267528008052,0.000139447600638976,0.989032706205785,1.09319922301804e-06
0.00569324324343033,0.913314710937816,0.0246102532612497,0.000919253427877319,0.0554625391296273
8.11869948358711e-09,0.274970691865152,0.000186602634730805,0.724476675768205,0.000366021613211937
1.38000875138108e-07,0.000509845015259346,0.940019138192247,0.0569689399550484,0.00250193883657005
0.0283545300694958,0.0154214249165295,1.34676318936543e-05,4.07514484648393e-09,0.956210573306936
0.109652655947995,0.00856426769664623,0.102042237635619,7.2136099171287e-09,0.77974083150613
4.88998143922265e-06,0.507357137109213,0.0515045388932835,0.394026239904921,0.0471071941111431
0.179967059995829,0.814540626181554,1.26883559992562e-06,5.42219709959358e-08,0.00549099076504584
0.0514235206332375,0.947744166125262,0.000271223312076356,4.28448315244668e-08,0.000561047084592614
0.000398654296006505,0.984248156084763,7.05741797358864e-05,0.00940810453666857,0.00587451090282599
1.10847927624562e-05,0.661054977960772,0.0154807841693801,0.0348860562000395,0.288567096877046
0.130112316640403,0.00650216627606069,1.82161067738126e-05,2.44238186566237e-10,0.863367300732524
1.61576647133392e-15,1.74664062115611e-05,1.57825086859609e-07,0.99998237576469,4.00980408470977e-12
7.07301809512442e-06,0.0193936923025715,0.0071149550243588,0.0137045205819972,0.959779759072977
1.03418319616474e-10,5.31208583014572e-06,0.995595994737411,0.00438613943631485,1.25536370255308e-05
0.998503955207724,0.000101590581227275,5.78866868752868e-08,4.90975363095342e-16,0.00139439632436114
1.8028729695707e-08,7.52240716541585e-06,0.993064392673011,1.14208284134546e-05,0.00691664606268073
0.0010322894417301,0.618040864420412,0.00223666242304162,9.95813635865575e-05,0.378590602351229
0.0364885697499453,0.00055524798975372,0.000225403824656516,2.11816298070587e-10,0.962730778223828
1.84869397682029e-13,0.00721651999714807,3.76784317690846e-09,0.992783476215361,1.94632691412978e-11
0.0111024276809664,0.157975816581612,0.0067908821252371,7.22620886634357e-06,0.824123647403318
0.00262095157468204,0.000391946179503626,0.988165252669183,3.83288841966416e-08,0.00882181124774746
9.09016078088426e-11,0.0336973470937138,2.70882260073928e-06,0.966299842081439,1.01911344518889e-07
0.999678138070432,6.90832317326091e-05,9.24503758445988e-12,8.78131201448671e-19,0.000252778688590012
0.997375778091155,0.00252554178546697,7.09240434117843e-09,9.16933302550557e-14,9.86730308815525e-05
0.745194583253963,0.0548240709250974,2.69841509105124e-05,4.40900510777867e-10,0.199954361229129
0.000370769554052395,0.603193610670063,0.392991274351507,0.000243326286806434,0.00320101913757123
0.0240789807790072,0.554287680884034,0.00324390987155043,9.67224330840321e-05,0.418292706032324
1.70170616343138e-08,1.77889926661693e-06,0.99684972570791,5.95043000664364e-06,0.00314252794575546
9.24252251759187e-05,0.000615934452704031,0.000500080454012953,1.58956201651954e-07,0.998791400911905
3.95325374204641e-10,4.25661608287563e-08,0.999167260656032,8.45372739911558e-06,0.000824242655082664
0.000208027021443582,0.0380954997127742,0.0698674051740916,0.000508895125635112,0.891320172966055
0.00252486820491688,0.976143635901991,3.86130203860231e-05,1.86833880842149e-05,0.021274199484622
0.0122022893189734,0.890303883580123,0.0223791754530288,0.00257649250312785,0.0725381591447467
0.990071992676069,0.0099208455396249,1.47790737043178e-09,1.61038034554595e-13,7.16030623732638e-06
7.2597100085376e-11,0.0112302570376765,6.64678711141105e-07,0.988768959351676,1.18859339265791e-07
0.968983132202737,0.0217799006453828,0.0014217892039481,4.31395926241473e-10,0.00781517751653612
0.996109081352972,0.00221688281678159,4.13495269173246e-08,7.07323539687434e-15,0.00167399448071247
0.00175898247759601,0.00219521650625633,0.946723068723673,1.9409739353718e-06,0.049320791318539
1.5396547865802e-05,0.939952756699713,0.0135957227769323,0.0451743573025495,0.00126176667293956
1.70019150416991e-07,0.107202280538027,0.00975650241663144,0.881469885916814,0.00157116110937706
3.18173138992106e-09,0.00121408927489933,0.0900009944704335,0.908754305256257,3.06078166789269e-05
3.36721759843725e-11,3.67550936520965e-07,0.999682675495596,3.56869370666732e-05,0.000281269982728693
0.000368064627094522,0.748784264124074,0.168629091821626,0.013527122493255,0.0686914569339509
6.25927727245392e-09,1.16948349364736e-06,0.993683037902122,7.49104897568958e-05,0.00624087586535019
0.970837719512628,0.0245407858100072,7.34430972253626e-11,2.89480308612944e-13,0.004621494603632
2.2664359836543e-06,0.0338505762274181,0.589409535349813,0.177899653571505,0.198837968415281
0.708381162129992,0.286711461123445,2.36356536879268e-08,2.10797796398391e-08,0.00490733203113022
3.12896925592459e-08,0.00210544372373902,0.879012382020566,0.102468240364754,0.0164139026012491
0.0384417824210207,0.0122930928925998,0.369870543372492,7.65206639306152e-06,0.579386929247495
0.998988233677788,0.000291263711187621,2.91610104654308e-08,3.35839527259535e-15,0.000720473450010269
0.000123741163877006,4.464144115733e-05,0.231072230265998,2.5894723965327e-07,0.768759128181728
0.984523842125042,0.00863525006495239,0.00152881497905798,4.39182465482881e-10,0.00531209239176547
0.694653110296253,0.228689183132772,0.0249223608194042,5.89742297606708e-08,0.0517352867773409
2.9436394850205e-06,0.00107287248695649,0.551043115759844,0.000448450575822135,0.447432617537892
9.53705258731472e-09,0.0870481355422827,0.00584743889754842,0.90657153013338,0.00053288588973622
0.953812912130997,0.0225282995564429,0.000320416211841576,1.43384679400619e-10,0.0233383719573338
3.83805748701739e-07,0.0669415440882067,0.00106475082222199,0.931631278621336,0.000362042662486378
0.64187285773796,0.356989688662495,1.28972378085037e-09,1.93250812844207e-10,0.00113745211657065
7.26684518852457e-06,0.896750616413755,0.000513503803533951,0.0715545782903769,0.0311740346471461
0.973652477927369,0.0218981210046614,1.16655073975432e-08,8.43983289407044e-13,0.00444938940161845
0.390076081243773,0.0141496946860301,1.55318641186064e-05,2.10662422536504e-11,0.595758692185012
0.997036586866314,1.67976101290524e-05,1.85603829402229e-08,2.22788178074261e-16,0.00294659696317448
2.06087117313668e-08,0.0122922873671234,0.596632642731437,0.187418868073628,0.2036561812191
0.999758931859528,0.000231296059397822,1.07757014836317e-13,1.06732956637141e-18,9.77208096633605e-06
7.6240889584674e-07,0.247856003083427,0.00314065079534681,0.748350321525034,0.000652262187296689
0.983152187591309,0.0140912550993293,7.7131891805121e-06,3.2584644446326e-12,0.0027488441169224
0.115366472388536,0.871507908971656,9.67910565803913e-06,4.20080587400991e-09,0.0131159353333441
0.069246640822677,0.768713057189169,0.00105457677744907,1.25282442772478e-06,0.160984472386277
2.12119166244193e-08,1.53551993903211e-05,0.981831628586961,3.18624821860193e-05,0.0181211325195458
5.26859727424036e-08,6.99761472364974e-06,0.965783020474106,1.4216285025202e-05,0.0341957129401722
1.30530235336466e-07,0.00209884110709701,0.966380268348105,0.0072155696707966,0.0243051903437661
9.86246798415903e-07,0.176441534296127,0.000334036082253825,0.821523119565287,0.00170032380953321
1.23566870736794e-10,0.000214759693945323,0.117445549394602,0.882223595905932,0.00011609488195303
0.0434816659877143,0.018518376040648,3.82220185145699e-06,6.11091620846495e-08,0.937996074660624
0.000201503863044507,0.00188601979376308,0.00309681685083485,2.80222853421494e-06,0.994812857263823
0.99642577063572,5.41277710754026e-06,1.48952742872831e-08,1.31417914033388e-17,0.00356880169189807
0.00130131659205702,0.445579541538116,0.0275269994070043,0.021408954357024,0.504183188105799
2.11855041246348e-05,0.000155997058764993,0.0619643930639469,2.90016683698207e-07,0.93785813435648
0.36839944070728,0.0075577102384922,0.0352958846692647,1.03548769529243e-09,0.588746963349475
0.339038446371962,0.653562958989125,1.82148282912802e-07,7.83661939551632e-10,0.0073984117069681
0.00225555926849094,0.891518446957177,4.16560020737675e-05,4.8554945431321e-06,0.106179482277715
0.000166130233540579,0.831801501440851,0.141460517380456,0.00884313359225492,0.0177287173528981
1.86494682901364e-10,0.00209921609723366,0.0539600908810176,0.943935503701914,5.18913333961458e-06
1.01406404652019e-10,1.23071257927373e-05,0.763499326542015,0.236311421793457,0.000176944437329108
2.01046532764923e-05,0.993701266061104,0.00371376209318856,0.00180312909884818,0.000761738093583208
6.01309122114018e-11,0.00073522269111204,0.00622203847491367,0.993041061556435,1.67721740790276e-06
0.13963732623115,0.860328427674103,3.04330043677759e-06,8.82345472084397e-08,3.11145597632834e-05
0.000173638364829983,0.0121510695654925,0.00191681155634987,6.65334025584726e-06,0.985751827173072
1.2923409216243e-08,0.00691862639733057,0.00256749129807631,0.989777927563432,0.000735941817752264
0.0885452784746937,0.91035772299024,0.000200865786014462,2.13487607127563e-06,0.000893997872980774
0.935617186931738,0.000385050192930966,0.000759252849930021,1.57044825843202e-12,0.0632385100238311
0.000364869409846377,0.0352816653228031,4.99493306925823e-05,1.1429139310571e-05,0.964292086797347
0.0564105823846421,0.0967738821985924,9.09191820692097e-05,1.58040977750325e-08,0.846724600430598
7.3335545919304e-06,1.88970024816965e-05,0.977177576596729,2.38199805320422e-06,0.0227938108481444
0.13139110731885,0.106745472170878,0.000183498920045494,1.87972313867743e-06,0.761678041867088
6.03130110464043e-05,0.00167777684149257,0.0828899790065634,2.47519114375296e-05,0.91534717922946
1.38473825459983e-08,9.51231954332816e-07,0.998637186518016,3.62921187590525e-06,0.00135821919077107
1.7631454745664e-12,0.00046658691569415,0.000590973763538214,0.998941547289139,8.92029865321105e-07
0.00127410870568187,0.998678160577153,1.3979248764589e-07,2.14718596369384e-07,4.73762060808646e-05
0.992079881481702,0.0077096227999643,2.81475668517001e-06,2.52862896361977e-11,0.000207680936362558
8.28515716490872e-07,0.0868742120788753,0.259568987898302,0.623502732828607,0.0300532386784988
0.00170518020202903,0.249956744459377,0.712142469019581,3.20006484292729e-05,0.0361636056705841
7.83103512014304e-09,1.47833445346215e-05,0.994597185462248,0.000341401261655673,0.0050466221005263
1.48832856547641e-05,0.971550115765376,0.000576186171655136,0.0215656006377841,0.00629321413952984
7.12783653069049e-06,0.000409690413807832,0.945765355065463,0.000268863317491045,0.0535489633667075
1.01426561324766e-05,0.00271722933763857,0.00795505403407099,0.000144997596439294,0.989172576375719
1.13726439863753e-08,0.00598512796767185,0.147167076860256,0.846102944436941,0.000744839362486378
0.901000889773615,0.0903100660985793,3.90083355537746e-07,6.28269682991286e-09,0.00868864776175339
0.000181205035392512,0.0329053867617568,0.000881117337975544,2.04438789284938e-05,0.966011846985947
0.999691438169542,0.00013856002211713,3.24871923710916e-08,4.30405326248658e-16,0.000169969321147858
0.0846909554830079,0.912552280771453,3.0397025810322e-05,3.32429154860631e-08,0.00272633347681316
0.250393106793862,0.738011503325911,1.41224944126964e-05,3.5694929500069e-10,0.0115812670288655
9.25946136872299e-06,0.0284795011706613,0.0845583133537697,0.00383061754298483,0.883122308471216
3.20994291851575e-05,0.97922422810106,0.00115303446740064,0.00789120721193463,0.0116994307904193
5.81683036436202e-14,5.41703538263138e-05,1.74499655314741e-06,0.999944083529719,1.11984283683132e-09
7.25422835979832e-05,0.231872434255736,0.159688800065503,0.00435385023932555,0.604012373155837
0.0128295847869777,0.433150265709817,0.189499412484533,0.000999078097197846,0.363521658921475
9.5509059186557e-11,0.000691262190961224,0.00933793287820982,0.98995900808885,1.17967464696232e-05
0.109324746236889,0.00965134143674488,0.0228671181968254,7.10181989408165e-08,0.858156723111341
0.00127770395858968,0.754310821593643,0.22015768908465,0.00325547936616775,0.0209983059969497
0.000639667203350011,0.0724736578321814,0.58744030991461,0.000389290630156454,0.339057074419702
0.976787636741132,0.01991843374891,0.000225454007890433,7.32678342399376e-11,0.00306847542879941
0.00176978905341294,0.955764407574435,0.00396875678235405,0.000184436214981694,0.038312610374816
0.000967657111402879,0.0157364714506501,0.00663842980620474,3.78346663396396e-06,0.976653658165108
0.0112575563168687,0.884678882929611,0.0629112382536264,6.11365125784672e-05,0.0410911859873151
0.000372060072576674,0.000268619692787407,0.724307810526569,3.17969178337238e-06,0.275048330016284
8.99736003095121e-10,2.23288135639798e-06,0.997754240186713,0.000923404208846346,0.00132012182334768
0.0269980514005704,0.953917970459744,2.77308478421458e-07,1.70453276320924e-09,0.0190836991266745
3.0394559819619e-11,0.000315390797388356,0.0184186157339593,0.981264620530763,1.37290749466909e-06
0.0147241644688956,0.829927592312428,0.0845546461057148,9.64429958341411e-05,0.0706971541171272
0.000100227707999103,0.00138017353743711,0.985877802293346,8.21496632687954e-05,0.0125596467979492
1.57241294299905e-10,1.03804665118495e-07,0.999432558710372,1.26347509456566e-05,0.00055470257677642
3.63484730830026e-06,2.99034059797519e-05,0.0446261136426842,7.40620655050096e-07,0.955339607483373
3.53391050179587e-10,0.00424040881674101,0.0483377966837893,0.947397656594659,2.41375514198164e-05
0.138555547121657,0.178147751876444,0.000645822616391335,1.61439423438259e-05,0.682634734443163
1.15768375945072e-10,0.0441644768191224,7.66033173331337e-06,0.955827824025132,3.87082441660977e-08
5.14563819161793e-08,0.23955019167845,0.000391716814951016,0.760011404666702,4.66353835149999e-05
1.89365380151272e-08,4.19156665784029e-05,0.994973504797518,8.96678922279508e-05,0.00489489270713731
0.000607587990325921,0.912690261268923,0.011096435695469,0.000991884322820176,0.0746138307224618
1.17265884136154e-08,1.76516881500495e-06,0.990384997740456,4.53923891000954e-05,0.00956783297504072
1.05078219075041e-05,0.121615753709759,0.664138113710084,0.0648712746001161,0.149364350158133
9.38271775260909e-11,0.00160937060318115,0.00795515794867531,0.990394849371326,4.06219829904023e-05
0.239624197368236,0.109089038411903,4.49385088240598e-06,1.19265008786701e-06,0.651281077718891
0.985970722003329,0.00441323118159063,0.000134521954901506,7.07916652473997e-11,0.00948152478938735
5.6761876838251e-07,0.999948307554424,9.35761585405133e-06,4.0765097470793e-05,1.00211348332792e-06
2.08939482263104e-10,0.00226027168852777,0.0760238092658966,0.921257688417352,0.000458230419284392
0.000350499065268293,0.718030932326985,0.0374348580603383,0.00248955196654014,0.241694158580868
0.0227982998404794,0.764097421886155,0.000653757861654964,7.18978265535664e-05,0.212378622585157
1.71962052125093e-10,0.000384754800340905,0.204312351658815,0.795297902728875,4.99064000700616e-06
4.45912638892147e-10,1.24689252750486e-05,0.98991385123507,0.00280163112087271,0.00727204827287001
2.82426553647355e-05,0.00183788983542863,0.264119849632576,0.00035629199548883,0.733657725881142
1.13760334682414e-11,0.000187934835382944,0.0458848086174312,0.953907949854837,1.93066809725689e-05
0.00376515368456212,0.838973074974934,0.0018095023994847,0.00604988494630766,0.149402383994712
0.552276982960429,0.181701971521479,0.00117609295709242,2.95597760478875e-08,0.264844923001223
0.99980400214495,4.81183264200494e-06,4.42199852558312e-13,6.18031503404507e-20,0.000191186021966131
0.000196181495801657,0.000540541837590357,0.82308497876888,5.21609288626296e-07,0.176177776288439
0.0074446284007601,0.992246002907895,3.47540622002763e-05,1.41389370620207e-05,0.00026047569208275
0.132518921674948,0.0457740268880947,0.00107601089984751,2.19054333006778e-07,0.820630821482777
5.3726074761216e-09,0.0721337908435589,0.000179470593504241,0.92768026144869,6.47174163974926e-06
0.00339647714246045,0.157292764423894,0.0503283797054854,0.000112791561965102,0.788869587166195
1.42609831337447e-05,0.818630457723935,0.037686250706947,0.134087377495225,0.00958165309075925
6.62419167955437e-13,3.13022860784685e-05,0.000125793741743845,0.999842888638634,1.5332881402047e-08
2.03332000450031e-07,0.0234252480675792,0.356044255912093,0.618869975591919,0.00166031709640824
6.47034647841269e-08,0.000150787161623332,0.980313887525059,0.00219015142956028,0.0173451091802927
6.59627146006783e-05,0.0215607463834008,0.937308582446117,0.00176510256362825,0.0392996058922533
0.548298211164682,0.444334088529788,4.51330570346882e-06,5.23481768822032e-10,0.00736318647634529
3.5099344655825e-07,0.000286844999780423,0.676375886912281,0.000843170325753648,0.322493746768738
0.0462655988502579,0.0786089865279038,0.231476175655026,3.40953714211134e-07,0.643648898013098
1.85875188844352e-12,0.000310421785753079,0.00552500394792868,0.994162563703618,2.01056084107644e-06
0.000971351204649451,0.137738269042707,0.763190432057918,0.00524854214833228,0.0928514055463931
7.4446057799536e-08,3.26984946147666e-05,0.999292369018333,1.94679638268384e-05,0.000655390077167466
4.32152292858356e-08,0.0388017221283665,0.00137226769026832,0.959822073559254,3.89340688220541e-06
4.50990666426294e-06,0.195336713313351,0.542117074531669,0.0389385143871286,0.223603187861187
2.72352357307369e-07,0.768579683660898,0.000134347707690071,0.231279410596609,6.28568244533435e-06
9.0168634275557e-05,0.947551224518856,6.70802015198589e-07,2.18849190971413e-05,0.0523360511257563
0.00908074007551991,0.0642247012187534,0.0105090355880799,2.18882835943355e-05,0.916163634834052
1.46908667345325e-05,0.00169884276393024,0.133419902243921,0.00288715244558112,0.861979411679833
5.28840748666711e-14,0.000490725836205827,2.34564993893253e-06,0.999506924697603,3.81619936204224e-09
0.00152179016120976,0.0836859684166239,0.351979995921763,0.000238629572513824,0.562573615927889
4.25044374331689e-13,0.000848555224599351,1.04448803876064e-06,0.999150399631496,6.55440609477918e-10
4.91370582785188e-14,5.17179806127668e-05,0.000338208683523803,0.999609990589807,8.27460074383022e-08
5.36473399025059e-06,0.587939497352572,0.216648524886452,0.124557597315392,0.0708490157115944
0.214681453038112,0.0763005584615403,2.2652491152404e-06,3.77026607749502e-11,0.70901572321353
1.50016289170733e-07,0.082520598176829,0.0485693853436146,0.820089585718954,0.0488202807443136
3.2292023619613e-08,0.000216108972833616,0.988261915417,0.00137959458967375,0.010142348728469
5.63775473631136e-05,0.0682012472131709,0.0650882327154807,7.90134649272084e-06,0.866646241177493
0.998024282691508,0.00164831349429786,1.86574626183033e-09,6.39400784866982e-15,0.000327401948441423
6.01061831571822e-11,6.91360074120897e-05,0.803857450005966,0.195712671945953,0.000360741980562759
5.37775199577788e-05,0.00134358099244277,0.00602216944570594,1.53206619257032e-06,0.992578939975701
7.79958168622719e-07,0.00467032292755007,0.525041382705236,0.444511473927976,0.0257760404810691
0.524147681828353,0.148570268556396,0.000451782091289908,1.78799847796066e-08,0.326830249643975
8.93244593073222e-08,0.000821985480581048,0.987607963020768,0.00122525758335743,0.0103447045908341
0.737382372839438,0.252969416591401,6.22235700891957e-06,1.47640126609521e-09,0.00964198673575005
5.50951674548428e-05,0.165366622878741,0.828063267830661,0.00440794235565423,0.00210707176748901
0.630401479353863,0.364714123683758,8.74972657776507e-07,4.07505309209635e-09,0.00488351791466875
6.21955435792828e-08,0.00178285889406362,0.97345150072649,0.013666383484691,0.0110991946992118
2.85802514204539e-08,0.0091508156044016,0.824959646492628,0.160339966531651,0.00554954279106716
3.1110077512001e-08,0.169652947371938,0.000101201834432761,0.823221079364748,0.00702474031880298
0.00579001267630033,0.0456795431225133,0.00106002830183629,2.69384271193431e-06,0.947467722056638
0.251517572112502,0.0128387962814847,2.90852137817093e-05,1.38401982858374e-09,0.735614545008212
0.00198662614433618,0.0968502154552362,0.0398186023646292,4.09254399033611e-05,0.861303630595895
0.973177761928544,0.0151800938087793,6.76806361719317e-05,1.22212738514958e-10,0.0115744635042917
0.000199096574323185,0.999499795415027,1.13335287516645e-05,0.000153984209485669,0.00013579027241281
9.52442176172574e-08,0.013585174702921,0.979099599782317,0.00516429751112443,0.00215083275942004
0.00224254274863332,0.742196869262902,0.115200361378382,0.000229114355783483,0.140131112254299
0.92511345008318,0.000195818892166705,4.77478273152037e-08,3.95456200603945e-14,0.0746906832767864
0.0246650025731474,0.974074390268861,0.000183542804888979,8.30126828719039e-07,0.00107623422627369
6.53558292499935e-07,0.974310916564018,0.000444304802267589,0.0252297239209887,1.44011544331252e-05
2.51806176995122e-14,0.000361564880658958,1.58503265528237e-08,0.999638419262412,6.57698757499331e-12
3.07720092839242e-11,0.00231294613489505,5.04692257567037e-06,0.997681871108948,1.35802809196745e-07
6.28054106595541e-09,6.2071309148637e-06,0.973368140677512,5.43659882943304e-05,0.0265712799227381
0.999936890895013,2.85670458837891e-05,1.99889183147976e-13,4.88005067691508e-19,3.4542058903066e-05
0.000274292466365497,0.00247911280301667,0.000970843199759788,4.64325025348013e-07,0.996275287205833
0.12132924986313,0.00512936352292773,0.028568042829894,2.19010695566762e-08,0.844973321882979
0.798495918785929,0.0974228804177935,0.00181552699988056,1.58884307566624e-09,0.102265672207554
8.4158464616924e-07,0.00896587778879137,0.712873241908644,0.0054738815560605,0.272686157161858
8.7548777422915e-08,0.00267707902962344,0.941242843565102,0.0518286267364685,0.00425136312002807
8.07227431487279e-06,0.209033176366151,0.00336748518375547,0.0355099761577792,0.752081290018
0.801695285685069,0.00470346749245171,0.00115599087807542,2.01023793274218e-09,0.192445253934166
0.00125040731651475,0.0724494250167523,0.000231308740095042,2.38856852831692e-05,0.926044973241355
9.07930317499725e-07,0.00366133782562764,0.876190274134751,0.0544918592437663,0.0656556208655379
0.860999226515656,0.138528455411005,5.46120897335572e-09,5.29436568816905e-13,0.000472312611600989
1.9677301860369e-07,0.00388210302809398,0.870296357132822,0.105534367966204,0.0202869750998619
7.68126407809902e-05,0.0254209612586829,0.539670587396975,0.000954313664381451,0.433877325039179
5.59819212615157e-05,3.79797925852355e-05,0.00437519484528226,1.14096102503272e-08,0.995530832031261
2.42770432075291e-14,1.18886407779708e-05,7.60279853716696e-06,0.999980507761817,7.9884354439744e-10
2.97335448313975e-05,0.000629553747441237,0.186807589276022,8.19831073063144e-05,0.812451140324399
2.34373343554126e-05,0.765041301434661,0.0120080984921974,0.194595504104927,0.028331658633859
2.08606840116771e-06,0.538830681283437,0.105622926335413,0.351889415307479,0.00365489100526985
2.33038408474149e-10,0.00652401582119626,9.75427622481479e-06,0.993465164756094,1.06491344624572e-06
3.48612263839256e-06,0.00172698370777174,0.00441107376142399,6.28157489162218e-06,0.993852174833274
9.53206533016887e-07,9.81614011554612e-05,0.627398862524678,7.97724843786626e-06,0.372494045619196
0.00267464356052321,0.996988108290141,1.22160177839047e-05,9.60825005312605e-07,0.00032407130654686
9.49206979148591e-11,0.000151821421614614,0.287930804511291,0.711520134305848,0.000397239666325905
4.33677342585658e-05,0.00105912675360415,0.998116346524657,2.86817089400148e-07,0.000780872170390687
6.60078770809226e-09,0.601241157612543,0.000258375240495639,0.39849462674597,5.83380020335796e-06
7.53739086953938e-12,0.000853951650001616,0.000404405212340997,0.998740805904686,8.37225433603238e-07
0.00237948017108407,0.637341511271854,0.314677701472925,0.00193428027660164,0.0436670268075353
0.0281926110556875,0.0086552568797585,0.00485868547788981,2.35067997891443e-06,0.958291095906685
0.95070749664354,0.0454795081847728,1.92619683822905e-08,8.01721256276199e-12,0.00381297590170151
7.85433489520705e-11,0.000139126359174122,0.0300498574244069,0.969763540423363,4.74757145124018e-05
5.26719827841168e-05,0.00224340682926666,0.258494351617005,1.59237913991348e-05,0.739193645779545
2.93732641383918e-06,0.983517053095281,0.00155239017930691,0.0140774727105327,0.000850146688465787
0.996657015078291,0.00193502224942041,4.43596240583685e-06,1.71578611644221e-12,0.00140352670816746
0.000412223149219798,0.000150713700620375,0.800217682662497,2.0603728957549e-07,0.199219174450374
0.00212882431123463,0.997836516857683,1.73194738025556e-05,5.76515385569501e-07,1.67628418938674e-05
1.9287930783035e-05,0.985844166270399,0.000292261382917045,0.00886644138734004,0.00497784302856119
2.51662097467207e-09,2.09557297920714e-05,0.981042494104897,0.00144929316514362,0.0174872544835467
0.0756544695366429,0.90012272810592,6.22561631035955e-06,1.1440849844727e-06,0.0242154326561423
1.63060742993263e-11,7.53697084442822e-09,0.999897495527065,1.2104886082188e-05,9.03920335757589e-05
1.04565054011726e-05,0.0242809935375434,0.312720104548588,0.00182959364004041,0.661158851768427
0.000519441549409178,0.00108972663233803,0.00824763917583167,5.77542454731453e-08,0.990143134888176
1.66188530836538e-05,2.64605877818839e-05,0.0097145406311685,1.79195098212518e-07,0.990242200732868
0.00156068979246116,0.993952230689327,0.000356727286495215,0.000833999165981754,0.00329635306573469
2.17566385729869e-12,0.000248390026483624,0.000534937104237047,0.999216586300956,8.65661473289703e-08
0.774236061463336,0.225170796743237,1.05515487703962e-07,2.20266622141011e-08,0.000593014251276507
1.19803297486024e-08,1.27703689748803e-06,0.995542790485685,1.58575673704775e-05,0.00444006292971739
0.999840909915095,1.88518204180788e-05,4.19850038208901e-09,8.14888530085862e-17,0.000140234065986423
2.73078481922101e-07,0.00451758538833096,0.931156964744792,0.0273353090449559,0.0369898677434389
0.000252737488924179,0.444026700094402,0.155867407886091,0.312973793939708,0.0868793605908748
0.00431369666103554,0.989095960866394,1.34130457584962e-05,2.38233881767488e-08,0.00657690560342386
4.17927108589001e-05,0.000868614299483177,0.0431954128712169,3.41171389982339e-06,0.955890768404541
1.35269708647546e-06,0.0149590912632018,0.0199693250306386,0.00943272727846243,0.955637503730611
0.114134692061075,0.00839153039536518,6.49648594464976e-06,4.0799124764783e-10,0.877467280649623
0.0122696678232796,0.674273616505561,0.204140348435212,0.000304910116208626,0.10901145711974
0.0172740079180189,0.0576810636032337,0.000506217466947955,1.6328707901323e-06,0.924537078141009
4.6089955812439e-08,0.0136494063095214,0.0310199891598355,0.954270439775116,0.00106011866557103
1.21076363304554e-07,0.000105499517904709,0.995642826612971,0.00170677242335832,0.00254478036940253
5.03245397608786e-09,0.459267147857424,8.10992690786224e-05,0.540650474058373,1.27378267099053e-06
4.39602550357346e-12,1.27317754539003e-05,0.739363487644708,0.260568883990799,5.48965846425293e-05
1.39606813043684e-07,0.344270498378555,9.68490520026561e-05,0.655526285373249,0.000106227589379666
6.19033607010675e-09,0.00023077677194014,0.909286253663806,0.084971482775946,0.00551148059797125
1.02961705222493e-09,0.000363998431867654,0.479789014396241,0.51979734081645,4.96453258241426e-05
1.17237332013179e-05,0.493175022952639,0.0212886183281056,0.484405015690324,0.00111961929572962
5.17711182704562e-06,0.56358631981975,0.00468838099141286,0.372834777274807,0.0588853448022028
1.96627175867031e-13,0.00477320094030205,2.52805769272233e-09,0.995226796529828,1.61564997728746e-12
1.50850137702565e-07,9.35489868295393e-05,0.938003571862496,7.57944605103168e-05,0.0618269338400262
0.00235068992876598,0.994756986237447,1.24888067885611e-06,1.74234051829259e-06,0.00288933261258997
0.0710046956315433,0.224739811545559,0.674193533540638,6.71131800753033e-05,0.0299948461021848
3.07384820614359e-09,0.0898078949860891,6.58508489501342e-06,0.910171079968498,1.44368866698794e-05
0.00327622058873311,0.00247278854469131,4.66278657519259e-05,3.06542137175946e-08,0.99420433234661
5.89738641378494e-13,0.000268206815693336,0.000111334448454458,0.99962041131374,4.74215226532549e-08
0.000947853806125523,0.999026797125701,2.16898936842816e-05,8.47909762125203e-07,2.81126472733045e-06
7.74365587626126e-10,0.000145556868078068,0.947471658918835,0.0511212978224757,0.00126148561624511
5.04921588653575e-08,0.000228711907477362,0.958406012448661,0.00439189913576612,0.0369733260159372
0.0183036854483046,0.981692736112093,2.50573564483425e-06,4.50668446975559e-08,1.02763711273599e-06
1.74844706902488e-06,0.000225848419998185,0.953130373970292,5.20726948227033e-05,0.0465899564678179
0.893852819514173,0.00224770083796,0.000714424450538214,4.24575596031973e-11,0.103185055154871
0.10098548993491,0.00248253585049889,0.00144633277952523,2.0737764548638e-08,0.895085620697301
1.4848894449557e-07,0.00375654562092576,0.0882044707861303,0.906011668612509,0.00202716649149015
3.710593091323e-10,0.000445938450739194,0.269193716323134,0.730337343638105,2.30012169619485e-05
0.000228243048439586,0.0227774193465722,0.604968569461589,0.000385385998833512,0.371640382144565
7.3969545964361e-16,1.62403494961063e-05,9.42728730163445e-08,0.999983665373203,4.42744057887655e-12
6.53882905899176e-07,0.00158421611251421,0.936212286411778,0.00111393316527371,0.0610889104275285
2.55186459831754e-05,0.00466122542013335,0.93475107175778,0.000147893296049909,0.0604142908800538
1.02755100865033e-05,0.00151857539747156,0.327768431521583,0.000353732717657479,0.670348984853201
1.31509052988784e-11,0.00395121164140454,0.000708876616636995,0.995339870405424,4.13233835756353e-08
2.26172465878632e-05,0.995449247325055,1.00076834058577e-06,0.000960654287246809,0.00356648037276952
1.09779780502195e-10,0.00312481651934664,0.00155519262980773,0.995319175826796,8.14914269474346e-07
8.30113411335765e-11,0.00802667712519858,0.00207974008382838,0.989766970602521,0.000126612105440675
1.09437959369345e-11,0.00300116257014605,0.000155370603358857,0.996841578773003,1.88804254795956e-06
7.41207274849588e-07,0.366435732060357,0.000308431640384864,0.631520378039963,0.00173471705202038
0.000152255663542929,0.00146038119947816,0.411446076251781,1.07404429252299e-06,0.586940212840906
2.07416227290436e-07,0.667201475555953,0.00448742438749032,0.326795413228921,0.00151547941140835
6.11795189859013e-09,0.000520607985642969,0.273446232601275,0.725925184816342,0.000107968478787679
0.0150203937516214,0.984121779993007,2.29773564222007e-05,8.82282239634958e-06,0.000826026076553388
0.0203001694881981,0.361359687265465,0.00349263195763189,5.31207869495703e-06,0.614842199210011
0.000841676787527437,0.98826898932447,3.78166895369787e-05,0.00034107917432848,0.010510438024137
8.12580295201053e-07,0.0038871454348111,0.796617557784531,0.0563532843379038,0.143141199862459
8.04856987444879e-05,0.30229075789488,0.00159783201885834,0.016323144234125,0.679707780153392
0.96736374946309,0.0324592025723066,2.40260196676496e-05,1.9311585841357e-11,0.000153021925624241
6.15570278010028e-09,3.02111570884704e-07,0.992765317304671,7.76816265467326e-07,0.00723359761178979
3.06635678030582e-09,0.0784959863988317,0.000412834840335393,0.92093642135052,0.000154754343956596
0.00170686644597996,0.996514300370684,0.000587552686690314,0.00062354152612039,0.000567738970525704
9.12912152053805e-06,0.966267278299966,0.00740591494556276,0.0251715044896223,0.00114617314332809
1.27688153102602e-09,0.000133858684220187,0.95889235242725,0.0409527352584864,2.10523531622573e-05
0.928812770734039,0.000249533512085664,3.78317283284065e-07,6.2637749208943e-15,0.0709373174365858
4.97905998943123e-06,0.985454818508074,4.46096970794537e-05,0.0106534959720858,0.00384209676277177
0.000118756290171133,0.99551186256073,2.27619791054559e-05,2.34010576167442e-05,0.0043232181123772
0.123435412699406,0.876236450330365,4.01268648820939e-05,4.8999120428902e-07,0.000287520114142105
6.85988177700632e-09,0.00105533402024977,0.803795767802186,0.034050719329256,0.161098171988426
1.18901329328529e-08,0.00813944087338888,0.288071428989721,0.702585444909716,0.00120367333704203
1.57360380037268e-08,6.90294254838588e-05,0.944611027861431,0.000431599519139815,0.0548883274579069
7.75910172172286e-05,0.122096806991842,0.80529223586705,0.0055385118155683,0.066994854308322
2.53393655488077e-13,0.000194768025826126,1.40887385745336e-06,0.999803822591811,5.0825187177267e-10
0.995513035065945,0.00448356027088907,2.43860630725526e-10,2.25745397632224e-14,3.40441928239562e-06
1.5170169281409e-05,0.923781951506758,0.0040505734393806,0.0691523207835127,0.00299998410106702
0.000186925528218918,0.00194078313194573,3.29211459919528e-05,1.17646764719969e-07,0.997839252547079
0.000853617453052841,0.0242615642516376,0.656712578675127,0.000671087036769885,0.317501152583412
2.82297242908141e-07,0.00132431446548545,0.946818578602823,0.0181136416065273,0.0337431830279211
0.671817757679439,0.274021341508687,9.48917559094886e-06,6.41820056541438e-09,0.0541514052180827
1.87300760086853e-08,4.85776154105712e-06,0.989518052267907,0.000142501780210338,0.0103345694602656
0.0146808103832946,0.544581234085409,0.383182192543126,7.3139314448283e-06,0.0575484490567254
0.00495087788620812,0.188064462936797,0.044642020701815,0.000210912142869606,0.76213172633231
0.281236459148946,0.0356360026318675,0.000210272829860632,1.21470294730293e-08,0.682917253242296
3.55609172478927e-06,0.248197391898092,0.709557679599606,0.0286202987274984,0.0136210736830784
0.00128553559821343,7.22780913418451e-05,0.790760372621588,3.56776027275863e-07,0.207881456912829
1.8305768930117e-13,0.000200297710128967,5.56350119403733e-06,0.999794135606233,3.1822614119507e-09
0.771169765477538,0.0346319575837828,2.21381422592101e-05,5.56996829321286e-11,0.19417613874072
0.998873724556234,0.00086819402455829,9.83766421496667e-10,5.07632819852411e-16,0.000258080435440926
0.000230539872519294,0.0115985972196581,0.00449001045796947,2.77972636612828e-06,0.983678072723487
3.22204967052301e-06,0.000171182746117117,0.343128165718003,9.97530267168138e-06,0.656687454183537
0.397472821162757,0.495512495370792,0.00107794193991255,1.0560341187905e-06,0.105935685492421
0.172367233313038,0.178502093750748,0.000248226771063347,6.09205365047788e-09,0.648882440073097
0.132845021485748,0.866978530292743,3.4981216424049e-06,4.31376142387975e-09,0.000172945786105795
7.05312235932102e-06,0.0514729353360261,0.913024093601995,0.0330139022230294,0.00248201571659051
0.0200106309594963,0.00908703247200986,0.189764033637234,2.31605732437477e-07,0.781138071325528
2.14378463918862e-06,0.984187045953531,1.10743357910861e-06,0.0158024111498751,7.29167837577573e-06
5.92913142734369e-10,0.00874974805127173,0.00360653089612226,0.987642568379809,1.15207988359329e-06
1.55630502831534e-11,1.15492436813075e-05,0.975805767759782,0.0241339221475165,4.8760833457409e-05
3.69116914171703e-10,4.74456337491242e-08,0.999627781304474,1.27072089038462e-05,0.00035946367187119
1.59933088500417e-09,0.00249022458102989,0.559684496309747,0.429744705930565,0.00808057157932653
2.62216305206853e-10,0.000275641590017317,0.851387575899386,0.145171244081356,0.00316553816702497
0.0199727976629358,0.00311186077352588,2.75123034572793e-05,6.01888915250526e-10,0.976887828658192
4.7447943416229e-06,0.998916255837116,6.40479423479291e-06,0.00106528873264259,7.30584166481564e-06
1.93377590447561e-10,8.07960009332874e-06,0.999632407248371,0.000236147242707925,0.000123365715450613
3.51535159391282e-06,0.861452451547058,7.76204195931061e-05,0.137944737867707,0.000521674814047778
0.999405327214514,0.000253837340026101,1.30535349382992e-10,1.65835506730847e-17,0.000340835314924556
6.92275431028539e-09,0.00073519997697671,0.286043362256433,0.709713420816484,0.00350801002735195
0.0359650993578758,0.147121921626841,8.52128888457032e-06,1.5152476390456e-08,0.816904442573922
3.44108909754768e-07,0.00140168189532412,0.790137080651527,0.00775584182278997,0.200705051521449
0.914287374992122,0.0271833832999834,0.00204966875382984,1.62356220821398e-09,0.0564795713305027
8.32627634491827e-06,0.00482891506768425,0.776588297357038,0.00168888660029022,0.216885574698642
7.21672845749959e-07,0.0108920595986635,0.454467381575234,0.0277175523526186,0.506922284800638
2.61976491355282e-05,0.0116418103493534,0.964151320374187,0.00362687688140489,0.0205537947459186
0.0130588889191317,0.378150529930469,0.01696446585285,9.3307015339626e-07,0.591825182227396
0.0791028903072034,0.851728625979949,0.0148856638117897,2.70416748374833e-07,0.0542825494843092
7.59322138137224e-08,0.070621384861187,0.0176795847574974,0.911664889421663,3.40650274388403e-05
3.2810089952238e-09,3.11022031066921e-06,0.99911673332779,8.87299198894688e-05,0.000791423251000737
1.5497747994124e-11,0.00640483463644704,9.19730478415783e-07,0.993594236820719,8.79685824494649e-09
7.24633025107228e-10,0.0636307760284366,2.03192813485045e-05,0.936348903105937,8.59645248362146e-10
7.24104520075148e-13,0.000435439040048344,3.90109666056475e-06,0.999560659329545,5.33021836697007e-10
1.00583496132046e-05,4.63233518596074e-05,0.702305524093292,6.83953616674381e-06,0.297631254669068
1.07758715462391e-09,0.00449441639150627,0.000407045502678076,0.995098511443398,2.55848307363938e-08
2.72339227943198e-06,0.208106443403339,0.520467664484948,0.269371018728429,0.00205214999100434
8.07617947489339e-08,3.35398065994618e-05,0.988559673928443,0.000731676743624976,0.010675028759538
3.57307544424905e-10,8.50512365607715e-06,0.9658467044374,0.0339589566951804,0.000185833386456395
6.941451500343e-09,6.95652087058218e-05,0.997122571792953,0.000495292056197317,0.00231256400069257
0.912355415427016,0.0475873409682199,0.00132381234223386,2.48972737746783e-08,0.0387334063652569
0.0491308892749261,0.941461737402913,0.00555349261063338,2.31914667720455e-07,0.00385364879685979
1.05556406577285e-07,0.00825235127067813,0.798441751050857,0.141605844047346,0.0516999480747125
0.00287027620106474,0.631960991408524,0.0474292142234824,0.000190810330298263,0.317548707836631
1.84075228729431e-09,0.0556925226321104,0.00697750173169545,0.93720508975868,0.000124884036761895
0.999754726244726,3.6526056897971e-05,3.55712465250914e-09,3.7141318055644e-16,0.000208744141251276
0.989738423431377,0.00561546721623733,0.000343363395464136,3.07653550730756e-11,0.00430274592615662
0.320912517397782,0.0828768863535506,0.000816079842805869,8.92652954744893e-09,0.595394507479332
6.96174275641028e-07,0.00382166222110496,0.984390261763904,0.00681932578659816,0.00496805405411739
1.75512954493232e-08,0.0108216944573012,0.325771820983886,0.596141314794668,0.0672651522128489
1.46853760060561e-08,6.37022002171635e-05,0.937264728014945,0.000334801015912133,0.0623367540835498
