0.00685423371040301,0.931763507638942,0.00183630153576467,1.21651567215579e-05,0.0595337919581684
0.01193334071476,0.722258003587781,0.0343468395677477,0.000109069273372594,0.231352746856338
0.999490860573372,6.65514320100664e-06,0.00030816464463523,3.91638384200993e-302,0.000194319638792083
0.0192506269851135,0.0760424904044045,0.000135418502588608,8.05871909099462e-07,0.904570658235984
1.69282606149096e-06,0.985997843525157,0.000287071967242873,0.0133112947784059,0.000402096903133347
0.296462945958711,0.328966319860553,0.371677057384894,4.82597043836356e-07,0.00289319419879822
0.000920226965100808,0.995992292549998,0.00272873455033246,3.94608381898868e-06,0.000354799850749632
0.999996035477836,6.57893871295058e-08,2.2445083801055e-06,1.19142048121571e-307,1.65422439657918e-06
4.30239614514873e-08,0.995306008070777,7.25521754715967e-06,0.0045795739054553,0.00010711978225954
0.000181034213148792,0.988261718399294,1.75823043437996e-06,1.81888227977393e-06,0.0115536702748434
0.0910072255561126,0.00316713519796629,1.48759647200207e-05,1.31751231277582e-10,0.90581076314945
0.000163483971549102,0.29576503186615,0.394901804410287,0.308768153917573,0.000401525834441384
0.0124471823373362,0.907408567025027,0.0137504213024473,0.000127680656638342,0.0662661486785509
0.000142662157567181,0.00277510970369197,0.910766712586999,0.0860171779026252,0.00029833764911607
0.988653070529201,0.000112073550106586,0.00849655198313219,6.81435616916756e-10,0.00273830325612508
3.46117379192641e-06,0.961603100603429,1.56066877814143e-06,0.00292916675653043,0.0354627107974709
1.07014373567271e-09,1.08018441735693e-07,0.862037987938693,0.137961249871473,6.53101249242818e-07
4.47301598890253e-08,9.11250578912834e-06,0.949118114409994,0.0508698912808688,2.83707318837496e-06
0.0135119283559309,0.0153118622404656,0.0479047485285627,9.71434080034162e-05,0.923174317467037
3.84242367094196e-06,0.00075181511115137,0.995133974372634,0.00403284564721833,7.75224453254763e-05
1.55544104255116e-06,0.216678179584785,0.000480471095859913,0.773801737302398,0.00903805657591489
0.904939915633323,0.0727726707347043,0.0139854552291099,8.03393991195075e-296,0.00830195840286318
0.0510963190628736,0.201791325903836,5.33908955676815e-05,4.49719967668783e-07,0.747058514417755
0.000245595805416548,0.022069904289637,0.974770102159073,0.00287127741225207,4.31203336210032e-05
0.922539690809521,2.97397255612931e-05,0.0173081835369931,3.43562472844845e-11,0.060122385893568
0.0134361468498593,2.17645031987069e-05,0.00249136991648269,1.17319582009787e-08,0.984050706998501
0.0201310111376476,0.00114195778878023,0.977201879880267,2.21824360775095e-05,0.0015029687572277
0.000410591915896387,0.267919569544927,0.72608970784881,0.000739031123712238,0.00484109956665422
0.947690946836392,0.0215949429476545,0.000644104100916323,4.99614292577648e-11,0.0300700060650756
5.59396448231087e-12,1.21884426195919e-08,0.00456102588209539,0.995438920220237,4.17036312720071e-08
0.00287420084733694,0.404631759698015,0.591085253246109,0.00129180789992358,0.000116978308616487
8.49338616330828e-10,0.0234219480299057,9.40882770932509e-06,0.975854135305675,0.000714506987371828
0.998224767587244,6.20026089578503e-06,3.88066008323074e-07,1.02611737639942e-303,0.00176864408585225
3.18310023595769e-07,0.996000425139,6.1664413973783e-06,0.000984030248709995,0.00300905986086884
0.0249268855047448,0.0874726265065991,0.84619519975605,8.90055556201556e-06,0.0413963876770447
0.628569620683935,0.35351154187333,0.000199670186927912,7.67651000474997e-297,0.0177191672558064
1.72802675411556e-10,1.53979732176145e-09,0.994970805106883,0.00502875716451991,4.36015996856914e-07
0.0965653667005155,0.704276440988482,0.105974465892613,2.0051084288004e-05,0.0931636753341019
0.000908254099708448,0.0970014927798526,6.7400930505119e-07,6.23847432756865e-06,0.902083340636806
3.81069212551857e-08,3.97879056146627e-07,0.933920296402877,0.0660709974878674,8.2701232781462e-06
0.999942099976711,5.58797400368108e-08,3.00386344452801e-07,1.91041415210591e-307,5.75437572044228e-05
0.896215994286037,7.36936380613653e-06,0.000142731350038412,4.34874671985091e-13,0.103633904999684
0.99811694324611,0.000579379073638517,0.000655217419385053,9.84958762173664e-13,0.000648460259881308
0.000309127130030158,0.0153688192069642,0.0867824944023046,0.00158209640354744,0.895957462857154
0.504472440193492,0.146570585817258,0.116872620257148,3.71345115061523e-05,0.232047219220596
6.51416941728265e-07,0.997694272062234,1.3374263564646e-06,0.00161847546040967,0.000685263634058563
0.00655951733636292,0.988305074172454,0.00507155091902635,2.55697621592453e-08,6.38320023942043e-05
1.35498226934852e-08,0.984550275034922,1.18393446876315e-07,0.0153194692101655,0.000130123811642439
0.00454787769672856,0.979133962373628,0.0150072051429705,0.000259381378914422,0.00105157340775891
0.0311797171696797,0.00407788163690322,0.511910269336274,1.90033858132851e-06,0.452830231518562
0.0748402250039397,0.0188743677083124,0.847260648132511,4.06769107713999e-05,0.0589840822444653
0.909601609147842,4.94221870239098e-07,8.88586997128477e-05,1.06956499169781e-13,0.0903090379304676
2.55028804261259e-07,2.71609437818355e-06,0.984484347784165,0.015511134958274,1.54613437827069e-06
0.0760105633993826,0.00060695767565277,7.04912887002012e-06,4.07613446894441e-10,0.923375429388481
0.957067036309516,5.90524907870184e-05,5.52258033442276e-05,7.42224672531179e-301,0.0428186853963527
0.000939435959300236,0.251228400245803,0.000123199424019148,0.000539047253024407,0.747169917117853
0.000132491788104327,0.0092336093682615,0.347530360693553,0.0313666109256801,0.611736927224401
2.48082383294582e-07,0.00147772412269866,0.439962728362319,0.558528587860405,3.0711572194377e-05
1.13330047709608e-08,0.00198512135913098,0.000839126546814009,0.996792406857088,0.000383333903961929
2.34416976474764e-09,0.977209533222103,6.48811926492009e-07,0.0226417760641883,0.000148039557612206
0.00478376069970903,0.0628049355694747,0.902710863534608,0.0017683683932991,0.0279320718029089
7.4797980940792e-08,0.964430655332511,2.23596877881188e-06,0.0352631380057265,0.000303895895002875
0.999772330573695,1.47332588550186e-07,0.000223040870655859,5.38954066941208e-17,4.48122306058341e-06
0.000412861228744247,0.657324109316068,0.221406716298543,0.110707538377234,0.0101487747794098
0.955837142362027,1.40919993903913e-05,0.0410696653138872,9.60591346813668e-11,0.00307910022863675
5.71502821160142e-06,0.761184746087373,0.0246814345293647,0.214010018944327,0.000118085410723868
0.0018706530094095,0.101697052949703,7.31802908758143e-05,2.27889596109599e-05,0.8963363247904
0.958848250470544,2.15501281697588e-05,3.85953346128526e-06,8.73596019431878e-302,0.0411263398678249
0.000317964019524174,0.993723229804508,4.3669948143347e-07,5.47188710155803e-07,0.00595782228777608
0.00581951169462639,0.000175225650349999,1.71957692855072e-06,7.73616676203392e-09,0.994003535341928
0.0672208187491538,0.00224999676366929,0.000873579442138078,1.24231926878261e-07,0.929655480813112
4.67392601505479e-05,0.999263099641782,0.00013550355272079,0.000258820386740371,0.000295837158606148
1.11002716452899e-06,0.00361338815712944,0.950358352057603,0.0458218773769993,0.000205272381103214
0.746191407952258,0.00071888568246793,0.00011901209090048,1.22334364362598e-10,0.252970694152039
1.67790434504699e-05,0.00254612855601881,0.552272225967859,0.444814696695735,0.000350169736937456
0.988090773819589,1.45245028925089e-07,0.0118937722913089,4.19607910320667e-13,1.5308643653675e-05
0.000604729516825855,0.00857107301997579,0.990482811010907,0.000135647514050385,0.000205738938241234
0.996701529801051,8.59959609881085e-06,0.00142714931304882,9.2420445367795e-13,0.00186272128887723
0.97560204888095,0.0159088454502035,0.00166848249226311,4.98328973924407e-10,0.00682062267825488
0.999281202300846,8.86144012091906e-05,2.91339481435315e-07,6.55648072575775e-15,0.000629891958456811
7.14448929553341e-06,0.630847469295133,0.258852507362234,0.11028003797295,1.28408803874673e-05
0.999624566004272,2.17768294913518e-09,1.51730970534052e-06,2.10586455995356e-19,0.000373914508339916
8.59996265897829e-05,0.00335978454072143,0.940939601147745,0.0500216038093714,0.00559301087557194
0.110265918531657,0.000120138123291709,1.26000213680548e-05,4.97676740821624e-299,0.889601343323684
0.54160029351776,0.000551659298512644,0.0302297745535836,1.8162994959748e-09,0.427618270813844
0.198042701869148,0.0134819691322125,0.0257237459367956,2.3475372375248e-07,0.76275134830812
1.80113411046144e-07,0.999050904650324,1.18778445488967e-05,4.28144024766209e-290,0.000937037391715591
3.92034559485657e-07,0.997449157656134,2.96846606357613e-06,0.00213247115974861,0.000415010683494168
4.2359869024201e-06,0.954358608621212,0.0025464050051145,0.0403388548960959,0.0027518954906754
1.12244618828545e-05,7.58658569542903e-05,0.989654083273863,0.0102412624372401,1.75639700592993e-05
4.6128558617687e-10,0.000328671727824266,0.000117521864086507,0.999551438675782,2.36727102156818e-06
0.880465367713884,0.0584522471291362,0.0591614160779982,6.25136824845956e-08,0.00192090656529899
0.00302835633981693,0.988648144636629,0.0022989017835849,5.5681680854198e-06,0.00601902907188407
0.999698717856129,4.19546919750817e-05,3.83411703477151e-08,3.00954129479749e-304,0.000259289110725142
0.0124875845800442,0.353879690149541,0.627310316282465,5.94157704642304e-05,0.00626299321748544
0.000430013029366346,0.998154540404849,4.6136445776705e-05,1.80252729561859e-07,0.00136912986727784
0.388582425165021,0.290611462564967,0.000109512912421233,1.45188177417262e-07,0.320696454169413
0.879804677674796,3.11574563439758e-05,0.118685479759651,9.2801237763172e-11,0.00147868501640828
0.293740210768964,0.00452800336971638,0.701200587115145,3.03359078872183e-07,0.000530895387095698
0.00230253094873363,0.0812579013932127,0.135876300393738,0.00278861990611984,0.777774647358196
2.36979074516063e-09,0.00042083301367606,0.00460242483848612,0.994856671736697,0.000120068041350554
3.04294954485146e-10,0.00148245719311126,6.42310303496801e-06,0.998510377364725,7.42034833644434e-07
6.35074562762693e-06,0.000457100787720062,0.100990567712068,0.0038739567253424,0.894672024029242
4.3030697185124e-10,4.53424207740412e-05,0.000885550857986131,0.999010289213462,5.88170774712041e-05
0.160137180605876,9.00562231536754e-06,0.0145056668455352,1.61913449998246e-08,0.825348130734928
0.0178621616447376,0.858144163987404,0.0827339643688059,2.84067724075891e-05,0.0412313032266452
7.50522209389251e-06,0.0143255610811787,0.583491555484731,0.401813283720364,0.000362094491632626
0.00123314377186536,5.17439166463081e-06,8.79271410573641e-05,3.08452791386446e-296,0.998673754695413
0.325287392552652,0.0451064078174531,5.08451821799779e-06,9.14649240921996e-10,0.629601114197028
0.127253644204517,0.194790636280261,0.67721158480798,2.33642455166187e-06,0.000741798282690227
0.765965896582625,0.0498287731632654,0.0071395630421368,4.9362047005256e-09,0.177065762275768
4.26231877585813e-05,0.982260103856314,5.24933265424234e-06,7.76461954831081e-05,0.0176143774277898
0.745787003200391,0.0514487702826829,0.0439879366935003,3.71515056350988e-07,0.158775918308369
0.000377020584399063,0.998595083282912,0.000328067114879668,5.11276812032583e-293,0.00069982901780955
2.70242612552122e-07,0.992972675221494,1.66150254381145e-06,0.0025419057743444,0.0044834872590051
1.3826129215993e-09,0.00097046898600058,0.0276013873036399,0.971425659606688,2.48272105818337e-06
0.0125807254172824,9.76117282710475e-06,0.980216119047359,2.7705633719105e-08,0.00719336665689777
0.640330452529953,5.63700683706234e-05,0.000375277578086697,1.56042149798431e-10,0.359237899667548
4.09868249747379e-06,0.516750694323493,0.169952205656573,0.312531636894318,0.000761364443119798
0.00198377300926212,0.0775746363312858,0.00360990213017262,0.000229920459906924,0.916601768069373
2.3422036099925e-07,0.987406317156973,2.55751858344461e-05,0.0122229152999657,0.000344958136865593
0.00133942544294432,0.00845909214558985,0.985944669741831,0.000641736428821357,0.00361507624081337
1.0622072864108e-05,0.954198257858204,1.73238602022339e-05,0.0016000704134387,0.044173725795291
0.000234358444528584,0.971719213250149,0.0275461379642439,0.000446729682738956,5.35606583396457e-05
2.44450328051421e-07,0.0094852313621464,0.020568726353916,0.969694512933958,0.000251284899651125
0.978648817802023,1.90716802275965e-05,0.0106138787924724,5.26104759841607e-11,0.010718231672667
0.053727994388276,0.816746621699721,0.125804483082436,6.53771478447628e-06,0.00371436311478187
0.943175615710204,1.40344387541693e-05,2.0013422473619e-06,6.8213284923602e-15,0.0568083485087878
0.106602733799567,0.000261668652988353,0.111768296333229,4.4860351805323e-08,0.781367256353864
0.161381373010824,0.000287549626323922,0.0175443892252541,3.36352718340338e-296,0.820786688137598
1.22590321088819e-05,0.926789849015016,0.0207711172313805,0.0345574715775175,0.017869303143977
0.000259652904311807,0.00157859024663861,0.996303605407088,0.000981461843043846,0.00087668959891797
2.86199628743566e-11,4.06050897384089e-07,0.00290854959098129,0.99709065337735,3.90952151430833e-07
0.00400557009236953,0.323474500701515,0.667961607295743,0.00427926667792413,0.000279055232448237
0.0200818171276928,0.623742632303011,0.00659682885809085,0.000138323671135116,0.34944039804007
3.20366021834302e-09,0.000404575443720519,0.00389137304589321,0.995700539004254,3.50930247173994e-06
0.00227315050044907,0.015311677072272,1.33809348314737e-06,1.22566521506326e-08,0.982413822077144
0.000192444755816355,0.0186719063495693,0.0143851442665398,0.00310225856477192,0.963648246063303
0.00155144694242948,0.689443926490171,0.00658227353697455,0.00341527391437833,0.299007079116047
0.0481288732259115,5.54167306398447e-05,1.10164706908764e-05,1.03446845817307e-10,0.951804693469311
0.145366374379023,0.142576401225842,0.231288911498729,4.31407662663618e-05,0.48072517213014
0.0235519208978254,0.941708305610887,0.0332119768339823,4.4144345513369e-05,0.00148365231179163
0.00553170676514548,0.0213698759671606,0.00337396342626487,2.7264217515512e-06,0.969721727419678
0.000247109273529872,0.963524340147824,1.02715414599029e-05,0.000378190034480092,0.0358400890027063
5.35557751968633e-08,0.77238055113456,3.75376245781932e-05,0.227388797099975,0.000193060585110875
0.811525995941855,1.87506117906796e-05,0.188223517544233,1.26148648655391e-11,0.00023173588950644
3.02472835239173e-10,6.82435027629856e-05,0.000344029091810691,0.999582628592191,5.09851076205931e-06
0.00615407264588148,0.0226124960071641,0.00437220822301921,2.51225636079538e-05,0.966836100560327
7.7752030905035e-05,0.275481045845311,3.13268239711754e-05,0.00735304828982271,0.71705682700999
9.99619613573466e-09,0.977690874054026,5.2072857283782e-07,0.0220079733293651,0.000300621891839555
1.27239105838029e-05,0.99993451701334,7.53223934288006e-06,3.2419283329834e-05,1.28075534037258e-05
1.29929554905154e-08,0.00140479704014239,0.0547611701189828,0.943756706242828,7.73136050915549e-05
0.109750145705422,0.0855411272343711,0.0814760131801235,3.48949706204616e-05,0.723197818909463
2.20576053825266e-08,6.9771491763089e-07,0.983006908404492,0.0169634132303284,2.89585926563907e-05
8.64941151516561e-07,0.000170633233122192,0.513307676751498,0.485286341587808,0.00123448348642089
1.35254526900544e-07,0.945353940836538,1.57074071597429e-05,0.0390623975187793,0.015567818982996
0.00806356189764905,0.0650831590464909,0.175573713084432,2.57207699426935e-290,0.751279565971428
2.8469625005901e-07,0.996256149939923,4.93654136909921e-06,0.00352632265917771,0.000212306163280717
0.000320635860791419,0.769181866257609,0.202441644247942,0.0159132530884625,0.0121426005451942
2.8352612588688e-08,0.00158214101232729,0.0171820195164039,0.981226217489353,9.59362930352346e-06
0.936483941528239,0.0040063947829219,0.0586506788078808,1.44885825489685e-08,0.000858970392375502
0.869920578743894,0.00243817530024633,0.00014667930407193,2.20963594795667e-296,0.127494566651788
5.00556403229645e-05,4.24915165641967e-06,0.99240629197389,0.000129004923713644,0.00741039831041691
6.3410007419903e-09,0.00726349233183476,0.00391342478001824,0.988699777133497,0.000123299413649384
0.038775584830409,0.381234929013903,0.532070723090126,7.53401204023122e-05,0.0478434229451596
0.165621568143915,0.0161458910726076,0.33330680889157,2.36018393362924e-05,0.484902130052571
2.44523221966702e-09,0.000705567299106298,0.00023673050886815,0.998985606618601,7.2093128192258e-05
1.04961551517702e-07,0.919027514681687,0.000126137287747017,0.0808085119515222,3.77311174922354e-05
0.000280785802803495,0.99835711190073,0.000335080617732958,4.48594918292979e-05,0.000982162186903933
2.1399953617189e-10,0.00113082667961433,0.000134148883756742,0.9987308192132,4.20500942916145e-06
0.00667730514579954,0.00761972510601392,0.982025347688708,0.000195841383309497,0.00348178067616865
0.939752831053199,0.0200527362989292,0.0141332396805376,5.45212062827974e-08,0.0260611384461279
0.999998111382811,7.99299950234641e-09,1.04459923980682e-08,8.47186146018009e-309,1.87017819703916e-06
0.000175110744289487,0.990693865089663,3.10902246680264e-05,0.00020112052196328,0.00889881341941679
0.0980067987119706,0.000787196211703692,0.882789078400664,3.40246222773604e-05,0.0183829020533843
0.692007928132494,0.126863353855696,0.00219491581195297,2.06384832286616e-08,0.178933781561374
5.82859226739018e-07,7.10233791575482e-05,0.899535226141717,0.0997790260409578,0.000614141578941668
0.0637951855873445,0.56310954113647,0.0797527285525106,0.00019237785182908,0.293150166871845
0.000107469839311619,0.0248437918169482,0.57200087570282,0.15290763887813,0.25014022376279
1.79242495308741e-10,1.05269370966859e-05,0.00052569870861323,0.999463526402357,2.47772690343579e-07
2.07761992739517e-06,0.0439752345051037,0.0224228098376692,0.930388221494536,0.00321165654276371
5.34706099350066e-06,0.964985692610322,0.00138996867661012,0.0317545362921182,0.00186445535995582
0.00359445346590018,0.872262596995426,0.0418097531377781,0.0223430914622,0.0599901049386953
0.0287198949154101,6.97713671729548e-05,0.000453906852255669,2.56718668743355e-299,0.970756426865161
6.3288162162483e-06,0.999530735003896,0.000100143609126133,0.000342794438704735,1.99981320569049e-05
0.0166367855537103,0.181054160523593,0.000918485242607767,3.81088097308497e-06,0.801386757799116
9.4257490725392e-11,0.000117140712872857,0.00217593262191752,0.997703548203424,3.37836752768707e-06
0.00103376200140371,0.709173332652339,0.041511637211413,0.0128627587499243,0.235418509384919
2.23331163021252e-06,0.631396838853694,3.90741407095268e-05,0.0221232443973462,0.34643860929662
1.78061300888149e-06,0.000254878741320974,0.0521524752568709,0.922843739259766,0.0247471261290331
1.24676316761298e-05,0.515245649902017,0.0805484023273237,0.388348631407014,0.0158448487319693
1.54426378113358e-05,0.000178418486314888,0.718897367415308,0.058791296802425,0.222117474658141
0.00202817370125125,0.000306273322542925,0.997633637003929,5.60728799982767e-09,3.19103649886995e-05
0.0555944575084576,0.457071105922218,0.0156332260706031,1.19966578991606e-06,0.471700010832931
6.36837706081131e-05,0.981545824590867,0.000264996447156158,0.0150649852411569,0.00306050995021175
9.83479992274603e-11,3.91542514480582e-07,0.120400827369354,0.879598304096519,4.76893264873321e-07
0.0033781173947934,0.785276552401041,0.0153515047646495,0.00542366496681723,0.190570160472699
1.42949019493478e-09,3.39596013017902e-07,0.595049003132199,0.404949443211772,1.21263052572672e-06
1.90976347617283e-11,1.37125529267669e-05,0.000532545131292385,0.999453541960103,2.00336580180618e-07
4.80554152843974e-05,0.110852692430712,0.781180267290078,0.0586519915627386,0.0492669933011873
0.994591669740401,0.000674232640584393,0.00237845632410434,6.51913435510741e-299,0.00235564129491037
4.48731753459822e-05,0.264231393416512,0.70700516211005,0.0286590670510231,5.9504247069708e-05
1.0010833399049e-06,0.9797364932029,0.000146000701246164,0.0175288698075838,0.00258763520492994
0.000798289631257359,0.981616957791683,0.0151703652297097,2.43041949203243e-05,0.00239008315242969
0.98907769816523,1.85817680589019e-06,2.99892161163757e-05,2.06505786617188e-15,0.0108904544418454
5.71768914297328e-10,0.00529615098570482,0.000101194349732543,0.994598714599981,3.93949281297621e-06
0.000586408366625522,0.997887655105483,0.00117512908761555,8.99092383939763e-07,0.000349908347892426
8.84694164548442e-07,0.0396920277892768,0.00249499089648896,0.956935581894654,0.000876514725415306
0.177208399565136,0.0110131908317513,0.00188950981627283,4.86284634409803e-09,0.809888894923994
2.68144605190947e-06,0.971555242637058,0.000285677006154617,0.0147971152462341,0.0133592836645013
0.832317278270092,0.000323083896543191,0.0276314229292472,1.76723615580785e-09,0.139728213136882
1.8481467007873e-05,0.00579637262111352,0.00149938127711571,0.13414843229792,0.858537332336843
0.843241335537778,0.000211463349394753,0.0164473387760322,1.01423395274989e-296,0.140099862336795
1.16997546006036e-06,0.97759181841022,0.000571787579267513,0.0182219160712314,0.00361330796382148
1.09637024701176e-06,0.388442925853223,0.0140583592845855,0.591789842131603,0.00570777636034116
2.89017111056475e-06,0.000316204483955283,0.992714023747906,0.0069596524902266,7.22910680156734e-06
0.0881289583650231,0.707537238246678,0.0126235036222984,4.20163045222384e-07,0.191709879602955
0.951374536310059,0.0332348723948945,0.000405297216953048,3.16097133625368e-11,0.0149852940464835
0.013822610490546,0.927122618536775,0.0436213800535689,2.5376822767801e-05,0.0154080140963425
0.629886067009512,0.00115928417168507,0.00010583962101633,5.74836884186559e-11,0.368848809140303
0.00460512119458138,0.000371939008993147,0.814942100762742,3.07587972449363e-05,0.180050080236439
4.21883319241164e-07,0.0281492535763531,0.00119277864072323,0.967163481719639,0.00349406417996567
0.000839894117360061,0.0670148262026917,0.00585329077681268,8.3310533440785e-05,0.926208678369695
0.999414185148431,0.00033997858440433,6.16873110896702e-06,7.70858496248623e-301,0.000239667536056316
0.253975054603334,0.000252690422477551,0.325127275442955,1.42881534298562e-06,0.42064355071589
6.52714194757768e-06,8.26288685253567e-05,0.998779765427355,0.000144735285597182,0.000986343276575238
1.38434946203796e-10,2.72685756978167e-08,0.255378350310966,0.744618760647403,2.86163462097866e-06
1.38853360451376e-07,5.55596495424176e-05,0.373782203103081,0.626114173201446,4.79251925695192e-05
1.66351357193663e-07,0.999049894451909,5.77420202453062e-06,0.000913423392042454,3.07416026667957e-05
0.999986986380431,1.19843388053974e-08,5.41339810406661e-07,2.17020466164167e-19,1.24602954200509e-05
0.0199442000815067,0.937170387072156,0.00925169680349932,1.0358576585377e-06,0.0336326801851789
0.107264128647911,0.555794700612572,0.000141880455854761,1.96047216927761e-07,0.336799094236445
0.330701048502415,0.00663276957621173,0.00086508340549912,1.67295262369611e-08,0.661801081786348
9.69241091089727e-06,0.994646834781787,0.00423795335253705,0.00062743767702723,0.000478081777737634
1.04564138622966e-05,0.929587417302989,0.0234392365588598,0.0447692685790602,0.00219362114522853
0.000866275634999047,0.0726907036611426,0.925983980485229,0.00043729837341215,2.17418452176095e-05
0.141174561780839,0.0215965718989531,3.2626446620321e-05,1.35912370817782e-09,0.837196238514464
0.044727333244002,0.388414714559467,0.564198850830951,7.57105501470087e-06,0.002651530310565
3.78161351989134e-06,0.498228906276542,0.00504687052370586,0.495793369864531,0.000927071721700429
0.988800072334501,7.90765875254398e-07,0.00257517909299413,2.40552802368182e-301,0.00862395780662973
1.12272464163404e-05,0.88512741998525,0.0406366637320666,0.0733842170881877,0.000840471948079888
0.000796271349806049,0.97365259184809,0.00245012080773763,0.000384566871382621,0.0227164491229839
0.000477428930301969,0.999357563836147,1.95311137800091e-05,1.15376112697286e-07,0.000145360743658229
1.23941045338751e-11,4.38837610832376e-07,0.00058478563054779,0.999414701135944,7.43835032078929e-08
2.88638269473624e-05,0.995144068218093,0.000134549974717241,0.00190461248972865,0.00278790549051399
2.78701616374367e-05,0.00934805251447802,0.525063611641239,0.426107416158235,0.0394530495244109
7.68846531658307e-05,0.0225271567892569,0.707220446642396,0.232706111289697,0.037469400625484
5.41535338400319e-07,5.20608643556031e-05,0.282030363341033,0.71788297496169,3.40592975826241e-05
0.00350042205331343,0.970329664847102,0.0261413663688048,3.25817408119399e-06,2.5288556698839e-05
3.96515299313676e-06,0.999666677027872,1.53887772843722e-05,8.45359102812351e-05,0.000229433131569082
0.00632479453086091,0.000149046926808521,0.0848117420979175,3.59802403828217e-06,0.908710818420375
4.068861347989e-09,0.00980324635048738,0.000368641985797417,0.989827248038238,8.59556615602163e-07
2.40896812006964e-05,0.0341838634389876,4.93382986441046e-05,0.000187421610401857,0.965555286970766
2.48093876763677e-07,1.36141429330614e-05,0.992520214088273,0.00556162010389466,0.00190430357102263
2.28210688796132e-09,0.000150516184653589,0.0252454810243982,0.974593618267467,1.03822413743671e-05
0.000748678884534,0.0118259132118993,0.00615490264301736,0.000485055271782467,0.980785449988767
0.168056272818215,0.753829935949872,0.0087776058856543,2.39006741295e-06,0.0693337952788459
0.994615296727658,7.70853357073172e-06,0.000202968157829494,2.16815139233574e-13,0.00517402658072462
1.07679817391119e-09,0.000332193319480355,6.79107987374966e-05,0.999598884808234,1.00999674970926e-06
0.000220612580593641,0.986380384958468,0.000347638857134665,5.75222372760799e-292,0.0130513636038034
9.22610933381192e-05,0.00112537660009858,0.98365683273884,0.000396850222457109,0.0147286793452661
0.966323560279883,3.88687139654184e-05,1.11026170394692e-05,2.41404728710113e-12,0.0336264683866978
5.50331238581178e-05,0.936696898230544,3.76584361019355e-06,5.65266253276195e-06,0.0632386501394546
0.00213848598041152,2.44365905688983e-05,0.0188692398736442,2.78747049260461e-07,0.978967558808326
0.000132621975083302,7.29667887607497e-05,0.999742427218437,1.16302215678467e-05,4.03537961507652e-05
2.22223046901263e-07,0.966997329379499,2.31052526074363e-05,0.032951564965058,2.77781797883422e-05
0.266532246274295,0.000961812169316478,0.470895507113899,6.66828101105709e-08,0.26161036775968
7.40683202075736e-10,0.902836017127726,1.31876010958716e-08,0.0970718395900999,9.21293538903413e-05
0.000123368709827675,0.986815830601379,0.00714930017762238,0.000446445640682823,0.00546505487048791
0.0184795131256071,0.977985993652746,0.000138887539474576,5.98878689702016e-09,0.00339559969338587
2.33499845657045e-05,0.999939377569816,9.59084577630408e-06,1.76766779978419e-06,2.59139320421393e-05
0.121876246054758,0.01966501885627,0.822880805014204,1.49603249606326e-05,0.0355629697498066
1.32100374401242e-10,1.02360779011903e-05,0.00174556060574685,0.998242165100434,2.0380838177867e-06
0.739806541206154,1.90311840274445e-05,0.0349797508050141,1.39736336893472e-09,0.225194675407441
2.53403159766529e-07,0.998333597678299,4.92943595051327e-07,0.00128984533106625,0.000375810643879671
0.988107886139477,8.51799814041013e-06,5.69168765363538e-07,1.60352874793269e-303,0.0118830266936175
7.9838307690255e-07,0.38997115438954,0.00530327076984073,0.599658778141681,0.00506599831586186
0.000249843536667986,0.124315598505735,0.609750911590805,0.241677594611535,0.0240060517552566
0.574333689084295,0.00105044603496209,0.397824558543456,5.35858164521123e-09,0.0267913009787057
0.000694956323692934,0.992781298204943,0.000379872748347373,5.57111614701878e-06,0.00613830160686935
0.000101033339205891,0.958509192207208,0.038427981987048,0.00274795809564081,0.000213834370897317
0.987344341506687,0.00805826923119078,0.000169445419441656,1.9668835726894e-299,0.00442794384268075
0.000580451241332144,0.00645698656017644,0.00615300078920687,8.68101559358936e-05,0.986722751253349
0.499893105313301,0.464019109482966,0.0314404373043177,7.87404709745305e-08,0.00464726915894465
5.91060613438374e-06,0.0263037733332206,0.158603838067091,0.813917334040323,0.00116914395323041
1.24861087874098e-06,0.414508115643223,0.000226141354093905,0.575995450914196,0.00926904347760771
8.71228511748105e-07,3.09998424021373e-05,0.958797260116894,0.0343632836977424,0.00680758511444962
3.97165783225339e-11,0.00263197796201295,1.02167627741661e-05,0.99735718835451,6.16880985774013e-07
1.34533169975572e-06,9.99186353016045e-06,0.997251746930807,0.00272577734244021,1.11385315227784e-05
1.4568404446615e-07,0.380557150354035,0.000878717783314282,0.618461596659713,0.000102389518893228
3.97509823216584e-09,0.00124440148186196,0.000401521880045844,0.998258485213662,9.55874493322523e-05
0.000103018471792664,0.0105543292983924,0.842211323128091,0.0601511520992378,0.0869801770024864
2.34399358749543e-05,0.00310415554515251,0.979821254384698,0.0169694604109336,8.16897233413977e-05
3.08172888691488e-10,7.71145111568966e-10,0.968287737684386,0.0317089933766993,3.26785959661901e-06
2.03390540998899e-06,0.99484266555172,6.08844137243284e-05,0.00207852493280931,0.00301589119633614
0.0307350089783579,0.000104408707319151,0.96772661116498,1.93397818251077e-295,0.0014339711493431
5.11541143189163e-05,0.00167441818582851,3.02135550089377e-05,6.96418440068041e-06,0.998237249960443
1.6459651800018e-06,5.98183049932981e-05,0.980967312646765,0.0187315984867206,0.000239624596341002
0.264467919022514,0.720787902404813,0.0134778129129286,3.29347461365908e-08,0.00126633272499782
1.040392622324e-10,9.20695066466685e-06,0.00323076147962125,0.996758559143954,1.47232172063005e-06
0.00122609799579945,8.77028742138608e-06,0.160513070438806,2.04952280617681e-05,0.838231566049911
4.48964886272454e-08,0.107040615625831,0.00185261595619073,0.891094537146899,1.21863745911387e-05
5.53973531007388e-06,0.885302261588732,0.00135206301517025,0.11301499321012,0.000325142450668415
0.0244113026511246,2.08042632361476e-07,0.00568420739126803,5.1221733111741e-09,0.969904276792802
5.38383084644218e-06,0.976648846731557,2.96420911807277e-05,0.00139128131049038,0.0219248460359256
0.371164298169572,0.00923979413133905,1.66900845691785e-05,9.59979910260078e-10,0.61957921665454
0.227952629973911,0.298683008889615,0.000399982520055625,3.89716903741287e-07,0.472963988899514
8.99268178549837e-06,0.0833211385029591,0.0159510454479926,0.891456652798709,0.00926217056855346
2.14334313176125e-09,0.00122005333825161,0.000918623570167283,0.997845291102723,1.60298455148862e-05
0.00027159952780712,0.641998251931145,0.00585521767873578,0.0102297579945928,0.341645172867719
1.04135647261409e-12,4.87506934715444e-09,0.011324161271126,0.988675818220937,1.56318265305158e-08
2.7318190793296e-06,0.932487677209157,0.00100633018329612,0.0624259990749602,0.00407726171350738
0.000155646162989305,0.939101925079406,0.00200551480453038,0.000417921653818479,0.0583189922992557
8.78997944432612e-05,0.997806080820779,0.00134575692996382,0.000228218891079647,0.000532043563733845
3.81123119006988e-09,3.53763533603443e-05,0.120274402390174,0.879588547486625,0.000101669958609051
0.000457472466298139,3.52789288338751e-05,0.999506093758935,1.2802827887419e-07,1.02681765454954e-06
3.05399815151334e-08,0.000350017454524424,0.0493384041446558,0.950100432625269,0.000211115235568789
2.40801624721055e-09,0.000440359106496157,0.0430253827093718,0.956514389724456,1.98660516602119e-05
1.64528702525922e-08,0.000256270262075762,0.139444584905082,0.860253698778042,4.54296019297633e-05
1.69680434240949e-05,0.000391709383469062,0.994911468343493,0.00465914762569,2.07066039236749e-05
8.36562825124765e-05,0.960527368353637,8.93246396991047e-06,1.80862327877798e-06,0.0393782342766019
1.57410706983824e-06,0.000533309923743777,0.998536831300213,1.49253162480642e-289,0.000928284668973171
1.2674428859562e-08,0.0015092484834239,0.000515594826751181,0.997828291496429,0.000146852518967107
0.0229900768901247,0.000321712063423445,0.402830126991171,3.74011729945306e-06,0.573854343937981
0.00666978851106972,0.0547825618663987,0.00933917853210333,9.25863108977612e-06,0.929199212459338
0.0011452485768524,0.000490420160831403,0.997785441302698,8.48898138472349e-05,0.000494000145770508
9.97235803256995e-06,0.983700464931075,0.000792210694590928,0.0153745110590006,0.000122840957301248
0.00342243980672832,0.249755231948858,0.733813645648928,0.00830967476145027,0.00469900783403553
0.00472776147720056,1.87494899828057e-06,4.48429230784803e-06,1.69239998926457e-12,0.995265879279801
1.07111917487681e-07,0.999681858757614,1.00657162070485e-07,0.000140393843423088,0.000177539629883658
6.63960009285906e-07,0.000249268900056826,0.989161917671782,0.0105455590696236,4.25903985278803e-05
0.0259062348864718,0.000925021955934734,0.261615820682835,6.1168945909443e-05,0.711491753528849
0.000400104781289204,0.005169738082728,0.985208915914832,0.00206036864056413,0.00716087258058634
8.30673138060397e-09,0.014295017025929,0.000272242319749616,0.984020896128646,0.00141183621894424
0.999076963425868,0.000294148730229473,2.20278381548936e-06,4.23042590183434e-15,0.000626685060083271
0.000177660307259256,0.000415328874460086,0.998815480338965,8.90775641559376e-05,0.000502452915160149
0.00382747679560567,0.000854214708958863,0.990198036351329,4.6944255696681e-06,0.0051155777185371
0.0130093622810015,9.45334264801866e-06,0.000566731526675911,2.91395907002054e-08,0.986414423710084
9.87511746541372e-07,0.9447745584105,0.00992001558555121,0.0452942161890317,1.0222303170537e-05
1.83010609756007e-07,0.061203944885343,0.0350597675311644,0.90258210372112,0.00115400085176279
1.37843266040448e-07,0.991669026160264,0.000112378082736629,0.0081135997652146,0.000104858148518651
0.000242433340751673,0.253594928981834,0.0121028797863999,0.00164141307433509,0.73241834481668
2.17543656885119e-10,8.93699244528494e-08,0.0126582574567946,0.987340723731702,9.2922403555072e-07
0.939171427560548,1.84892858369146e-07,7.49173649699717e-05,1.05756755132517e-14,0.060753470181613
0.000448395723822758,0.00348935623382123,0.961272099970723,0.00489697122293547,0.0298931768486978
0.0221354252425692,0.930940071976683,0.04486823769911,2.75399533539937e-07,0.00205598968210484
0.00032339975175434,0.821623764515447,0.000903065639234094,0.00110003791904665,0.176049732174518
6.94150734906419e-07,0.709809125149992,0.00231814467924785,0.284605897206309,0.00326613881371648
0.80719257105513,0.000878336104519172,0.00670867280306275,1.27427172308217e-297,0.185220420037288
9.81241765673366e-08,0.950670038469829,3.33558551756032e-06,0.049181932555366,0.000144595265111032
0.0247996966481028,0.129182491147429,0.00572305627715888,5.59387940374551e-05,0.840238817133272
0.00554231029688825,0.413491041084096,0.0734489749600794,0.000369838003888967,0.507147835655048
0.853330999825642,0.0457110016863234,0.00464437776798862,2.95803105995931e-09,0.0963136177620151
3.05183924538005e-05,0.197119176189369,0.0470485724299381,0.0440277426492645,0.711773990338974
0.00184107164915018,0.943479781047614,1.81218460085949e-06,4.81295535361539e-06,0.0546725221632812
1.72704807662332e-10,4.32008108374325e-07,0.0155410617397831,0.984457188265982,1.31781342191696e-06
0.950558054314831,0.00284163148234193,0.000739942530970519,2.49663689512716e-11,0.0458603716468902
0.993632996919925,2.40293931943989e-06,1.33287514685386e-05,6.17737578942463e-16,0.00635127138928604
0.0429752648502389,0.943369731345792,0.0124546682553214,7.65936918919616e-08,0.00120025895495619
1.44248127797478e-05,0.999627345924849,3.45037793226013e-05,3.78143504875649e-292,0.000323725483048564
0.0140862485320395,0.00102697593676373,0.00168728198981007,3.03600881602871e-07,0.983199189940505
0.981782628700491,0.00614913169323499,0.000863338494461411,3.33671039759791e-297,0.0112049011118121
0.525908710343439,2.43758083909576e-05,0.0339010652786855,8.91262629563914e-296,0.440165848569484
0.000257196521991577,0.485363681599006,0.0414712516761508,0.194274028619955,0.278633841582897
0.00339776207356335,0.431430728826606,8.22039547095912e-05,1.84418057542101e-06,0.565087460964546
5.31787186267735e-05,1.95440798373452e-06,0.999313779564886,3.26747644393478e-05,0.000598412544064102
1.80968859973e-07,0.00361370354259899,0.158545528520106,0.835145495385515,0.0026950915829203
2.15562947335562e-10,0.0281485052399523,1.16852957146359e-05,0.971717131349532,0.000122677899237825
1.48998823109147e-08,0.969060238456464,2.66278244795666e-07,0.0308092685475868,0.000130211817821782
4.45442950189344e-07,0.174950723106261,0.0699815593541605,0.75504718337576,2.0088720869036e-05
1.95218285911378e-08,0.12073920260778,0.000716227864026714,0.878539820546337,4.72946002822648e-06
0.51984352679225,0.455184685643818,0.00513236626124034,7.25078217167264e-09,0.0198394140519092
0.000120004496623363,2.41297958887247e-05,0.893100572865957,0.000258443318305324,0.106496849523226
2.76044776443155e-08,0.56315739334673,9.68032506810312e-05,0.433321310013491,0.00342446578461983
6.00311858509812e-05,5.34472620944488e-05,0.999424197398793,0.000331516058044177,0.000130808095217632
0.999721334367781,4.85651730693649e-07,1.72528412835655e-06,9.56872290840735e-306,0.000276454696359438
1.86854669347228e-08,0.00903402112953286,0.000299672037141559,0.990645944285996,2.03438618627575e-05
0.983512708982504,0.00816114702922878,0.00796468475957719,3.57538415712005e-11,0.000361459192935913
4.29892443614431e-06,0.996490305005266,0.000745775569288213,0.00263804195620916,0.000121578544800376
0.0124913778275719,0.00112643536811492,2.68145262349689e-05,5.1418984140269e-08,0.986355320859094
8.70314516732575e-05,0.994608605550454,0.000736062679202426,0.000449388589681263,0.00411891172898945
7.25942102663379e-06,0.976050336442802,0.0138708688284008,0.00947075603863124,0.000600779269139843
0.000119929692320808,0.774332090650161,0.0129322510422122,0.108793348480633,0.103822380134672
0.0917517690329391,0.390828426810737,0.155193174010096,2.31950437008195e-05,0.362203435102527
0.0141374359959762,0.0044426344226134,0.00148675268051258,1.77337045379924e-07,0.979932999563852
1.12798295861652e-06,0.000502189156650008,0.0274722443861214,0.96248007927625,0.00954435919802004
9.28162523297443e-09,0.647942476003314,3.16827792411762e-06,0.347664195379834,0.00439015105730333
1.42281712360614e-08,3.41761110625782e-07,0.89485898860111,0.105122913241126,1.77421684820377e-05
5.35695918371343e-08,3.65458072796994e-07,0.934135753199093,0.063261392703587,0.00260243506965512
2.02425033392124e-11,2.48264828335351e-08,0.0216135602982581,0.978386134273902,2.80581114426334e-07
2.234455513018e-05,0.998497214322123,7.47508545471238e-06,0.000192179232454404,0.00128078680483773
1.83905264479251e-08,7.87218831630522e-07,0.0147244637510768,0.984968409017757,0.000306321621808587
9.72379141950523e-05,0.0630593082618512,0.44212473873443,0.39877055470705,0.0959481603824741
1.76838900241751e-06,0.981727718717092,1.03204577837454e-05,0.0162511314137493,0.00200906102237322
5.88014251252332e-09,0.0136973651067496,3.66671734051317e-05,0.986222486027041,4.34758126618799e-05
1.05059837578205e-07,0.962432775247914,0.000183073360939899,0.0370694660316382,0.000314580299670446
0.00862156203714275,0.000665654756157025,6.54953093537668e-05,3.55627209146654e-09,0.990647284341074
0.00845689274368888,0.000374011494625946,0.00228476704722899,2.87697563571867e-08,0.9888842999447
2.77414926336002e-05,0.851519762946113,0.0247898542752135,0.123449567577473,0.000213073708566724
0.0820721260424429,0.379598556133016,0.405269506962619,0.000260287462915705,0.132799523399006
3.55531544494657e-07,0.0031068871653552,0.342061065115909,0.653128608846501,0.00170308334068978
0.987406330523369,7.5068674888207e-06,5.969658525658e-07,8.95837856680655e-302,0.0125855656432893
0.00811937752627319,0.000101026753991062,1.14795355656474e-06,1.87992524380585e-297,0.991778447766179
0.947712928965269,0.0214242190069705,0.000477168751167882,1.02089411992254e-10,0.0303856831745032
9.23606635909883e-06,0.749317948643013,0.00921924403374948,0.0489571995920408,0.192496371664837
4.95372946082221e-06,0.775662512796138,0.075879057578362,0.14838568753979,6.77883562495577e-05
3.74644770960357e-07,0.996988220235415,7.87408469745465e-05,0.00286594318927305,6.6721083566132e-05
