0.029864248706348,0.960620830483188,0.000312782024103792,0.00920094125950247,1.19752685752619e-06
0.106882676205543,0.321152426683736,0.571504029447294,0.000452069265399252,8.79839802848967e-06
0.999695311911315,1.54462029019445e-06,1.8906330447532e-06,0.000301252835349217,7.71907354854204e-16
0.00969081993182016,0.708642582183521,0.239182374573519,0.0411526799662383,0.00133154334490121
9.63778046747832e-07,0.965162025233975,1.86717566872738e-06,5.35437342565865e-06,0.0348297894388835
0.974790963560596,4.91814088784539e-05,0.00147748452855156,0.0236823705003634,1.61042463202487e-12
0.864215219514896,0.00747108500714047,0.0100498713970879,0.118262233768389,1.59031248714223e-06
0.999861005603353,2.45824787999637e-07,0.00013870216810305,4.64037561310587e-08,1.61987270157178e-92
1.69910869225367e-07,0.989599024305334,1.70133397302233e-06,4.11839886459812e-08,0.0103990632658356
0.000163017798917067,0.999036759842484,0.000179959425300226,9.98986866687607e-06,0.000610273064631957
0.451211185904721,0.532763539925415,0.0160023691274878,2.2905042376859e-05,5.27557166250726e-79
0.0394671317349311,0.956867179400715,2.24657580532393e-16,0.0034110896367995,0.000254599227554446
0.108050588502094,0.708344780047029,0.183557430887991,4.70857754749622e-05,1.14787411843611e-07
0.000334495401637011,0.0039890336760884,5.49219505055084e-13,0.98108827154342,0.014588199378305
0.885724854437342,0.00101224418339787,0.104962189113011,0.00830008005833387,6.32207916040501e-07
0.000451510701096846,0.986311293808226,0.00746580435687489,5.89841725728121e-08,0.00577133214962917
3.15851212532249e-07,1.20591852759943e-07,1.00816729429512e-18,0.994223006355716,0.00577655720121892
1.81463705628365e-07,5.68072940223879e-05,9.11283734765382e-16,0.558096607916094,0.441846403326177
0.183136640468397,0.503086022189128,0.274627089500285,0.0391012635811106,4.89842610796392e-05
0.0018016674473907,0.00370269715650509,0.0196338496693708,0.9731600853985,0.00170170032823371
1.19322209702151e-05,0.990359466778702,6.80913523242252e-18,0.000681313208628653,0.00894728779169911
0.77190026638287,0.00137816895543214,0.225898091559734,0.000823473101963996,4.56432031655049e-85
0.0171679388661505,0.982830489821526,2.81004650755905e-16,1.57131232296647e-06,5.85967454499269e-80
0.00167369795416674,0.348945252425199,0.00163967677842751,0.619258743276641,0.0284826295655661
0.0533123595541011,2.23335759771167e-05,0.94606757299387,0.000597733859631192,1.64202771621301e-11
0.00333998056472779,0.0109743859956617,0.491657754289356,0.483464199656322,0.0105636794939326
0.983900740549362,0.000420581630665481,0.00326019442726123,0.0124184832741351,1.18576037375021e-10
0.0399906837200635,0.000206349142422342,1.39455579526767e-16,0.959802561192888,4.05944626456947e-07
0.852498339554196,0.107061205009922,0.0404367361707171,3.71783227576358e-06,1.43288888749132e-09
7.28794775119928e-10,4.6124983211472e-09,1.57898931744111e-18,0.848860079146504,0.151139915512203
0.0123958460855981,0.156486065478182,3.23938637741395e-13,0.354716477246119,0.476401611189777
1.45048870022619e-06,0.170667005757423,2.07181591545973e-05,0.00140961096796563,0.827901214626756
0.912977427490538,0.0541163781550869,0.0328988029888244,7.36824239177503e-06,2.31231585068903e-08
4.57518704556702e-07,0.995163591670715,3.82161777964518e-06,1.4366115551855e-06,0.00483069258124593
0.114962180464353,0.0100163443903049,0.873552786592461,0.00146834891861561,3.39634265979177e-07
0.930311179147032,0.0626857526625215,0.00700264287103128,4.24862939609139e-07,4.56475883748495e-10
6.88920067220970e-09,3.1069084525064e-10,1.95124369692155e-18,0.999171823054053,0.000828169746055061
0.100821399116093,0.0190872655206281,0.879290570117206,0.000800763761266781,1.484805563287e-09
0.110135624854699,0.871994618472588,0.016867644859823,0.000985834376923524,1.62774359670452e-05
1.25408377383945e-06,4.77245006533054e-07,1.25390324356608e-15,0.999851288588023,0.000146980083195409
0.999601371217109,0.000152065497548738,0.000243655092870296,2.90819147670788e-06,9.95344284983149e-13
0.00209127489407469,1.44125949725548e-05,0.994871935725026,0.00302236494459535,1.18413317280463e-08
0.956807750240297,0.0431725302126827,1.85845753104398e-05,1.13497170989082e-06,1.0269500665598e-82
0.000109513575405127,0.00387384403547489,0.151770743827791,0.814250055459793,0.0299958431015361
0.0258003283214148,0.011791693630691,0.958528869326096,0.00387752664836211,1.58207343554402e-06
6.86912014213912e-06,0.999176309705589,2.65064119404182e-06,2.99059066730685e-07,0.000813871474008044
0.00688908592410338,0.993105867989652,4.375142365454e-06,6.69005432217089e-07,1.93844678641689e-09
2.13372269150479e-07,0.984296290464127,4.61829186778291e-19,6.83126710348271e-08,0.0157034278509329
0.000216898351438249,0.999741357213992,3.35760751839635e-05,2.18708260813391e-06,5.98127677766429e-06
0.361960799646903,0.305658011386667,0.00107151729997771,0.33024558196518,0.00106408970127221
0.898389778079811,0.0552500895717174,0.0441867792093535,0.00217307534062239,2.77798495301639e-07
0.336941389454645,0.00085280060655403,0.661437111826011,0.000768687166845573,1.09459439726898e-08
0.00180373807945177,1.18726017800845e-06,5.91215268834531e-05,0.998125057601294,1.08955321922419e-05
0.00885121706991136,0.0870080920809847,0.904138546965359,2.13905034995247e-06,4.83339452849566e-09
0.0443121926973569,2.46727696889185e-05,0.950381370992391,0.00528176354056305,2.04548357474243e-81
0.220059529909601,0.747750978924409,0.0321491032876245,4.02715933223911e-05,1.16285043089198e-07
0.0322433317646556,5.38136641780323e-06,0.638082298002152,0.32966898836217,5.04604170438469e-10
4.91418039339456e-05,5.00167588474296e-05,0.000354060564226934,0.999541061898135,5.71897485685573e-06
2.69812063406316e-07,0.00960027028807893,2.12804308171049e-07,1.99961181457533e-05,0.990379250977404
3.97481747347547e-06,0.759396039271007,5.14529359965442e-06,2.93740893340448e-05,0.240565466528586
0.000872211138564011,0.949341287309916,0.00663898371347965,0.0336079398694594,0.00953957796858067
8.30280577818969e-07,0.998073103094672,2.83203291147434e-06,7.69689711300368e-07,0.00192246490212741
0.843747671952821,2.30942772535511e-07,0.02350733941284,0.132744757691563,3.49752577189153e-15
9.02521380415128e-07,0.0342557958276119,2.28216081162573e-05,0.00149613242154257,0.964224347621349
0.129037054812775,6.3156782201271e-06,0.87018149193,0.000775137578787562,2.1730294662024e-13
0.00196031252624943,0.970192402989301,0.00318779101420011,0.0191529198803402,0.0055065735899093
0.000772877087002939,0.999009198805837,0.00021785553541727,2.90110080685337e-08,3.95607348357208e-08
0.105687084460752,0.859217758478207,0.0350925713651364,2.34112264761274e-06,2.44573257346402e-07
0.0164117024434697,0.977057226361308,0.00554093145607508,0.000368399553326227,0.000621740185820736
0.0068983785370161,0.724172868492469,0.268527317234756,2.22123398233516e-05,0.000379223395935997
0.0106778705309132,0.384800098544959,0.595851963954124,0.00774791573100313,0.000922151239000818
0.856408327899633,0.0968053140339758,0.0252777996696958,0.0215041244421395,4.43395455626521e-06
0.571505413830658,0.00127272470162362,0.409695666462434,0.0175258895085435,3.05496740382203e-07
0.00775796146873407,0.988987011788807,0.00321394744769936,2.28503066781376e-06,3.87942640921959e-05
5.95992628187279e-06,5.22852186121046e-07,0.000104266298187781,0.999881610098384,7.64082496032178e-06
0.995777790007227,1.12241123846563e-05,0.00414777111271811,6.32147676486257e-05,2.14860070348924e-14
0.00588380846221542,0.993849138595819,4.53672348860054e-17,0.000267052941965523,5.05776708852639e-76
0.982302808668988,0.00480664041349258,0.0126959317309373,0.000194610995294904,8.19128770250387e-09
0.886555332038877,0.0119132466537581,0.101289861306533,0.000241558345590864,1.6552410684975e-09
0.595860651084282,0.351670080782553,0.0524691369436611,1.30858339633861e-07,3.31164175082166e-10
0.00244555082139604,0.996380777565403,0.000250146892542537,0.000413063655801736,0.000510461064856421
0.00134529324237546,4.55321434128570e-09,0.998337903458318,0.000316798744109601,1.98244384943531e-12
0.000281636863961642,0.000348371175752803,2.29482022429443e-14,0.990822612583404,0.00854737937685848
0.000201197092402676,4.8571441295714e-07,0.999192789312762,0.000605527586852245,2.93570413256732e-10
0.782358302041637,0.16007574247834,0.0393701892046279,0.0181940375623398,1.72871305477295e-06
0.33433784228811,0.00892442287936729,0.0116027952062996,0.645126330988242,8.60863798065789e-06
0.00026083321331991,0.993771363819632,0.00120024202835193,3.50825469233912e-05,0.00473247839177231
2.38224979237283e-06,0.999461665947074,5.15548887242752e-07,1.15765279114828e-07,0.000535320488967556
0.00017731230863278,0.901444361900527,0.000129669958663636,0.000133528499506858,0.0981151273326698
0.000234809556977984,7.35990009395925e-05,6.54757367440945e-17,0.999411569584196,0.000280021857886741
9.27119062590297e-07,0.00872523406034038,1.16420697660637e-16,0.00363026973383054,0.987643569086766
0.991924551517273,0.0074533997433872,0.000618808353098341,3.24033910698966e-06,4.71344842358058e-11
0.985619530893607,0.00860239873321934,0.00341749446560092,0.00236057382122085,2.08635196942542e-09
0.869141927326578,0.00727177996997704,0.123581977279599,4.31358248923047e-06,1.84135690445589e-09
0.979098560797171,0.0192710165794562,0.000628115254655898,0.00100159770372824,7.09664988655694e-07
0.0384818388184632,0.961517914489142,1.16889574115455e-17,2.11834790848164e-07,3.48576044414511e-08
0.192599190329055,0.0186616628598675,0.788511855956602,0.00022725692712085,3.39273547688545e-08
0.000423106359010278,0.000250535663889846,0.933653518584797,0.0654136375821718,0.00025920181013133
0.96483076359015,2.96911171387203e-05,0.0327186412783815,0.00242090401357847,7.519031957305e-13
9.63431473804364e-05,2.78985144844676e-05,0.171035379163794,0.828563856799062,0.000276522375278948
2.31881768736772e-10,3.49274127011854e-08,2.19643183475312e-19,0.661123345223439,0.338876619617267
5.53340312197948e-08,0.00880036793647792,5.65319026634087e-07,0.00018683395530135,0.991012177455163
6.66211132229589e-05,0.00131235174604012,0.260775369901399,0.712334967710596,0.025510689528742
2.71858755645308e-08,4.34122032820497e-08,5.33926576986061e-18,0.998948360491644,0.00105156891027722
0.00134428240714841,0.00335276896515314,0.987706010817577,0.0075756968164229,2.12409936988657e-05
0.840467415068483,0.0180959156453108,5.25984996603432e-13,0.141436617720975,5.15647057209547e-08
0.000668793375340062,0.00951038051360425,8.26018790194887e-16,0.965100481264946,0.0247203448461086
0.00356699498300432,0.000427427513543631,0.989588708735606,0.00641547861333337,1.39015451217655e-06
0.206630867586982,0.00562984461775852,0.787553112541435,0.000186175253823471,4.43658654119846e-82
0.876732617672226,0.00142558983949206,0.117171648233698,0.00467014423921851,1.53655798599576e-11
0.0153477710645608,0.00113081465786208,0.983422149815311,9.92459077505723e-05,1.85545160172993e-08
9.036017192125e-05,0.998327318637403,0.000616049065210572,9.09800274027042e-07,0.000965362325191524
0.992949364876955,0.00550775654884815,0.00154049379107949,2.38478296881147e-06,1.49139548828739e-13
0.0400370415782151,0.9586113904583,0.000788500748367525,0.000559279175624541,3.78803949270325e-06
7.12616906190508e-05,0.999801772497453,1.57572643658205e-05,2.79723730282583e-05,8.32361745334834e-05
7.08802874151008e-07,9.18856288997402e-06,3.18878418044231e-17,0.981468074338461,0.0185220282957752
0.0690342524108331,5.99503921130931e-05,0.896727061211302,0.0341787247521752,1.12335762237283e-08
0.456285115013354,0.000886252620285627,0.536831569436861,0.0059970605236903,2.40580911656342e-09
0.00148327135601802,0.114514607425773,0.00190358608425923,0.79881371872616,0.0832848164077902
0.000831324748733921,0.111093681393522,2.40280171588648e-15,0.148722614943905,0.739352378913837
0.00140254114972825,0.99648491673823,2.05185405553422e-05,4.56102792409712e-05,0.00204641329224488
0.00149873971775425,1.74771687154496e-05,0.00191256544646307,0.996570946661312,2.71005755648474e-07
3.39239248835934e-05,0.988302148841956,3.01044333540479e-16,5.64116774336354e-05,0.0116075155557264
0.798553075567663,0.200346659704724,8.88139347426259e-05,0.00101142502419687,2.5768673278164e-08
0.000160031893461991,0.983015516565142,3.61390841015939e-17,0.000950724708372942,0.0158737268330233
0.527415899727674,0.000463673256973088,0.472039460822613,8.09661926920085e-05,4.75735352048018e-14
0.00127399346258346,3.16331117547127e-05,1.69635905676193e-14,0.998692988381913,1.38504373193593e-06
0.652551630605128,0.26832532576421,0.0791119672563984,1.10763742644294e-05,4.29686119833018e-80
0.00890416794022816,1.18924453011183e-05,0.885112427507501,0.105971179210484,3.32896485302705e-07
0.358698301853621,4.28631465826704e-06,0.640043781514238,0.00125363020047981,1.17003021700881e-10
0.00046685655709246,0.82059991172292,0.00197278834327731,0.0142278650059923,0.162732578370718
0.014783791901222,0.00187099179288336,0.00659897745481783,0.976726264662356,1.99741887204351e-05
2.3053348090897e-08,1.26012698920868e-06,2.85218997455888e-18,0.408253151539102,0.591745565280561
0.0255975398914228,0.000797597170953514,1.90555391185365e-16,0.97360398183725,8.81100373622796e-07
0.00621229451911011,0.0123929303113468,0.981351362688683,4.29151791382513e-05,4.97301721917561e-07
2.19188786459709e-07,0.00520064724238277,9.84753904225719e-18,0.00967081544886614,0.985128318119965
0.000836379631471566,0.000223878920428268,0.998915843216451,2.38682686601019e-05,2.99629891753265e-08
0.0156392495343219,0.633342136751588,0.281604593758618,0.0624803277360788,0.00693369221939279
0.000571394639049264,0.00220658581656278,0.110650134990564,0.865217911572634,0.0213539729811897
0.0201923341902756,0.171717595805858,0.808030907837145,5.87244311948298e-05,4.37735526705668e-07
0.99655573723074,0.00125278676709299,0.00210620103492443,8.52745744690156e-05,3.92773200649417e-10
0.0342123447134271,0.907939603151176,0.0127939702193965,0.0450439003854406,1.01815305603253e-05
0.0153827316602472,0.019066323889877,0.964283707975457,0.0012669548509091,2.81623509731216e-07
0.00219390847179519,0.387720449074824,0.600757966553604,0.000345682118582208,0.00898199378119419
1.45163567597689e-07,0.0312459041336032,8.57297268045393e-19,1.06584511910507e-05,0.968743292251638
0.967758759125331,3.85531991279349e-05,0.0298666997719905,0.00233598756974393,3.33806562097689e-10
3.15703300139026e-09,0.000258821958016123,5.32025063962971e-18,0.00031386657815097,0.9994273083068
0.00449942704668127,0.344911604335602,0.426075077383156,0.119635885482618,0.104878005751943
1.92504456223776e-05,0.997617113450307,0.000557734093814627,2.38561346627547e-06,0.0018035163967901
2.87309875491104e-08,0.770088787845071,4.69372990094634e-08,1.72905358904193e-08,0.229911119196107
0.000100066209729107,0.995948061310127,5.3065065941184e-06,5.03819723612282e-06,0.00394152777631391
3.46872073184328e-07,0.000384629048296963,0.000124166030416242,0.246056194270873,0.75343466377834
0.00111262710826865,0.00319631228665111,0.597843727302002,0.394700203017913,0.00314713028516484
5.16488569624348e-07,0.000163640036509998,5.26001388834311e-16,0.986106322852601,0.0137295206223187
2.12330732005743e-05,3.7352516041171e-07,0.0751830652818024,0.924794975114097,3.53005739398587e-07
8.64713841740787e-06,0.999728898590025,0.000258506262849628,3.94800870749006e-06,7.12394321875465e-75
0.00259375357013348,0.000682075777663878,0.319796636803464,0.671004609825885,0.00592292402285391
0.000402192073762728,0.996587747178822,8.7980723638616e-17,0.00137555392774309,0.00163450681967248
0.000242494562161827,0.0425454068425826,1.1162327257181e-15,0.674943344935882,0.282268753659372
3.23437411642353e-06,0.0116739200749078,4.89164873168048e-18,0.000413384134625059,0.987909461416351
0.869414973669137,0.128271315316098,4.11896558336517e-14,0.00231342555598642,2.85458737011194e-07
0.00107903728909796,0.00175975012281438,0.995943396570827,0.00115334697873025,6.44690385301537e-05
1.06085083845176e-06,2.19022484553718e-07,0.000128398488276311,0.999636626897432,0.00023369474096833
5.09702301938727e-08,8.56262603992605e-05,2.15671703443148e-18,0.0174466479420942,0.982467674827276
0.003521957945135,0.00112570414021869,0.0016473769853431,0.993702618975209,2.34195409392668e-06
0.0078808982598649,0.000814933385244947,0.915040504433245,0.076259431507732,4.23241391290589e-06
3.43949364851019e-10,6.11125792443343e-06,1.64867398197138e-18,0.0147662690502777,0.985227619347848
3.87125684617531e-07,0.765445727167659,3.16993160243891e-19,2.59550276142726e-07,0.23455362615638
0.0327410120916048,0.965932173088722,0.00129809341087964,2.85837132588999e-05,1.37695534263401e-07
2.44600453038899e-08,0.000857032024840812,4.60873029791903e-18,0.00025772000503341,0.998885223510081
0.446144371104613,0.0877836540264837,0.00675245176817033,0.458702996990566,0.00061652611016689
0.999234246361026,0.000456158258088911,0.000303871537142468,5.72384374247064e-06,2.68387651059014e-87
0.998081899129119,0.000181614148501925,0.00173647516326012,1.15591188996753e-08,9.04920404599404e-18
0.00712673154303078,0.945825058734655,0.0470351826354673,1.16097096936245e-05,1.41737715287647e-06
0.00137111282519986,2.45990766237186e-05,0.859785216630165,0.138818005136104,1.06633190742245e-06
0.99626018200305,0.00128215505434934,0.00152242289206067,0.000935240025332285,2.52078039232279e-11
0.0135052514331615,1.3205118198174e-05,0.232639563191501,0.753841923453804,5.68033345617053e-08
0.0144914440560183,0.00733111361240888,0.978018568193505,0.000158460281775109,4.13856293125658e-07
1.5082344453324e-06,1.94761224056558e-08,3.77207922942637e-16,0.999987751725981,1.07205634510149e-05
3.32858841129424e-09,0.000161095086669726,2.73305322054002e-19,4.74687524493855e-05,0.999791432832292
5.17170953236995e-05,0.00500330406632929,6.29758138086878e-17,0.626827006120497,0.36811797271785
0.00234218939832715,0.964267717573892,0.00490362016001478,0.00336399496832365,0.0251224778994425
0.658042706347789,0.137708466551223,0.168499112935402,0.0357235857011621,2.61284644247131e-05
0.881973915351509,0.00138201874268465,0.116391994329595,0.000252071229689931,3.46520710545675e-10
0.0168725901293105,0.111805697770314,0.868399329131962,0.00291727417180302,5.10879661059499e-06
0.000719047691955061,0.999152342490302,3.49049204261848e-15,6.2425898325403e-05,6.61839194138622e-05
1.85618407814175e-06,5.76285988460654e-05,1.09981504538107e-15,0.0459288233307015,0.954011691886373
0.000488575883745481,4.13417153405338e-05,0.846190674205524,0.153277706879034,1.70131635633459e-06
6.27047594288167e-05,0.143449878153828,0.716174656661395,0.02284675477175,0.117466005653598
0.000405938536270166,0.0895342596818327,0.0288379065050778,0.015035908393384,0.866185986883436
0.0888317001225106,0.520333338565853,0.0307222252073973,0.352842085645213,0.00727065045902576
0.000791213230969584,7.40022234294018e-06,0.225254746437259,0.773935506491607,1.11336178211678e-05
0.999807972006343,3.50744977345859e-06,0.000177676943436037,1.08436003946902e-05,5.30816597580849e-14
0.920104065409,0.0245798944313402,0.000256590279046536,0.0550308227660844,2.86271145284311e-05
0.00063634483170456,0.997504784976977,0.000932903535636375,4.21446014959375e-05,0.000883822054186504
6.05419419596181e-09,3.12399695398746e-05,1.04592628917955e-18,0.000803610355257174,0.999165143621009
0.033969472949984,0.775553851754235,0.17867978600853,0.0105811208103411,0.00121576847690958
2.91143809777692e-09,1.98858534352042e-07,9.89841793093911e-06,0.983473460427029,0.0165164393850676
2.9013401610123e-08,0.000654462595060808,5.98245290061606e-18,0.000187946970339305,0.999157561421198
0.00169945640891357,0.00839870738347022,0.0928601694793795,0.774140408727168,0.122901258001069
0.995836181569364,0.000139978854560843,0.00279476362996285,0.00122906851059893,7.43551389357058e-09
0.0898701285335819,0.425611016332032,7.41252921207664e-16,0.484231221907901,0.000287633226484332
7.72920530752017e-05,0.999297563674357,0.000110269870959037,1.37403059414096e-05,0.000501134095667358
0.708239775315067,0.0560668351529097,0.235434314200413,0.000259057626061829,1.77055488003238e-08
0.000516221245565002,5.88228637504323e-07,0.998311235496136,0.00117195502590892,3.7528191638006e-12
1.17575271617029e-06,0.124099870203439,1.29083138578876e-06,6.52299995450963e-05,0.875832433212914
0.355204777780625,0.644660098259415,0.000128789165029261,6.33475432851072e-06,4.06020855119392e-11
0.105085546238256,0.130586980574394,1.9849808393228e-13,0.760658196719379,0.00366927646777293
0.638334392401809,0.0111060774842399,0.350526262451907,3.3267662044535e-05,2.1549165863823e-82
5.52679941264968e-05,0.938878759320904,1.22728973448763e-16,7.49322021752646e-05,0.0609910404827936
0.174757014418071,0.0015296905456599,0.822144211425672,0.00156904891955759,3.46910395825534e-08
0.000482446462757158,0.000240130044194898,4.66525930718553e-14,0.998951672901561,0.000325750591439977
0.99942516804494,9.19284462933318e-05,0.000287553270171169,0.000195349625185474,6.13410288120335e-10
0.000802530551630403,0.882365538300439,0.070122315269929,0.0241479262680187,0.0225616896099831
5.37814502907878e-05,0.101394328463919,1.70887302460741e-15,0.229187489957035,0.669364400128753
0.0363763630511091,0.00707498209987941,0.00475939369211104,0.951786614722991,2.64643390970397e-06
0.101480689606033,0.00773949152734032,0.833536397880386,0.0572171118961038,2.63090901374383e-05
0.840919045843927,0.0523917786079219,0.106684664679481,4.51071961120377e-06,1.4905882670332e-10
0.890750058748398,0.00410229614952373,0.103939845430574,0.00120779958518703,8.6317598322042e-11
0.943246796605729,0.049998881319826,0.00663880852915379,0.000115512369157662,1.17613384884664e-09
7.59620395880287e-05,7.10337241277189e-06,0.275907175991687,0.724007734678566,2.02391774613036e-06
0.00250643124833778,0.2386097122033,0.705309926510069,0.0461295954317315,0.00744433460656165
0.00366845440251664,0.00062473456991293,0.988233089031834,0.0074604590021888,1.3262993547682e-05
0.999097081366106,0.000902550567682002,4.61897037415062e-17,3.68066211875891e-07,2.50561638000228e-86
0.000859507962978862,6.46120049013242e-06,0.000561032068742444,0.998533134675035,3.98640927535377e-05
4.67170512826311e-07,2.5262501261435e-07,0.00342738812336059,0.996497800592533,7.40914885808796e-05
3.2141690716085e-07,2.47028913143195e-06,1.28839383902435e-16,0.986684710756972,0.013312497536989
0.000247713056543835,5.93314117068128e-05,4.39815557406416e-05,0.999636938388775,1.20355872337426e-05
2.69787467751914e-05,0.999199294652207,5.05778634191813e-05,1.60866999456937e-06,0.00072154006760414
0.981745829025651,0.0176455239099063,0.000608613180154909,3.38842880070602e-08,4.3532936325459e-85
0.99816905335394,9.15098817394203e-07,0.00182959187986654,4.39667375788636e-07,1.96921592216135e-88
0.0504095414155284,0.920493361664222,0.0290888618169525,6.15509781315631e-07,7.61959351600338e-06
0.00145333317949402,0.0484598481236022,0.950011534658285,4.51689764722559e-05,3.01150621460096e-05
0.00226796843948096,0.996867642228735,0.000850600969965719,1.26175485410803e-05,1.17081327683047e-06
0.00789160758229374,0.992099594987082,5.39233636253879e-06,3.40509426216471e-06,2.72738833308581e-79
0.191330081533403,0.0075298210919727,2.8981845016161e-14,0.80104203114604,9.80662285549349e-05
0.0172703594632672,0.000651277364574483,0.981969394045376,0.000108845974144456,1.2315263819506e-07
0.997208362518077,0.00232648718514789,4.84811015799162e-05,0.000416669168875316,2.63203059057916e-11
9.19951525241554e-05,0.978160588212217,1.97557723439793e-16,1.18332092580748e-05,0.021735583426001
0.21441399701417,3.52167989382481e-06,0.782740176406822,0.00284230482411701,7.49975952370256e-11
0.000799099264718162,0.999191922235878,5.2063011763374e-18,8.9784994039114e-06,2.94710671079193e-78
0.000453257461096806,0.00330997141655663,0.996148442572169,8.82064144019939e-05,1.22135775700167e-07
0.0014313878047898,0.998565308265972,3.07364955715396e-06,1.27655804628564e-07,1.02623875839558e-07
1.38515950162846e-06,0.000552213272865957,1.90716536510758e-18,0.0214550087760974,0.977991392791535
0.000757582215940535,0.999222334513641,1.94476412291123e-05,5.18857130205217e-07,1.16772059243385e-07
0.0224094706747731,0.0356038264980215,0.349483649017042,0.592310648641136,0.000192405169027877
0.00103795732094263,4.35970329527887e-05,0.992035522999122,0.00688259460035072,3.28046631484066e-07
2.57269840441497e-07,4.94957049115749e-05,1.29772751385725e-05,0.0219907264493424,0.977946543300767
0.014852302779757,0.985141992148629,5.18798042171701e-06,5.17091192376691e-07,1.14841382851294e-79
5.09776929531354e-06,0.999991667539071,1.31677448757821e-06,7.23080622528569e-08,1.84560908352826e-06
0.496879815965889,0.0762138520783216,0.0512835723887286,0.374761576382709,0.000861183184351438
1.29379612113551e-07,0.00225291861832495,3.35713811241202e-18,0.00325911873351176,0.994487833268551
1.32704849817752e-08,0.0278723981306968,8.71457410374805e-08,8.08054718483994e-07,0.972126693398359
0.177749354802655,0.088802733902021,0.712993133524202,0.0203892979321001,6.54798390226581e-05
4.57565160127063e-07,0.00093680406022511,1.67782114467231e-05,0.0159709942442442,0.983074965918924
0.000866087678884095,0.000868178682312302,0.998250060650128,1.56702395708251e-05,2.7491051704931e-09
0.0196313196918186,0.980365605477688,2.23193639734447e-06,6.09019950142249e-07,2.33874145910421e-07
0.01247896654641,2.70022095670225e-07,0.987515511602572,5.25182892191509e-06,1.25659791529989e-16
1.28948040048228e-07,0.00223241785859032,3.33010000147827e-18,3.96410608377795e-06,0.997763489087286
0.0137368087465958,0.94754891111981,6.35002420800699e-15,0.0174574540462808,0.021256826087307
0.470139165195448,0.0288439217499563,1.82958047693068e-16,0.50101591819882,9.94855775159941e-07
0.0856273232812217,0.628411498013311,0.285848878004713,0.00011193566495481,3.65035799688006e-07
1.10137466186462e-05,0.999692988632277,0.00010504310887047,2.2092224821244e-08,0.00019093242000889
1.72446211413108e-05,7.2053082290119e-07,0.854536310893255,0.145443358724592,2.36523018915491e-06
0.000746933659470135,0.000225129814247995,0.0839278141383945,0.915052022834141,4.80995537461466e-05
9.36444475704504e-08,0.96782630492882,2.03107505161913e-07,2.30099100280855e-08,0.0321733753093169
0.713473595119659,0.000632424574035923,0.149646450545427,0.136247463915346,6.58455326848266e-08
3.78893147159302e-05,0.980207539215606,3.01470893721073e-15,0.000211037869940166,0.0195435335997352
0.00140421395426891,0.46503097115176,0.0823458450661482,0.285155643914093,0.166063325913729
0.0116586879885024,0.987723408931204,7.30229580081967e-05,0.000497065201025989,4.78149212588741e-05
0.0132872343602342,0.986694396925963,3.6626800313662e-17,1.77832973781405e-05,5.8541642462031e-07
0.00390826730396302,1.57554481858669e-06,0.976854534768461,0.019235606896653,1.5486104642525e-08
1.02332492177822e-09,1.32003007377452e-05,6.14278518698714e-19,0.000108857270810017,0.999877941405127
0.0256519623152707,0.00260591660156665,0.970365785347926,0.00137440512138078,1.93061385562734e-06
0.000421295277239062,0.31819500166283,9.09435250231413e-17,0.00267331546268727,0.678710387597244
0.997878410745669,1.79055052501658e-05,0.00210356662317779,1.17125902578082e-07,6.50775174789783e-89
0.00666511311420208,0.437834821615184,4.98073662038646e-16,0.380810242870224,0.17468982240039
0.00219599267026662,0.00102154381259436,0.979650253982303,0.0171322095348361,9.38383531233799e-78
0.865171647323502,0.0895698316617657,0.0260715860690102,0.0191869349457225,2.45639009341807e-78
0.166011804515296,0.0727790646833948,0.758558794607087,0.00264632956440053,4.00662982215393e-06
0.656645269058078,0.260268366617406,0.0795973633365241,0.00348891792108638,8.30669052869884e-08
0.0939993735253441,0.876623684286935,0.0293706048153386,6.32205023580227e-06,1.53221466316418e-08
0.00710867598771006,0.00515524387315167,0.982044582016944,0.00517403787515533,0.000517460247039154
0.979965949442505,0.000374641772093038,0.0147760088842184,0.0048833996692281,2.31955501696047e-10
6.75300288041362e-08,0.000383487617541557,7.6072719815199e-18,0.00356412872736558,0.996052316125064
6.2245664902516e-08,0.0467686896630224,5.1616643833487e-18,7.06129846973033e-05,0.953160635106615
7.65667568411414e-05,6.47944967622277e-09,0.00420598098680312,0.995717433737294,1.20396114679799e-08
6.8900290512502e-08,0.0223027238985895,1.75434223056778e-18,4.45772076547439e-07,0.977696761429043
1.83201426464821e-07,3.58234200439517e-07,1.46048134111163e-18,0.999719852252998,0.000279606311375123
9.18837023029266e-06,0.870112893976069,2.31997055838326e-17,8.08624674951086e-05,0.129797055186206
3.66439918572223e-06,0.000175580378162309,0.0134393510439749,0.886231008763141,0.100150395415536
0.000114256309382749,0.00495506173204748,1.79470910923392e-14,0.938320899657113,0.0566097823014393
0.000104432459053493,7.44426804698928e-07,0.25252644604638,0.747366169035331,2.20803243088946e-06
2.72438881424127e-09,1.04901419614312e-10,7.60965243377646e-20,0.99997809168235,2.1905488360098e-05
4.84913589764347e-05,0.0607354562536903,0.102519148507572,0.0644544167425167,0.772242487137244
0.688896276016474,1.24497186704913e-06,0.30599786839808,0.00510461061345063,1.282807287299e-13
7.67957168945101e-05,4.92330509029166e-05,0.994661453351035,0.00521238620271202,1.31678455774685e-07
0.000298980750642192,1.07120672232515e-07,1.22472704317857e-18,0.999699211126962,1.70100172343738e-06
0.999381189072236,0.000608295840554498,1.05064433350722e-05,8.64387465071671e-09,4.21491943322009e-17
1.61865880574048e-08,2.66606905308987e-06,3.43510740239277e-19,0.00181769924905648,0.998179618495302
8.3045107321241e-05,9.42169963697005e-05,0.0772555675057252,0.915589986788867,0.00697718360171721
9.32415374538234e-06,0.503157588089894,1.93569105669024e-16,2.39348521552596e-05,0.496809152904205
1.53294663584618e-06,0.0106617891223693,5.15509841634565e-05,0.0686192912892608,0.920665835657571
0.00573139668848029,2.25255273843649e-08,0.258552521064789,0.735716058918554,8.02650160420527e-10
4.59179428300247e-05,0.975532375198207,0.0125108791695232,3.34334318239208e-05,0.0118773942576154
0.798313764541504,0.200481517047013,0.00113515948651033,6.94760613220982e-05,8.28636501259176e-08
0.00275189167981775,0.228301126344108,0.761741721594266,0.00113899202945292,0.00606626835235603
0.000548468086681277,0.00918403277369107,1.7605031891927e-15,0.985980935789208,0.00428656335041783
3.2449677810709e-08,9.97268855385729e-06,8.40094227663274e-05,0.0527569116360171,0.947149073802985
0.0155222672907177,0.982303379248781,0.00190450013372066,0.000184753098834458,8.51002279464906e-05
3.61334412880191e-09,3.9456140595061e-09,7.46545310203438e-19,0.993280453936832,0.00671953850420989
3.4265229059263e-06,0.954369574988184,1.25552732674789e-17,2.42917411678195e-05,0.045602706747742
0.0536122920313345,0.945371621239153,0.00101347386601519,2.61286349726875e-06,1.56478174510679e-78
0.000131274760996012,0.999756032210146,3.04115334641683e-05,2.79659891542292e-05,5.43155062394818e-05
9.59451441697762e-08,0.000210042645797425,9.19606257900547e-06,0.0476313625888236,0.952149302757656
0.444089375980598,0.000451991943460947,0.0313276204948714,0.524131009444737,2.13633305273258e-09
4.09003777777627e-09,2.39907113755216e-08,2.59185643917545e-06,0.98208242361434,0.0179149564484717
8.67993450765737e-08,6.75613074204488e-07,3.86927787857192e-17,0.999629810320888,0.000369427266692681
9.20973211160705e-06,4.50592097579073e-07,0.000117472937193387,0.999871971651639,8.95086958917202e-07
0.000114682819169911,1.32268002134939e-06,3.94086861652012e-16,0.999880948514564,3.04598624402794e-06
0.00386505268395628,0.68947565457591,0.302707296166779,0.0037703702926507,0.000181626280704269
3.69419861887305e-07,1.38041441208693e-05,5.30664296458461e-14,0.99272239876227,0.00726342767369368
3.61133535929989e-05,0.00299552057159002,1.18464535473008e-14,0.203354589196357,0.793613776878448
0.351230924977497,6.54120269161241e-05,0.496126091550159,0.152577566487132,4.95829669792646e-09
0.0480762121936281,0.703430568383189,0.247166699194372,0.00129263615943412,3.38840693765414e-05
0.00722108792478236,2.53987579575572e-05,0.0171310791520858,0.975622314799938,1.19365236091439e-07
1.99402770162708e-05,0.00357984758908942,2.58605639207797e-16,0.00545005632865674,0.990950155805237
0.0123602877308438,9.19406458904907e-06,0.0568434843834949,0.930787006646773,2.71742993713801e-08
0.00148023031163786,0.0105593781257216,0.986558081505254,0.00139854312925052,3.76692813610378e-06
1.8924604562354e-05,0.996233452934457,0.000111093965957983,6.36705363125102e-07,0.00363589178965926
0.226437380542457,0.00851897999502316,0.00125099539027025,0.763792199692707,4.44379542570725e-07
3.59297772248196e-05,1.17550368714104e-05,0.00311990132192433,0.995690782382501,0.00114163148147833
0.0104461747130723,0.00238620680558913,1.81157568890321e-14,0.98715419248671,1.34259946103312e-05
4.40813173241529e-07,0.0257251840787223,1.01822548445986e-16,0.000839468400558813,0.973434906707546
0.980670614819457,0.0191074017468151,0.000221981790296129,1.64335243033419e-09,7.89699001738305e-14
0.000477892451976081,8.40787691674351e-06,3.9929875419439e-15,0.999506249881168,7.44978993551078e-06
0.000270155227520278,2.93368761540015e-06,8.72598606874006e-17,0.999724258885792,2.6521990719378e-06
0.00139615525009998,7.45560269101682e-07,0.937314306904524,0.0612887884414795,3.84362717686454e-09
1.37305277651141e-05,0.844631828754942,1.23597033156307e-17,0.000415717430009352,0.154938723287283
6.05108936214254e-06,0.000190976290721775,2.64552442290034e-05,0.992698146919688,0.00707837045599892
0.000780830257407465,0.991418114721759,0.000131946310002809,0.000534897260210147,0.00713421145062088
0.000233990711284661,0.392425701972601,0.444640812584482,0.00207511863967664,0.160624376091956
1.06796029623313e-07,9.18650718623302e-07,3.95711863633345e-17,0.0866968417753024,0.913302132777949
0.123298904580547,5.33587541939051e-05,0.874687526881985,0.00196020976447385,1.88002395466087e-11
0.00474990034031572,0.000112759483215864,0.555494507409575,0.439523011822153,0.000119820944740452
0.556689041192266,0.0111424275514864,0.423786780079823,0.00838174778392076,3.39250370470155e-09
0.000678527875500716,0.959050133290114,0.00349418672542202,0.0187037574911447,0.0180733946178183
0.000159509738362988,0.847467800177677,0.00175212912408309,0.000923377175412374,0.149697183784465
0.836096850370402,8.932903024292e-05,0.16354246214222,0.000271358456658269,4.76964081390472e-13
6.26628499195863e-09,0.00154271416327967,6.09663135594107e-19,1.9948689257915e-05,0.998437330881177
0.14629928089946,0.0865446555097315,0.766970005843739,0.000185252086712302,8.0566035652413e-07
0.564181917061248,0.434185199789199,5.2239308568219e-15,0.00163283097261862,5.21769291320675e-08
0.252782530457393,0.745114038205424,0.00201464014137439,8.86770486694942e-05,1.14147139144328e-07
0.00116503564279882,0.000118431687290212,0.410360965410871,0.588353007628091,2.55963094936206e-06
0.00114972149456005,0.994681571957217,0.00412932412777225,8.66643926363328e-06,3.07159811865669e-05
1.1878982318729e-08,4.8470221807778e-06,1.48084123333931e-16,0.380390505335582,0.619604635763255
0.0708510890167932,0.132831336483821,0.796118278581554,0.000199038408277771,2.5750955433453e-07
0.612120621647679,0.00016434713345787,0.387713862712073,1.16850675974709e-06,3.07361776200048e-14
0.0412185620470064,0.883743718658756,0.0748966620871261,0.000110925564180834,3.01316429306486e-05
0.0128712886247608,0.983299719657408,0.00382810777267843,6.9872777668421e-07,1.85217376041657e-07
2.060480546569e-05,1.23111973838494e-07,0.999618209434137,0.000361062393266707,2.55157216761342e-10
0.367210192656982,0.603423153393241,0.0281968209906366,0.00116983005731594,2.90182433386416e-09
0.000191231619160512,1.10479801746497e-06,0.657254450531493,0.342538903626393,1.43094249366678e-05
0.00170292402247991,0.00259450855308788,0.741984052096883,0.253301713425487,0.000416801902062019
0.107290725362271,0.111698961296371,0.779686722145241,0.00129522510217164,2.83660939449817e-05
0.000511335453929796,1.09489789632889e-08,0.00110121344500661,0.998387437945893,2.20619183650639e-09
3.99017677489434e-05,0.0114782309628785,0.0509336542138311,0.0581860756045796,0.879362137450962
5.86453050364345e-08,0.13430088555403,1.41165587855076e-18,2.22395688862455e-06,0.865696831843776
0.000149027134057289,0.942708825164308,6.67447088751162e-17,0.000230708971410326,0.0569114387302245
0.000350406084986101,0.832439077071093,7.31603015111442e-05,0.00260514609084714,0.164532210451562
8.66495568384642e-08,0.00150086631386545,5.24414043180482e-20,0.000253881484679711,0.998245165551898
0.343786878106009,0.514568101340317,0.141596496374977,4.85236130575815e-05,5.65639446302387e-10
0.00815817055808354,0.000564475677903825,0.0564343740816854,0.934781613782342,6.13658999849277e-05
2.94484104626954e-09,0.0899534647804995,1.55292794539165e-07,9.27718604558794e-07,0.91004544926326
0.097260075161971,0.00253868056699311,0.101597237252862,0.798579734129218,2.42728889563873e-05
0.999937261517468,1.76562305709593e-05,4.49879665254571e-05,9.4285435353313e-08,1.53072974396725e-88
0.00104546602611928,0.564170798725807,8.81284188969705e-17,0.174989332638342,0.259794402609732
0.999654938230008,0.000332975129987884,1.20797471466775e-05,6.89285740310177e-09,2.49836387270729e-18
0.523212259803763,0.390762809941222,0.000334761561917521,0.0856901028899534,6.58031441633354e-08
0.000114718358746779,0.00106465165519133,0.998809571775528,1.06179913431457e-05,4.40219191254425e-07
0.00746256320469736,0.911425784922925,0.0738337997247809,0.00676601969334501,0.000511832454251597
0.00156037975889797,0.0030323866429004,0.993796365854451,0.00161086774375073,5.47512905362771e-78
0.00573846435826152,0.0323911595626575,0.954060404170842,0.00780306740783987,6.90450039872908e-06
0.0171848577040952,0.982433409180117,3.70352358258532e-15,0.000341319506804975,4.04136089787919e-05
0.0447994898965275,0.000363012277038766,0.87268512101083,0.0821522977058727,7.91097311557425e-08
3.47384181940032e-05,4.04754470092196e-06,0.00100553183889955,0.998782457306534,0.000173224891671542
9.63098917199553e-06,0.204233640426613,7.2598960376864e-16,0.000929464632622005,0.794827263951593
1.36477243541365e-08,3.12633653444723e-08,2.86474846180229e-16,0.967065064018671,0.0329348910702389
8.89852016338572e-07,1.75929184470162e-07,0.00169521498116997,0.998279257666108,2.44615715212551e-05
2.37675742600973e-08,4.0674355351517e-08,1.2298031654583e-16,0.994202056951506,0.0057978786065643
9.82727407583591e-05,0.999888823245578,3.57851629074193e-06,2.12387280204629e-06,7.20162457040268e-06
3.05456737899581e-05,0.000358581038176108,0.0303201815271351,0.945809514457249,0.0234811773036497
6.83025615570767e-06,0.0285330858122419,0.00637335700644745,0.110233347863323,0.854853379061832
9.14267889343386e-07,0.995177552342135,8.59786496499726e-07,2.3133898887216e-07,0.00482044226449049
9.05651548335102e-07,0.797254171975871,4.95476066726784e-18,2.38547292258235e-05,0.202721067643355
0.000161020564727554,0.591482423577736,9.53318323583038e-17,0.00526116186051467,0.403095393997021
0.000511163127753949,0.000861958066601201,0.994170499821942,0.00445266285994861,3.71612375400973e-06
0.638676849821126,0.187988572334646,0.17324678324804,8.77945961881898e-05,5.96399569487836e-81
0.00347835806486091,0.981964421131677,0.00453835510720017,0.00988740892859791,0.000131456767663542
0.974598235251452,0.00163873223420689,0.0217601223360636,0.00200290992179575,2.56481307761006e-10
0.000148313239175845,0.369061521318482,4.23227280068652e-05,0.00150132693386079,0.629246515780475
0.990000911314938,0.000105537289933224,0.00989336566400501,1.85731120758549e-07,3.1228646256144e-15
0.000506788658027841,0.0907648550285786,0.908723276016566,3.62553152773372e-06,1.45476529961236e-06
0.887655606066077,0.0439916135959004,0.0661459082117687,0.00220684103927211,3.10869816050407e-08
0.013548925955926,0.852554753412399,7.20022143504866e-16,0.13270105759915,0.00119526303252393
2.55740705204906e-05,0.161935467521848,1.90820310190051e-16,0.247312774147216,0.590726184260415
