0.591236863052519,0.406742218017913,0.00179723046389531,4.15519300478368e-05,0.000182136535624832
0.474373341341528,0.0454962583874694,0.479230097079927,0.000610568633198143,0.000289734557876913
3.51767102518063e-08,0.993377351763439,2.72932936303085e-06,1.3993280965971e-12,0.00661988372908861
1.36428217701405e-05,0.0293805953364166,0.000315156379690485,5.9424067155865e-12,0.97029060545618
0.999182869440014,0.000515045750662582,2.61188286237058e-06,0.000299472785064454,1.41396738625437e-10
7.49112740562148e-06,0.913376097466428,0.0284281169949017,1.2061304289451e-08,0.0581882823499607
0.168010825900273,0.831869655476665,2.26699899033614e-05,9.68486331584239e-05,2.81277539330966e-79
1.58256171892206e-11,0.0470081992905032,8.83438969892658e-07,2.08873297334343e-16,0.952990917254701
0.999745091217087,2.53462839453854e-05,2.57941016334453e-06,0.000226983058349226,3.04553091196711e-11
0.997155083925347,0.00284260745063311,2.02781932066253e-06,1.72404365778863e-07,1.08400333803941e-07
0.232850681446062,0.636194572412709,0.0069365943749282,1.07758679735952e-07,0.124018044007621
0.000332626054322264,0.000948331361418976,0.000268070709452497,0.998450971808234,6.65721945306762e-11
0.646433252986087,0.0735486467317536,0.278921608299732,0.00105209300089552,4.43989815316464e-05
0.000181952659572766,3.3844151701471e-06,0.0452340700576897,0.954580592839182,2.83853264195726e-11
1.10537005147864e-06,0.92297817162926,3.58145082457351e-05,8.78920011453036e-11,0.0769849084045507
0.999918525997383,6.76490767391676e-05,7.54739896330406e-06,6.27752691404331e-06,2.07815236130689e-80
4.90834426050771e-08,1.80702647289074e-09,2.56000844103009e-06,0.99999738910109,1.32266336802474e-89
0.000164971243953112,0.000182282620411831,0.00217359425661158,0.997479151867552,1.1471469720322e-11
0.30939733263316,0.115752773615248,0.566474501552112,0.00833662188953464,3.87703099455799e-05
0.00172159301992599,8.80090652737455e-05,0.0134503413907873,0.984740056511172,1.28411746917946e-11
0.999760571931936,2.50630852206912e-05,2.00877643057088e-06,0.000212356206412768,4.05827812258549e-83
2.08137843538983e-06,0.141564664427843,0.00227482917151928,3.40272791327486e-11,0.856158424988175
0.993667152624294,0.00243003006805103,0.000955663936293977,3.02485505808758e-08,0.00294712312281031
0.659392036769185,0.0734761243576503,0.00415335082718551,0.262978410748988,7.72969916860718e-08
1.79963464508109e-10,0.000221664229143788,0.000337816651629305,5.67425651910032e-15,0.999440518939258
0.000556751674057253,0.0417049974184273,0.459190971386549,4.45739931509972e-07,0.498546833781035
0.000929807989187504,0.246459444190526,0.657336151646293,0.0952505412799327,2.40548940605946e-05
0.0545010668575206,0.0014602661299853,0.405908583674475,0.538129966337409,1.17000609907259e-07
0.000903974876455968,0.992219579134811,1.09798177847098e-05,6.446873747139e-09,0.00686545972407411
6.9244247876168e-10,1.61970972198186e-11,4.33651751341559e-06,0.999995662773847,8.72811962802947e-91
0.913174628991719,0.0216504041451373,0.000172885497350241,0.0650020813657934,1.75865318308904e-81
0.997675153901166,8.60591602755465e-06,0.000218593800247146,0.00209764636188998,2.06695077947738e-11
1.36715542872232e-06,0.0667277108684527,3.453359256036e-05,5.33547799461862e-13,0.933236388383025
0.999993400323641,2.28431626655e-06,5.76821827418532e-08,4.25767564012624e-06,2.26922453549972e-12
0.00227763961178713,0.228830625730023,0.76720522393877,0.00159283842204618,9.36722973731686e-05
0.000216582197936756,0.984604605206749,6.83853922092022e-06,7.60926143107282e-11,0.0151719739800009
1.97182604066227e-10,1.75279412482558e-10,0.00426755918393242,0.995732440443604,1.32542743591471e-15
0.0117438775490955,0.947905910697923,0.031514318633169,1.6318909209532e-06,0.00883426122889144
0.842824588042245,0.0615311183034356,0.00594894307344645,3.24020398023515e-08,0.0896953181788334
2.14206843198256e-07,3.28825196891822e-09,0.000468238312916258,0.999531544191989,4.81068281706456e-88
5.00660927615349e-10,0.0038418438877582,4.33159467627591e-07,6.56090851577783e-19,0.996157722452113
7.71503785154537e-06,0.300223754871593,0.000386667340312828,1.28979381426568e-12,0.699381862748953
8.61707811282199e-09,0.602954898974849,7.68034987715378e-07,1.1874121693453e-14,0.397044324373073
0.000789885046398932,0.000796964712370258,0.99656660207156,0.00184557392288762,9.7424678348259e-07
0.00141100538027951,0.940459738037292,0.0445001527622387,1.19099200502035e-05,0.0136171939001398
0.996101362539825,0.00289950625456514,0.000971741222944082,2.71306742172656e-05,2.59308448319007e-07
0.000636537384507144,0.999244269226003,2.81070306726946e-06,2.82551442333214e-09,0.000116379860907884
0.999966758974739,2.70679904682558e-05,2.00188961900552e-08,6.1530158961268e-06,1.67512171114973e-84
0.000742891463120376,0.999201372060683,1.82592506521739e-05,3.74772255439585e-05,1.7798604215996e-79
0.000222642447970853,0.999609870705478,0.000124420050989531,4.49733074311215e-07,4.26170624873412e-05
0.0147020786664302,0.969971780584104,0.014226126234772,2.55517290257764e-05,0.00107446278566835
4.36446981150716e-11,0.00319351680143586,2.29598424207748e-07,1.48275438484866e-16,0.996806253556495
1.1074571371971e-07,2.25228512515137e-07,0.000170736960833307,0.99982892706494,7.17260848857354e-87
0.000191238062265645,0.000920304032850038,0.0138375084602415,1.61957879530787e-11,0.985050949428447
3.38060979616067e-08,0.0107259286804113,6.20892079090971e-05,2.37645566913798e-14,0.989211948305558
0.96403798110002,0.0344939331813498,0.000843341248737681,1.07578927643171e-07,0.000624636890964694
0.0223155772888033,9.61536374158159e-06,0.388165352712375,0.589509454376715,2.58364393654611e-10
5.22716492463177e-05,8.02705740474689e-06,0.430543396348153,0.569396304904971,4.02250411261492e-11
0.955327419808455,0.00708271665464562,0.0130762503804341,0.0245040880340305,9.5251224352729e-06
0.997849447630472,2.66979957629292e-06,1.27717571810408e-05,0.00213511080809731,4.67338017867574e-12
0.0258323309279826,0.00157687461904287,0.772612506603643,0.199976693089874,1.59475945766622e-06
0.993302974193729,0.00662535707701902,3.25764288034271e-05,3.90765499427672e-05,1.57505063675936e-08
1.50112524420116e-08,0.191059032508607,0.681590002589454,6.94877669138971e-09,0.127350942941909
0.888625263427462,0.0987585939431054,0.000299954249054445,0.0123161883803777,2.35949582341289e-80
7.22766796179389e-09,0.00142882134636245,0.000902889548032042,4.27645820704581e-15,0.997668281877933
0.983292537202253,0.0165761472266711,1.0856470502237e-05,0.000120459100573465,1.39780966198989e-81
0.927258262138378,0.0587723511568249,0.00595497055392411,5.25797915408324e-07,0.00801389035295756
8.88667312496561e-10,0.000584700776674713,4.68295608872183e-06,5.22751868180403e-17,0.999410615378569
0.855186913628928,0.144689972591144,7.16571385817777e-05,3.77140585483575e-07,5.10795007612039e-05
1.02513855320996e-05,0.00421393150565668,0.00015736465665344,1.44973706463928e-12,0.995618452450708
0.00182573199385039,0.657687344980728,0.054359630731347,1.52171963439713e-08,0.286127277076878
0.805158636805862,0.194340875132431,0.000302448222905028,0.000196499297480309,1.5405413208762e-06
0.0161045590911464,0.0025118072138259,0.0240549149263022,0.957328718134278,6.3444714274159e-10
1.44066013036309e-05,0.506550579337601,5.45465273554271e-05,1.67288242193115e-11,0.493380467517011
4.69693740041084e-06,7.46547004472798e-06,0.0100481642231204,0.989939673369434,3.03258896780473e-84
5.71973328936874e-08,0.293875872667717,0.000371382369758446,1.35404958209789e-12,0.705752687763837
0.00375547107307435,0.0814344858756963,0.00104962317370026,0.913760418178738,1.69879114146783e-09
4.15097360081509e-08,0.726759864604998,1.76800157944935e-06,5.59199814331798e-13,0.273238325883127
0.000117387561839586,0.639048650876962,0.000370414929111957,2.47019474222471e-10,0.360463546385067
1.64301010690815e-10,0.00174419987426599,1.09013465000902e-07,1.71942289693847e-19,0.998255690947968
0.819646505775312,0.000893426573181892,3.60451747129499e-07,0.179459707199759,1.66652857431966e-84
2.91780607671165e-11,0.00565175549811418,1.94493398528539e-06,9.83581341371023e-18,0.994346299538722
0.000430865082177031,2.56805004828663e-05,0.117002020095105,0.882541434134218,1.88017802098439e-10
1.0725401815179e-07,0.000474447379173591,0.00275544274118349,6.09602052321357e-13,0.996770002625015
0.000122581625918016,0.0870843379106443,0.0722654609819752,7.01682390645957e-10,0.84052761877978
0.227429817613732,0.565568471695102,0.204450836540556,1.71289544882037e-05,0.00253374519612168
0.989574634903094,0.00523634747411645,0.00513236736370583,5.43687290110875e-05,2.2815300724419e-06
0.996846154381768,0.00314077170961198,8.59473488917293e-06,4.46936825813813e-06,9.80547264101956e-09
0.99991434775999,4.80091055531004e-06,1.62257574944901e-06,7.92287506209154e-05,3.08392261467354e-12
0.653239422723954,0.0281418656538991,0.00939231144691433,0.309226400175233,1.14864015296581e-80
0.00201647584697776,2.59293524434807e-06,4.63497043048927e-05,0.997934581513473,8.23950438865805e-86
0.000529619207509045,0.996501049857777,2.33436334303413e-06,6.91537246342156e-09,0.002966989655999
0.0830604684624632,0.915053203109535,0.0018257569524966,6.0571475505266e-05,2.22125778725725e-76
2.77994732531755e-09,0.00633097956110314,1.68862113425363e-07,1.0329315047048e-17,0.993668848796836
0.00350442575158541,0.996127122119378,0.000308353121710319,3.55133768605369e-05,2.45856304660183e-05
0.997950864204565,0.00204508276215145,3.19315016649802e-06,8.5988311682472e-07,5.95008586676028e-80
0.0237421639445357,0.560973366433785,0.00438983815142745,5.2859326119773e-10,0.410894630941659
7.19066221707151e-07,0.971705654636782,0.00454381432873709,1.18421572448162e-08,0.0237498001261019
0.0161079679048502,0.968897439382419,0.0140718637337666,0.000641629642728668,0.000281099336235665
0.21532642988207,0.0522574676829185,0.546641717928724,0.185774384506288,1.01376111811462e-78
0.00124228365590554,6.28772629295325e-08,9.5235428529498e-05,0.998662418038302,2.96218344514825e-87
0.844853763019584,9.11291969765402e-06,7.24447268620487e-06,0.155129879588033,7.24016229173387e-85
0.348220037824564,0.0477564613892407,0.603669897366291,0.000147267195470009,0.000206336224434573
0.000100753938212828,4.91418852640096e-07,0.205498792516908,0.79439996209115,3.48763173483385e-11
8.28510378295198e-06,0.000503041753238654,0.0864840947066519,7.52575316621667e-10,0.913004577683751
0.996759559036197,0.00201707462500708,0.000121844621052705,0.00110152171774303,5.81421300177508e-81
0.00412681410369781,0.0128622975654651,0.00235778654882405,0.980653100453023,1.32899023936633e-09
4.42034073757426e-06,0.00120813989735984,0.00663485283108824,3.28614644523008e-11,0.992152586897953
2.65717618241917e-10,0.00146867405218502,6.6791027222086e-06,5.18243156397899e-17,0.998524646579375
0.00136075144983444,0.595785985191374,0.396216331257379,6.36774093240923e-05,0.00657325469208873
8.72870858240568e-08,0.308923048246342,3.50782348780892e-05,1.58574171080022e-12,0.691041786230108
0.876575388702406,0.119056709497412,0.00414794584715427,1.00496245547682e-05,0.000209906328472891
0.000138990321358796,0.813173875972178,0.0392084466695917,3.63292505998362e-09,0.147478683403946
0.913027325255588,0.00417302776704437,0.0814555269611708,0.00134235397233144,1.76604386541641e-06
0.999988721009741,6.83879039421227e-06,1.42126533102897e-08,4.42598721089985e-06,1.2018486217654e-83
5.10832801949703e-09,7.5528834821465e-11,0.000217320934499229,0.999782673881644,5.50820007262262e-17
5.42567996669121e-06,0.00471358483234119,0.935988682418581,5.10783866196552e-08,0.0592922559907242
7.63076260774068e-06,0.00483014035997294,0.00481077649841474,9.13505012122473e-11,0.990351452287654
7.19524597929843e-05,9.16363696224979e-07,0.000634574096321368,0.999292557080189,7.81440862863885e-86
0.886549654744459,0.0980202688387968,0.0150188209485865,0.000347455631275612,6.37998368817927e-05
0.982149967663418,0.0148162948740797,1.58777013513019e-06,0.00303214969236752,7.26626561392765e-82
2.0201030124103e-06,1.39188468158506e-06,0.0101998337380247,0.989796754274281,3.42967623573971e-84
0.99990929234395,8.61020318203674e-05,1.04679147875038e-06,3.5588327510713e-06,2.74404772727971e-82
0.303955115413204,0.688992981083524,0.00135394907681848,0.00569743420897655,5.20217477517645e-07
0.262832318767422,7.61920665946098e-06,0.00536968741695485,0.731790374596787,1.21768700424121e-11
2.391109407504e-06,0.243424391488978,0.00188398489501584,1.44326881354559e-12,0.754689232505155
0.00507291732274675,0.994496835261014,0.000269444528949854,0.000159897031644994,9.05855644058455e-07
1.35892820365856e-09,0.000343434506316823,0.0001248489460167,5.49176585480064e-15,0.999531715188733
8.01371299170629e-06,0.412448203152189,6.07765592502747e-05,1.57192655341035e-10,0.587483006418377
0.000252899032381958,0.00317341425022118,0.915894253851194,1.59906939159562e-08,0.0806794168755092
0.997091914517804,0.000169727490152193,0.00142543752258669,0.00131292046945719,1.12593180180293e-80
0.00268056259416195,0.0784553544212625,0.00160906768679391,0.917255015297782,2.2961867000028e-81
4.87188669374499e-08,1.42932312196563e-10,3.45241597539865e-05,0.999965426978447,8.96337240779183e-90
0.0427113554940738,0.934491128387965,0.0209942585469618,0.00177272284467753,3.053472632194e-05
0.000588622520166815,0.992282902232906,0.00174572902392291,4.91987514030686e-07,0.00538225423549069
0.000592610504037851,7.0452792017504e-09,3.84450047941503e-05,0.999368937445889,1.26059151070739e-87
0.0139822864826697,0.335510954524672,0.0274898488759461,4.96896052448247e-09,0.623016905147751
0.998717394086477,0.000382504904059122,0.000785489386732542,0.000114541426340645,7.01963912818593e-08
0.303526118481751,0.0023532636406933,0.0383544389702254,0.655766178907331,2.20119871986344e-80
4.25659132266162e-07,0.000729940249206246,0.000268706099187629,2.87472705479656e-14,0.999000927992445
0.817304316426444,0.118439980348567,0.00307965126651183,0.0611760519584776,1.47059010434216e-79
0.00156682731999959,0.841957797695587,0.0713860488902921,1.23492946696268e-06,0.0850880911646546
0.00164809034283397,0.00643496766176954,0.990083269747557,1.9231464736528e-06,0.00183174910136566
0.997742862641696,0.00218305356200436,5.969701663915e-05,2.70471751035617e-07,1.41163079093699e-05
0.999587126926204,7.11799238641373e-06,5.58172192404949e-07,0.000405196909216908,6.16756844251299e-85
8.36291914964982e-08,0.00520969353585147,0.994771988617733,1.82342172241793e-05,9.26487158984969e-77
0.000305341541182965,2.87688209987045e-08,0.00275714833913584,0.996937481350706,1.54129343855373e-13
4.17163287432596e-06,8.1202734129741e-05,0.990849058704173,1.33133349579411e-08,0.0090655536154883
0.754228120457379,0.0416058770193835,0.202747539637934,3.00361767575267e-05,0.00138842670854594
0.999994314135801,3.08854592184029e-07,1.3078158266966e-08,5.36393110232161e-06,3.46582498327124e-13
0.999346558375679,0.00064094649005324,2.77519024213561e-06,9.71952551359273e-06,4.18511772940673e-10
0.641770410553628,0.000286199876110511,0.0100879827034228,0.347855406357639,5.09199765801085e-10
0.00112776357134392,0.248524700131006,0.00112802944045344,1.69822973329794e-09,0.749219505158967
1.39354419586182e-06,7.71734486758827e-09,0.033999232620627,0.965999366117755,7.72262384162052e-14
0.000280537090854249,1.37600947313484e-06,0.890338891262712,0.109379192877374,2.75958701482759e-09
0.999859146757185,8.43900400954747e-05,7.21853099162227e-06,4.92413348174737e-05,3.33691046313752e-09
0.990751721021833,0.0051777134810859,0.00247007385346781,0.00160036218286941,1.29460744317188e-07
0.996370815144254,0.00339065846113557,1.40588518642341e-05,0.000224461972973091,5.56977282185375e-09
0.0139619084060049,0.000777545369437459,0.110290563287095,0.874969982937463,2.36970145666105e-80
0.000154200992706342,2.55817997979035e-07,2.45101928582948e-05,0.999821032996437,1.532587510131e-86
3.2929721589568e-08,0.18286561796086,1.29607655702189e-05,2.06615148867585e-13,0.817121388343641
0.00264986397350156,0.0205705192745905,0.0084711888764694,1.32502774234542e-09,0.968308426550411
1.72295583459877e-05,0.000152983364854153,0.995114226720043,0.00471360589707286,1.95445968432245e-06
0.544784542482004,2.54657987539786e-05,0.00121149003307299,0.453978501686169,9.56289848996388e-84
0.000341096426989944,0.0807465602596587,0.918181516690508,0.000320158226286809,0.000410668396557086
0.0137960751922082,0.935802949326739,0.0497266928760019,3.16966934798312e-05,0.000642585911571182
0.000160124646672739,2.68855371483517e-07,0.000508702599342956,0.999330903898613,2.5245996184815e-86
0.91780170139168,7.03435841415547e-05,2.28516778021589e-05,0.0821051033463758,6.96720888024378e-84
0.352359028098224,0.545187664254945,0.00820066679778307,0.0942526408490489,4.60858412933038e-79
6.16695684610903e-05,7.35891007459015e-09,3.62210258107871e-06,0.999934700970048,5.22733969690865e-88
0.00119927105545056,0.998692217713683,4.29794147091235e-05,1.49716561264682e-06,6.40346505443272e-05
1.10415854755016e-05,0.710567965512924,0.000913191864461047,6.30165897181757e-11,0.288507800974123
2.64562127634105e-11,0.000193635599536529,2.28161072200174e-07,6.1236250124017e-20,0.999806136212935
0.97476487844929,0.0210023068170317,5.5760416409777e-05,2.43905988744663e-08,0.00417702992666977
0.00504181387833359,0.977426594180691,0.0150487546384827,1.04847968236764e-05,0.00247235250566886
4.94576740684606e-05,0.947531362073837,8.15370679453013e-05,1.72064248748303e-10,0.0523376430120847
5.71601312906415e-06,1.76677570394298e-05,0.997343800607914,0.00263264565589333,1.69966024007072e-07
0.24447810344905,0.729709643429313,0.0219837316351266,8.6305484605692e-06,0.00381989093804917
0.0657877248807442,0.0050038616003182,0.120858127326761,0.808350286192176,1.95675462726208e-81
7.21135361720005e-07,4.79432324862506e-09,1.38358059879287e-06,0.999997890489716,1.58286609285165e-88
0.877298281054012,0.0125901942608693,0.0749926084225745,0.035118800748988,1.155135560535e-07
0.904682439536447,0.0935642175673206,0.00151997595209551,0.000233143697867016,2.23246270240394e-07
0.655729802844156,0.0861123285778008,2.84424986394936e-05,0.258129426079404,3.40419245966054e-81
2.13612362815937e-05,0.022088073560212,0.115751950188252,2.98532003095567e-10,0.862138614716722
0.991188082334606,0.00429377322881919,0.000196650975267922,0.00432149346130678,1.61542359897213e-81
0.0295363465028513,0.017565326690654,0.937901802297648,1.43941625764103e-06,0.014995085092589
0.000279153422548803,1.95516142414455e-08,1.72955729958945e-06,0.999719097468537,4.93550943351878e-88
0.000216198186689645,0.000188355832643247,0.999392990589303,4.79652578357614e-05,0.000154490133528667
0.998391473625801,0.00142490994790461,0.000154076516291159,2.95399100027655e-05,2.74117077647948e-79
0.0758741857459253,0.00421315314537954,0.00902560807629415,0.91088705129506,1.73734095691198e-09
0.164542263628659,0.0300633237599913,0.801656303526873,0.00353335499775637,0.000204754086720187
0.0103331676210515,0.0147936438004782,0.0457592632800398,0.929113877046653,4.82517775783906e-08
6.69104125091411e-05,0.829746553565308,0.160443843612554,0.00974269240962869,4.17591357520993e-78
0.00496378175021231,0.985949549238271,0.00288190167291631,7.05086854515216e-07,0.00620406225174586
0.989931438669239,0.00925090271281168,0.000658734309951438,0.000158575920251907,3.48387746146962e-07
6.02847616990987e-10,3.2501687931417e-11,1.02170554235405e-05,0.999989782309227,1.23292590466245e-90
9.00231051801617e-05,0.959752541061402,0.000164090152857506,3.88929061089911e-09,0.0399933417912693
1.72561504145182e-06,2.51059979273425e-08,0.0169137838639432,0.983084465414978,3.95085987197334e-14
4.69125595492721e-06,6.66513648690718e-09,4.70383122585656e-05,0.99994826376665,7.92152710226086e-88
0.0162034263460104,0.000330366307217957,0.0580235786685845,0.925442628678187,6.40217169765648e-82
9.95711126391187e-08,0.800349474575246,3.04677776664848e-05,4.04874280769433e-11,0.199619958035488
0.334335295397756,0.0394663638983813,0.074641390448181,0.5515569293671,2.0888580781657e-08
0.995763275232268,4.88610044668343e-06,9.97760457190339e-05,0.00413206260454574,1.70204522722608e-11
0.0129206996335959,0.654827427015624,0.317737541202759,0.000191127112634245,0.0143232050353871
1.289325683809e-07,0.0132631205336631,0.000101702155394064,1.6969721767187e-13,0.986635048378205
0.116632868003697,3.70173278214369e-06,2.1779301691739e-05,0.883341650961829,4.79007627052217e-86
0.00230387123929589,0.997496167287698,8.24242981628384e-05,5.07000992760337e-09,0.000117532104833078
0.204193610563367,0.266745144224266,0.283301130040635,0.245758163210703,1.95196102908814e-06
8.75471340795743e-05,0.988502293647337,8.47896627562629e-05,1.15534684959816e-10,0.0113253694402926
0.947215606462897,3.4220361646092e-05,0.0163831923833452,0.0363669804373622,3.54749587532366e-10
4.37561621651855e-07,0.03839379380847,6.6875851916256e-05,2.0759144434539e-12,0.961538892775916
0.0365484598171503,6.85287859091075e-05,0.950583493927434,0.0127986090765836,9.08392923193437e-07
1.56726597856255e-06,0.944985523755051,1.14513796503663e-06,1.25020312386317e-10,0.0550117637159854
0.776534539558152,0.000399212876473241,0.00363663493878089,0.219429612626594,5.88944106125745e-82
0.184930064979841,0.00450841584823664,0.0151527530158381,0.795408763764768,2.39131622037624e-09
1.77465448117294e-05,4.49037040233352e-05,0.000424363352861496,0.999512986398303,3.10228721748111e-84
0.000421101684602393,0.935818289460994,0.00397528229054422,3.41008002138395e-08,0.0597852924630592
5.99541551294813e-08,0.896603780833911,2.39089277484045e-07,1.70136862312136e-14,0.10339592012264
0.180483790195796,0.813625365455978,0.00419769263469085,1.13793450170852e-07,0.00169303792008518
3.25249028642928e-06,0.118685628358051,4.18697576329092e-05,2.61382611648217e-12,0.881269249391416
8.17446311196519e-06,0.169862272682217,0.825058840696241,1.11493543998344e-05,0.00505956280403039
0.011061149843884,0.000131567380864548,0.504639226501874,0.484167997287032,5.89863445071901e-08
0.00211704649550914,0.725987288552189,0.032977051150255,1.83148425130835e-07,0.238918430653622
1.29606214215088e-07,0.0100522668094352,9.0555804188768e-07,6.93319419797932e-16,0.989946698026308
0.0140821979644503,0.0957029849020474,0.889804993641414,0.000239513159441345,0.000170310332646684
4.27593737227784e-05,3.69509470939635e-06,0.984194240371928,0.0157593049689972,1.90642978370398e-10
1.60246646843253e-08,1.48640485589194e-11,2.1763480721851e-05,0.999978220479749,2.85910971572964e-90
2.84572911571092e-07,2.98088597943201e-06,0.0591573403990017,0.940839394096225,4.58822066128977e-11
0.999938628260994,3.49572165922888e-05,1.07816819773562e-07,2.63067002098809e-05,5.38403740938146e-12
1.05924173969194e-10,0.00819760767837158,1.17961545720509e-08,9.77942352651159e-19,0.99180238041955
0.0533565028053761,0.946556557795645,1.47529897964915e-05,6.05396113333908e-08,7.21258695709951e-05
1.31041618635299e-06,0.0932220201458257,2.74451326274166e-07,5.41999496501211e-15,0.906776394986656
0.000890503364637568,0.00422009375793342,0.0189218493240834,2.43456562174938e-10,0.975967553309889
0.180634967929626,0.816084657511624,0.00138594417592701,8.4626664599327e-07,0.00189358411617755
0.941352220431084,0.00385410759326466,0.0211495609878805,0.0336437491003488,3.61887421536128e-07
0.0967357614842382,0.0223913286761148,0.0231549511110047,0.85771795274965,5.97899197326679e-09
3.02779281755462e-05,0.0359925694422734,2.36742210528945e-05,2.81011896517092e-13,0.963953478408217
0.00177832507735329,0.994381590676058,0.00135921365596305,1.01517436471433e-05,0.00247071884697871
0.991532840612954,0.00206892416042247,0.000276984631233455,0.00612125059539024,1.74271324316971e-81
1.79958364608125e-10,0.00220527961453154,5.0754877374746e-05,4.81478083150968e-16,0.997743965328135
0.919724711230319,9.13124129515603e-05,0.000567473174435487,0.079616503182294,5.20803331828771e-83
0.429466957331443,0.215129481305824,0.354316230746061,0.000710057130992534,0.000377273485679238
0.764262152171874,0.235733230266075,1.32630827849142e-06,3.12350261297733e-06,1.67751160062744e-07
8.25091878809246e-06,3.43976339478857e-09,2.71470152531344e-06,0.999989030939923,4.78799956663688e-89
0.994512867944663,0.00517927593929651,3.2838492105782e-05,0.000275017623935157,5.2577756008651e-80
0.000689312679137042,0.0860447923182543,0.877131615040923,0.0361229946282469,1.12853334391775e-05
8.41238957505366e-06,9.69137186654324e-06,0.999962005555428,1.30880844381315e-05,6.8025986922328e-06
0.00015442193715774,6.17064145406389e-06,0.00288473319653837,0.996954674192517,3.23331136965798e-11
0.8192505090352,0.178602514237451,0.000100003437039315,0.00204697329030934,2.76344249663268e-80
0.996473491114578,0.00345273331879945,6.80630487150977e-05,5.66092110931241e-06,5.15967985000053e-08
2.78008403575489e-05,0.999156012554928,0.000800198901641082,1.25520736354096e-05,3.43562943782025e-06
0.00608709628252149,2.2054599278086e-06,3.03510754989165e-05,0.993880347182052,7.96193787006395e-86
0.985968953102918,0.00010699156799546,0.0138936700322789,1.82423347426152e-06,2.85610633332091e-05
0.00138700079368791,9.01413762809523e-05,0.383753152057131,0.614769704263489,1.50941094943902e-09
5.89860021479171e-05,9.23494175843446e-09,0.000648831090340465,0.99929217367257,6.91145045704387e-87
0.188503313674673,0.000198185165559618,0.810866403130142,0.000194617396445957,0.000237480633179399
0.0110114520957613,0.883035464855947,0.000798189101659405,5.48196356257588e-09,0.105154888464669
4.11102033176075e-07,0.558292686236467,0.00101768463395306,3.94921780157848e-12,0.440689218023597
5.35232181719269e-05,2.85598307108263e-08,2.98596344210204e-06,0.999943462258555,2.25623510901164e-88
0.998064485324619,0.00174176981109121,4.64612960503546e-05,0.000147283568239856,3.41553320856588e-81
0.909050199587049,0.00176742617166364,0.00489151675491206,0.0842908560130352,1.47334060229956e-09
5.50742403777789e-08,0.000797863732551058,5.67324658270171e-06,1.45046432872721e-16,0.999196407946626
0.662187447931179,0.332640245971915,0.00117995364418081,7.71266026653059e-08,0.00399227532612272
1.17062364398007e-05,0.00407193451337852,0.938480507779425,2.17929718536744e-08,0.0574358296777852
1.86743747698384e-07,2.53939630596749e-06,0.999977714281799,1.79569581825186e-05,1.60261996497737e-06
0.998919783631638,0.000112323890909191,2.12538519049717e-06,0.000965767092262114,1.82996318149394e-82
6.31042315970982e-07,0.984236144511474,0.00012062778717685,1.55253051562367e-11,0.0156425966435078
0.999753883554034,2.12465782244086e-06,8.71938353117048e-07,0.00024311984979009,1.63731142329274e-84
0.970285813986,0.0121203164158806,0.00708148388842875,0.0105123857096903,5.46362212269355e-80
0.00745258585468761,0.992526810623626,1.27516060179867e-05,5.5612674032438e-06,2.29064826465242e-06
0.679660512721231,0.320232635852037,3.4911863242442e-05,7.1939563488699e-05,1.43682294881825e-79
0.00326786084117078,0.747422883615582,0.234682648263354,5.25746382147411e-05,0.014574032641679
8.79391471719785e-06,2.38378679842502e-09,6.10111775068117e-06,0.999985102583745,1.11123799454645e-88
5.7946296435681e-07,0.0478874128460434,2.86720805174468e-05,9.54619123095049e-13,0.95208333560952
0.0426173140909211,0.957344465443622,1.81950250481967e-05,1.46057779223829e-05,5.41966248601493e-06
1.66640394935733e-10,0.000457367292793293,6.84831755457741e-07,6.2108530237249e-18,0.999541947708811
0.98186899169856,0.00415775784630268,0.000132347814087305,0.0138409026410503,2.5142961948093e-82
0.973122781484017,0.022476721441468,0.00123032327053086,0.0031701738039846,1.17758813637906e-79
1.59731352601575e-07,0.993101765589631,1.80948427254577e-05,3.68124964284964e-10,0.00687997946816571
0.977343247770296,0.0224637937571928,0.000149072455982388,4.38860165285647e-05,1.00777789063442e-79
0.746459524426996,0.213162575979985,0.00191592243296937,0.0384619424864006,3.46736493079702e-08
0.808166786944577,0.186717326031706,0.000421289162328622,7.9447082800274e-08,0.00469451841430587
0.981854286933571,0.00531373344937993,0.0126670808374717,2.29521576163015e-06,0.000162603563815949
9.05670996820223e-06,0.995967151142218,0.000286715265334958,3.8233214336946e-09,0.00373707305915683
0.131054868219534,0.00522554015776278,0.00042732100327164,0.863292270385193,2.34238765524919e-10
0.997673658070149,1.36435723779088e-05,6.17743569411343e-06,0.00230652092177919,9.87541194167963e-84
7.53025490682115e-09,2.54416176016321e-08,0.995177799509341,0.00482216732634351,1.92443015941481e-10
0.00322448670491015,2.07892370750719e-08,1.98898193030562e-06,0.996773503523922,1.27913303641816e-87
1.65515596942951e-06,9.73514675368268e-08,0.0148081054558317,0.98519014203571,1.02106707249013e-12
0.822016496150809,0.000270117651874206,0.000191388462288486,0.177521997385042,3.49986158805171e-10
0.00720114777428202,3.28990724865831e-06,0.0160716323756118,0.976723929942858,1.58910672988172e-83
2.13700483143082e-06,1.77565135736636e-07,0.999776786227314,0.000220878893809953,2.03089086162712e-08
0.981042193898896,0.00242897895712022,0.000711573692958551,0.0158172534510249,1.60190280647118e-82
1.33382536263455e-11,7.22741065037626e-12,0.000315389024588147,0.999684610954846,3.07856492531413e-90
0.95131237333582,1.02616209034738e-05,0.000152319647653649,0.0485250453956225,9.97273153500932e-84
1.21785113968118e-07,0.00019919757581204,0.999073593939957,5.63822578380046e-07,0.000726522876538675
3.06827099963433e-05,0.000109171420862873,0.908976232355277,6.9176343702802e-09,0.0908839065962293
0.000116872811485827,0.000399910115154297,0.00748423590217445,0.991998981133059,3.812606936501e-11
0.172260495350987,0.82747073809546,0.000160506837030674,4.86381010498107e-07,0.000107773335511196
7.98142918011726e-07,1.11238372616083e-09,1.65297888895777e-06,0.999997547765809,1.94424862760017e-89
2.11992064306583e-07,7.98249845137923e-07,0.999995649271205,2.8682939486106e-06,4.72192936442798e-07
0.960890398817309,8.94496408957893e-07,9.73256935836202e-06,0.0390989741166686,2.55119972338523e-13
0.95576172605408,0.000120123807314312,4.71447397082119e-05,0.0440710053988973,2.34986665876095e-83
7.18971612573312e-09,0.000134273529289791,0.995486789495003,2.99670788074077e-08,0.00437889981891203
0.998575035596014,0.000724853669142697,0.000307107695834066,0.000392965928638758,3.71103708939822e-08
1.77010787028809e-06,0.0220363071551582,7.58762193968102e-06,1.7173956180273e-14,0.977954335115015
0.0716982562485953,0.122692845543622,0.00195082834831868,9.14185778757997e-10,0.803658068945278
0.967380916840724,0.00314532083916303,0.00185744633443897,0.0276163159856739,1.53854278240382e-80
0.686377954711276,7.10731206060416e-05,0.000131469356891335,0.313419502811226,1.44920463503152e-84
0.998357832398719,0.00159825087209564,3.80931199953852e-05,5.82360919046034e-06,1.58859563162099e-80
4.628264371128e-09,2.44972611413793e-11,8.29447657482561e-06,0.999991700870663,5.10460564214252e-91
0.99862451503095,0.00117780550194305,0.000141388603734821,5.61672319839633e-05,1.23631387849955e-07
0.553734695788742,0.446156615431428,0.000108620413682901,6.83661473867022e-08,2.89780297525601e-76
0.967054070028728,0.0281806910982567,0.0030649976473466,0.00170024122566904,3.01455364935774e-80
0.000414235187590082,8.24302409347667e-08,0.000438296354650409,0.99914738602749,2.89964052391988e-14
0.00817643470546129,0.0161411479844866,0.0379277904418406,0.937754607712218,1.91559937891969e-08
0.0010541553760616,1.46367725669486e-07,0.000580498849699263,0.998365199406514,8.66906518892266e-86
4.50102910689516e-06,1.41896455902042e-07,0.00702760352301105,0.99296775355036,1.06595230856723e-12
4.2170238890057e-07,5.08095451578944e-07,0.149517682634956,0.850481387557327,9.87613325666449e-12
1.29917125394919e-05,3.84834479027279e-05,0.205876759519922,0.794071765319636,1.44631596178769e-81
0.00551083250993772,0.519790447637292,0.111918886473785,4.81576795366853e-08,0.362779785221306
0.10909245869756,0.00012203563611495,0.395010109345384,0.495775395668631,6.52309790183794e-10
0.972143239195899,0.0151490361226636,0.000578049659577006,0.012129184647283,4.90374577227143e-07
1.11119403742743e-07,1.00849808052552e-05,0.999985284109488,2.88642289481024e-07,4.23114801355012e-06
0.000637652928246679,0.970609576809555,0.00162983572541785,9.29303244337929e-08,0.0271228416064562
0.0106328833773189,0.0081427197190379,0.974692688413084,0.00650938268556755,2.23258049922517e-05
0.0636617183607858,0.00520636676523131,0.0062856199686584,0.924846291889056,3.01626903442549e-09
0.456718743158374,0.0199747366417251,0.464155508467223,0.0591489530123319,2.05872034661787e-06
7.83639547392382e-06,0.000135488493128615,0.0431577330006018,8.7560817484796e-12,0.95669894210204
0.999969278104619,3.02364637158464e-05,3.42193025032715e-07,1.4220842383958e-07,1.03021611902174e-09
0.00434796276083218,9.16077643456362e-05,0.0420989261778274,0.953461492725326,1.05716685696206e-08
0.00183452818372097,0.00318327367234772,0.994189253508988,0.000156408092012951,0.000636536542930321
0.0167418882417105,0.000550947228383527,0.694327805967191,0.288379339084277,1.94784373463669e-08
0.776011471701771,2.49738400904285e-05,0.00292416742401751,0.221039387034121,4.52448840910507e-83
1.89021169793937e-07,0.0700807595554792,1.0198483088076e-06,3.75471653541542e-16,0.929918031575042
0.0640052468624709,0.00207965499469086,0.899048831272265,0.0348661660460691,1.00824504110139e-07
9.67366295221393e-07,6.67968678639251e-05,0.977663893623714,0.0222683317639684,1.03781587882644e-08
1.0031519855464e-05,0.000709193189190761,0.938589838523319,3.00189344538909e-08,0.0606909067487
0.0246701749990894,3.10783514253423e-06,0.000174896273845947,0.975151820891922,1.11442017310858e-85
0.00764298896345417,0.000596090214180144,0.879114281407198,0.112646393041854,2.4637331354237e-07
0.309560950494979,6.50184041182836e-05,0.00257322328499903,0.687800807815904,1.00929800954985e-83
0.997883660697659,0.00072285581743051,0.00136997166225491,1.54851194913123e-05,8.02670316414417e-06
1.98219337480608e-09,6.00672769846747e-10,9.34697796740729e-06,0.999990650439166,1.17027074726219e-89
1.40587187033442e-10,0.000703865861558088,1.37116818563355e-05,1.4082128028462e-16,0.999282422315998
3.08373664639048e-06,1.21944513183396e-05,0.999976664737991,6.86023175322533e-06,1.19684229066837e-06
0.00043199622040222,0.999545334777367,2.82921348807812e-06,2.94598750026381e-08,1.98103288676393e-05
0.999320718542046,0.000270532275200534,0.000378972760424633,2.92489275590777e-05,5.27494769726803e-07
0.98389177504441,0.0144326661457142,0.000352556821845033,0.00132294089125183,6.1096778432193e-08
1.18275122871284e-06,7.05784748346051e-05,0.996273025146485,2.85143456428382e-09,0.00365521077601747
0.999977363975634,1.41835326198575e-05,2.46497828806375e-07,8.20597162033461e-06,2.22969726395333e-11
0.00654391094836999,0.890324893955591,0.00216701807760459,8.83137978534967e-07,0.100963293880456
0.819125508576861,0.067874995661646,0.112183122407016,0.000684289689535083,0.000132083664942162
0.00038363916707877,0.983654898012186,0.00160438210749557,9.29009535057875e-08,0.0143569878122858
0.00377143048251828,0.000288518991321196,0.995807962811538,0.000110442657099789,2.16450575223877e-05
0.92726140865357,0.0397058642206247,0.00154456673768138,1.47071451282625e-09,0.0314881589174098
8.20270524694531e-05,5.94614731141928e-09,0.000208035287655845,0.999709931713727,3.64184331568943e-87
1.35643952133047e-06,0.0605027740457212,0.000436664797411875,3.45607855692186e-13,0.939059204717
1.08750832913081e-10,0.000570341125916698,2.07224733806218e-06,1.33891660572215e-18,0.999427586517994
0.00513235707734149,0.991467509197271,0.00105022397799298,9.45683057879457e-08,0.00234981517908891
0.85510737389371,0.142424301094559,0.00243480311934781,1.13709559400443e-05,2.21509364438304e-05
3.74576325403124e-05,0.00286637442709134,0.529478522571683,8.27004010532222e-10,0.467617644541682
0.423013965346727,0.0529286772960598,0.514664353823484,0.00933709530860575,5.5908225123803e-05
5.71737508181326e-05,0.60748589966107,0.335522583925268,6.38554815490737e-07,0.056933704108028
0.00251523151008637,2.22039595199309e-06,0.100783148329187,0.896699399743747,2.10273875750234e-11
0.340148034844535,0.499111532883717,0.160657355235236,8.30770365125423e-05,2.09321727317811e-76
9.46936025095863e-09,1.58154288748197e-07,0.280428402413221,0.71957142996313,9.04621388669168e-85
0.00143342710438085,0.00691848709746823,0.485314041370539,0.506326127180601,7.91724701075569e-06
0.994104306382676,1.90000253779684e-05,0.000207615996711988,0.00566907759523442,4.69539369904226e-83
0.999617882183474,0.000301977507225151,8.11586021067791e-07,7.93287232794911e-05,9.04584315085304e-83
0.619070071932222,0.000765545629890812,3.07523684638267e-05,0.380133630069424,4.36940633026054e-83
0.151864589380586,1.34054190579468e-06,2.57772811444676e-06,0.848131492349394,1.30401243963458e-86
0.0145949657824641,0.961983993714584,0.00534033020900499,1.91685916518792e-07,0.01808051860803
0.698357328699604,0.0117988412298709,0.179015962582941,0.110827757266653,1.10220929837149e-07
0.999975420651254,1.66755714076743e-06,3.91018443352526e-06,1.90015732618453e-05,3.39100495005547e-11
0.0206149281876637,0.164657285063491,0.00299994479652191,0.811727841952324,1.23429339870284e-79
3.29962722839911e-10,0.0253037600614315,1.95352722365365e-08,3.85761664986141e-18,0.974696220073334
0.105391231037376,0.000126590656567099,0.00018885734795595,0.894293320958101,6.45958972862178e-84
6.66843447859291e-05,0.805073873434319,0.00186336126856495,6.71109641904214e-09,0.192996074241233
0.959226263464604,0.0345597232786895,0.000339531694950847,0.00587448156175527,1.45790277452932e-81
0.024716989662272,0.551219164658428,0.0785429877655662,3.076144296441e-08,0.34552082715229
0.0449054928168102,0.818217759045473,0.134346406192239,0.0024433906250145,8.69513204634543e-05
0.632397997720048,0.000635688312310753,0.106206675012936,0.260759638954704,9.58218522308368e-82
0.345378049604432,0.20560238261293,0.437031956192198,0.0119303707318368,5.72408586025572e-05
0.000403911583619237,0.997123004100011,0.000218323404240181,7.83399513993432e-08,0.00225468257217772
0.00771865877615959,0.401345619584345,0.58955748484035,0.000517941024568803,0.0008602957745768
0.259983444670566,0.0593535055570125,0.486828880590982,0.19383416918144,7.55009851339113e-79
0.992627190503206,0.000112252246660448,0.000111553011283364,0.00714900423884956,2.14900177377876e-82
1.0330351574408e-08,8.00115877183208e-10,0.00301848276695677,0.996981506102576,6.46541944892873e-88
2.2459874983369e-06,1.53108326591557e-07,0.996645224214917,0.00335237324210091,3.44715757613561e-09
5.43518914604104e-05,2.39479622949538e-08,0.00207948729527076,0.997866136865282,2.41617940637206e-14
0.999703786226888,0.000294405327939871,1.15627963508711e-06,6.30673875824652e-07,2.14916613736645e-08
0.000118921052395823,3.10717364150683e-06,0.354235840191211,0.645642131582752,6.73925215901778e-83
0.497924040805722,0.101167977333946,0.0666813825860981,0.33422647259335,1.26680883278449e-07
0.99961264226936,3.29764177517839e-05,2.61708252300347e-06,0.000351764230365526,8.60958395640753e-84
0.98639523325025,2.10990919462035e-05,7.3971194572616e-07,0.0135829279458577,2.41134193742338e-84
0.973235321590612,7.83685760683554e-05,1.21093274208875e-05,0.0266742005058984,5.11963695902339e-84
6.17948088121618e-08,0.000858983898944953,3.16739563125781e-05,3.38602629908909e-15,0.99910928034993
0.00134032973499292,0.0930060832127999,0.0852918033189874,5.13899474163805e-08,0.820361732343272
0.738780593638612,0.00464941915531374,0.0209159121869331,0.235654067286197,7.73294436572775e-09
2.4876068589806e-05,0.989574588195992,0.0048365363975131,2.98257660489226e-06,0.0055610167613002
0.0890253359417432,1.25942591560343e-05,0.00349580504508778,0.907466264731117,2.28961326068762e-11
2.02678794454464e-12,0.000158219433311605,2.04616672801492e-07,3.53646492529547e-20,0.999841575947989
0.000119114103552372,0.0264405743260057,0.000228142345673244,9.72871346208035e-12,0.97321216921504
1.57131933997978e-07,0.265791405487351,0.00020379980961804,9.73584454388173e-12,0.734004637561361
