0.00950851395084829,0.0506988061244002,0.00184746876403069,3.24602781649272e-06,0.0576262612104667,0.880315703922438
0.00330590454068983,0.246215826234941,0.00808968333678313,0.000162331868539802,0.455014858295978,0.287211395723068
0.996763024480675,0.00292815329573307,6.23685665570096e-13,0,0.000191100207623025,0.000117722015345406
0.0471809388455136,0.000481844866207826,9.64590596659552e-07,4.62976377338062e-08,0.0605138443408647,0.891822361059179
4.72945083147253e-08,0.000687035935574386,0.862053912403556,3.22631688808946e-05,5.39274065768345e-05,0.137172813790903
0.00759463813008646,0.825719419457031,0.000307505103072795,4.77001807642532e-05,0.00545582308737568,0.16087491404167
4.69034750271813e-05,0.0430777287023661,0.00200896204488065,1.5641777978191e-06,0.00011982765922849,0.9547450139407
0.999431692192551,0.00053829877606402,1.83504157289962e-16,0,2.03249231142287e-05,9.68410827088816e-06
8.25310314483805e-09,9.29402426117365e-05,0.83266874637692,2.23944171123795e-06,7.67425674725435e-05,0.167159323118181
3.62324314807566e-06,1.86416810679585e-06,0.00151928883527446,4.60611110762889e-09,0.000248047097258111,0.998227172050101
0.114676692173677,5.0586293725305e-05,3.24220227566734e-08,2.43118434232364e-10,0.324550169202418,0.560722519665039
3.80000453853219e-06,0.60512365442295,0.31314791234653,0.0737403153348672,0.000705669613578631,0.00727864827753625
0.00153273180788897,0.117515945236146,0.0598483234919262,0.000321996906332822,0.146539121854877,0.674241880702829
3.05683149025872e-06,0.680748955012574,0.0201162753021166,0.296295264432968,0.00278505246850105,5.13959523500722e-05
0.362432605283525,0.624309264752343,2.14265254847246e-09,5.86910399153098e-07,0.0129156279348648,0.000341912976215274
2.42130365868059e-07,1.18498339441812e-06,0.213108058723498,9.47776103362772e-07,0.00187738268255082,0.785012183704088
1.74313401990578e-12,0.000428012125174191,7.79432332899653e-06,0.999558440216844,5.75332499382156e-06,7.91579802422041e-12
2.85624114480336e-09,0.0902155969699187,0.00403862181172129,0.905592949849555,0.000152701540580801,1.26971983135583e-07
0.00191331226893029,0.0271988684447494,0.0013957296813691,0.000876994677400904,0.956006383295996,0.0126087116315546
7.54796427983598e-08,0.244872460286435,0.00120373277524765,0.750371002842185,0.00354001320210771,1.27154143818346e-05
3.72176642747014e-08,0.00017637194570733,0.987700021317173,0.00388607026460112,0.00135735765388268,0.00688014160097146
0.583736773231623,0.0782795179000661,9.31892178228194e-07,0,0.0032475867584589,0.334735190217674
0.0066426146953457,6.50871968578262e-05,1.42232918063838e-06,1.17796018648548e-09,0.0431836076991174,0.950107266901538
1.23938056522515e-06,0.990197141412001,0.00786493662700929,0.00155696382324902,0.000105696726947588,0.000274022030227744
0.518523314593654,0.11105466420971,4.01944700208261e-10,3.73890880614388e-07,0.369642358949242,0.000779287954568051
0.00223325204067805,0.000217114885135276,4.31194246844654e-09,5.42775312758772e-08,0.997502284482831,4.72900018823348e-05
0.000393168086041706,0.993868638901344,3.70085393168004e-07,0.00319304817873604,0.00249285466253453,5.1920085950954e-05
9.84915071616215e-06,0.948186753105167,0.012904437918546,0.00467709641597714,0.0225584487083783,0.0116634147012149
0.553698748252024,0.00786501533399871,1.22259898255852e-07,1.5752577973098e-10,0.00955398716235342,0.4288821268342
6.77584931986543e-15,3.58816195424905e-06,1.22748313757492e-05,0.999983926951202,2.10055340353868e-07,1.20992954754016e-13
3.36237981638634e-05,0.930179336539751,0.0106746210655063,0.000362799042576859,0.000118176561221076,0.0586314429927806
1.16290567049699e-11,2.47305970981436e-07,0.999537081050676,0.000232207453457016,0.000106581871771832,0.000123882306495024
0.995802545663834,6.48043180318612e-06,2.15941039201138e-13,0,0.000636134451956634,0.00355483945219051
1.81228862708131e-08,9.41094526488379e-06,0.433851158917784,2.15377961063338e-06,0.000545804569697262,0.565591453664757
0.00202054748227894,0.959423961127561,6.20963037180794e-05,2.42484546717383e-05,0.0125798113161286,0.0258893353156421
0.0723426190803903,0.00082918995432056,1.68793022073053e-06,0,0.00122422637679956,0.925602276658269
1.62948695829285e-13,5.44100221988445e-05,2.31313189022429e-08,0.999942900524901,2.66632140125731e-06,1.66399779127212e-14
0.0187729933774627,0.417462032276958,0.000597914981140708,2.74272245797187e-06,0.0622416722345816,0.500922644407399
0.000608760036726572,3.08693364922058e-06,0.000279141437707908,8.38691318026162e-08,0.255280618872341,0.743828308850444
2.04502470616428e-10,0.00312492659970617,1.68676056725068e-05,0.996733344000967,0.000124860641540007,9.47612029486275e-10
0.999956809345451,3.38816389980459e-06,2.07372933283803e-17,0,1.17402820581466e-05,2.80622085910847e-05
0.994576482797295,0.000186909490564033,1.31526742214698e-13,1.381878154428e-12,0.00519230338353444,4.43043270925879e-05
0.899306561441637,0.0616838407745164,2.1310274476267e-09,6.1227393650088e-10,0.00341095265724539,0.0355986423833003
5.9021154781191e-05,0.00604005450174861,0.0131717900523973,0.000560815128280699,0.976437544559107,0.00373077460368565
0.0658597864800648,0.773850971628165,0.000216079936143457,7.95196354246688e-05,0.102078139298784,0.0579155030214182
1.88531389561359e-08,4.10707404608258e-06,0.867195157617438,3.96141050509596e-07,0.000103675529113123,0.132696644785214
0.00172979088936395,0.102953800213877,0.000205469346187649,5.04328325112523e-08,6.82726328935596e-05,0.895042616484845
1.87146751847921e-10,1.61392447798266e-07,0.930151262895453,3.99166908910761e-07,2.82932975484042e-06,0.0698453470282891
0.000333683847132101,0.857436252102129,0.0238069404361757,1.97769814741297e-05,0.00137811634690887,0.11702523028618
0.0205347119536402,0.253868411021618,1.2079461667269e-05,0.000233774760656796,0.709445371005872,0.0159056517965452
0.0199022404657738,0.841736443590915,0.00149132681777052,0.00209630124706875,0.0980450564225937,0.0367286314558784
0.984378152200421,0.000129425636149689,2.86046973398261e-14,5.39765887747173e-12,0.0154897686684972,2.65348950595224e-06
6.04023413271675e-10,0.0112437266777429,7.10381398996206e-06,0.988736200704568,1.29670215757015e-05,1.17809982179421e-09
0.126346879536564,9.12343992912232e-05,2.5266398846614e-08,1.4924089156619e-09,0.844862367600655,0.0286994917046819
0.994365523864064,0.000215016123711995,6.34575699082004e-13,0,0.00462299369363702,0.000796466317952141
0.000628903935452594,0.000192617057381239,0.00869300108438884,2.00131406021975e-06,0.0459223771906298,0.944561099418087
8.82274727101456e-06,0.020415131542274,0.00527519082700363,0.0689129037323837,0.905115113137936,0.000272838013131008
3.00782725843877e-07,0.824560267844243,0.0431295583403452,0.131248416800169,0.00090442473324451,0.000157031499272535
3.10382766442676e-09,0.000379558507738411,0.645378901567066,0.351233656538429,0.00294092917924891,6.69511036893104e-05
1.02614109742113e-11,2.5446962085115e-07,0.994896851622237,1.59506836244894e-06,9.26334462747189e-06,0.00509203548489137
0.000689676430430411,0.765884475511048,0.0382587261511626,0.00470153916617168,0.136883770580174,0.0535818121610137
4.42420268172958e-09,7.96503112295049e-06,0.822614824252805,5.80864610788561e-06,2.05487451225054e-05,0.177350848900639
0.977408255659506,0.0225602546751795,4.37615441751444e-15,8.92995826573337e-13,1.47163100716407e-05,1.67733543461127e-05
1.02821794320328e-05,0.182201737119942,0.582161882600957,0.0526717467583493,0.0137834473382147,0.169170904003105
0.895932151790973,0.102087310903045,5.71228451892876e-12,7.29576661223559e-09,0.0019444284520432,3.61015524601277e-05
2.37969098988432e-08,0.00820598902954486,0.982409084503283,0.00279685414264548,9.81542265738218e-05,0.00648989430104265
0.00179803084678129,0.000200425271695713,0.00087135605601268,3.01360844908786e-07,0.0883182416560743,0.908811644808591
0.993564691631546,5.85704456301939e-06,2.00550699379833e-13,0,0.00489651136678677,0.00153293995690394
7.60315831378623e-06,1.24097862923675e-06,0.000381201799595631,2.46609667323295e-09,9.97982707049828e-05,0.99951015332666
0.087599365243326,2.23900260035182e-05,3.58878218073838e-08,1.06302317407724e-09,0.894138328569869,0.0182398792099564
0.0655958587068421,0.00198066049807134,1.52882137015405e-06,3.40508623959295e-07,0.839662755920437,0.0927588555446553
4.00906184225647e-06,0.00449448518926346,0.212768739988363,1.88139456001533e-05,0.000548869298919242,0.782165082516012
3.36548926445958e-08,0.235157272572225,0.0448307318855232,0.715797651648949,0.00411806574077401,9.62444976355325e-05
0.725690439219523,0.00103179448902447,2.11420406618235e-08,7.22761370034308e-10,0.217303187079837,0.0559745573468135
2.46646023157959e-06,0.261598411495606,0.00586708609571656,0.730900892679497,0.0015973144702374,3.38287987113746e-05
0.496444494665831,0.503460623880734,1.80514615507774e-13,1.03041584587463e-10,9.36017602806306e-05,1.27958993204862e-06
9.26814874760151e-06,0.990577625926333,0.000262261096697904,0.00808381765942855,0.000903183249893422,0.000163843918899329
0.990200688085706,0.0090166770497934,1.04235667487442e-11,2.83671550529703e-12,0.000688713068268801,9.39217829714547e-05
0.833585384602679,0.0492589437517642,4.79907198766936e-08,2.01363687235018e-11,0.0016171615001626,0.115538462134538
0.997059106040001,1.2558442885136e-05,2.39997899691228e-13,2.40388926471125e-16,1.71619330549003e-05,0.00291117358381833
1.72212374657987e-08,0.246682438733291,0.745617864445403,0.0020895645919011,2.7468569208693e-05,0.00558264643895875
0.999969770918139,2.75110466844054e-06,9.7388425523874e-20,1.59635236578722e-17,2.71818589329051e-05,2.96118260128869e-07
3.16893204812738e-06,0.259477770859677,0.0131539210012621,0.668401092766888,0.0588369630553343,0.000127083384790538
0.351788091865585,0.000151270736948288,1.83390307208001e-10,0,0.640459040158393,0.00760159705568348
0.179637248028053,0.0724416064652532,2.49264919420935e-09,5.75471070940689e-08,0.744098327376563,0.00382275809037487
0.0791308030321963,0.0377396924668366,2.69546946330256e-07,2.59686610591919e-06,0.73387499319797,0.149251644889945
2.24275647258619e-08,3.9765918505802e-05,0.584287326113493,0,0.000401264010235206,0.415271621530201
5.09308323041916e-08,3.71209045017164e-05,0.441279531022336,2.2389281492319e-06,7.47204798803276e-05,0.558606337734301
8.26059480367952e-08,0.00382382253973346,0.960511575663931,0.000488335371537319,0.00248758720871143,0.0326885966101382
2.09895643283483e-06,0.903932963199278,0.00223432213518024,0.0932493250886488,0.000532309894566439,4.89807258936431e-05
1.02813036058814e-10,0.000380916825661126,0.953745776460065,0.0457292901325068,5.35784437349739e-05,9.04380352187843e-05
0.136972290877226,0.819113574320384,2.18210422598711e-07,5.70746667703117e-09,0.000188598952531671,0.0437253119319684
0.000700189113996807,0.0174264133512404,0.0010450967785614,4.24906797294998e-07,0.00253506344077869,0.978292812408625
0.996266237730006,1.9962706176091e-06,6.97983802062059e-14,0,2.31444622244506e-05,0.00370862153708185
0.000828022700109024,0.955080227160052,0.000266607175052291,0.00313580739384634,0.0068865608977555,0.0338027746731852
6.18240132540344e-06,3.28786819580635e-05,0.00043076063732134,8.77366548229973e-09,6.74423554298296e-05,0.9994627271503
0.0302045392461691,0.000388024575234383,6.31177421403104e-07,1.41775368519411e-10,0.0128114418290609,0.956595363030339
0.459302216257812,0.539321359528937,1.71567826382508e-11,1.24183657371737e-09,0.00130120358557787,7.5219368679658e-05
0.00123721037744886,0.997969806505244,7.99495963793918e-07,8.62569381675917e-07,0.000361994017308029,0.000429327034654037
0.000148363263065387,0.0632179477904378,0.00965953734390915,0.00476401374769216,0.912109176749863,0.0101009611050322
2.38103826279518e-10,0.000378135067067668,0.452470292983049,0.54492389793562,0.00221969027503411,7.98350112573653e-06
1.55052701117946e-11,1.0512269637034e-05,0.998637118091174,0.00126943343525851,1.72810782477991e-06,8.12080806010904e-05
1.9379098790721e-06,0.00243730865823159,0.000102403949706802,0.00261690806230502,0.99472136758628,0.000120073833597903
6.15205676351162e-11,9.07342546654393e-05,0.111786758283265,0.886446356313239,0.00167392489706621,2.2261902437604e-06
0.0545657008669117,0.00326794943527359,4.8404178228961e-10,3.53860328769471e-06,0.942148512629571,1.42979809140637e-05
0.00124259531321388,0.15791804681974,0.000629487822229352,5.91534033422062e-06,0.00633481759239336,0.833869137112089
5.75247666159351e-08,0.0188786788365694,0.0282161960645212,0.952238117934458,0.000476732742102597,0.000190216897582054
0.000465568945576315,9.10040367113626e-06,6.60294460221424e-10,0,0.999505399205307,1.99307851510918e-05
0.408758313013967,7.17774165559786e-05,2.05509901913042e-08,4.79877168164098e-12,0.0120948243157198,0.579075064697968
0.00385558556897594,0.952544991720806,1.15575867686997e-05,1.08268126445253e-06,0.000226103146758229,0.0433606792954268
0.238229339694506,0.223556614844939,3.37658892313035e-06,4.4517647474935e-08,0.0939960186269041,0.44421460572708
2.58624294128239e-06,9.28597520205552e-06,0.00268671671631673,6.18702373580072e-07,0.000821707214456096,0.99647908514871
0.349178305295602,0.0623187747712696,5.58307447365283e-07,4.03230958852873e-06,0.104515224683824,0.483983104632269
6.38426626919774e-05,0.00637707166395184,0.0506258645214946,0,0.000809322440081527,0.94212389871178
1.80104447268487e-08,1.8507410845461e-06,0.650968713428183,1.46642055197145e-06,0.000398661727740818,0.348629289671995
2.30131946583655e-11,0.0111165388605806,0.133470671707236,0.855356380369633,5.60686416422934e-05,3.40397895003309e-07
0.0163024232167578,0.902462373896539,6.92005436855209e-10,1.60400125998219e-05,0.0812093303422497,9.83183984854275e-06
0.942553707143466,0.000484048727341325,1.87753168136631e-10,2.74652991896253e-10,0.0562813386905213,0.00068090497626478
7.15896937541016e-07,0.359456570210439,0.577737490196896,0.0556231387412663,0.00378527613608207,0.00339680881837919
0.000162894377870946,0.00260201997362608,0.000314098916922282,3.82610495102505e-05,0.932561169427446,0.0643215562546249
5.01281183887487e-09,3.01498310403692e-05,0.957885502042903,2.28010218610321e-05,5.28052570971343e-05,0.0420087368342865
5.36427736326019e-05,0.946718284053788,0.000990556443163798,0.0319568352820844,0.0198668732531141,0.000413808194216787
3.4091537305979e-06,6.80587744679001e-05,0.1734014398891,9.91641944610805e-05,0.0182875606409028,0.808140367347338
7.46163981711239e-05,0.814141084886974,0.0171569363947283,1.44595089123529e-05,9.8890883403529e-05,0.168514011927811
8.23510828620649e-09,0.0065728130943467,0.899458994062827,0.092324489322694,0.00139841520756926,0.00024528007745518
0.981192207857786,0.0136016135399307,6.38176855485766e-11,1.65230032190307e-08,0.00404283667932237,0.00116332533613996
0.000570551742177253,0.870477652476023,0.000177171913903158,3.37734232822057e-06,0.000794533967963203,0.127976712557605
0.996473747631231,2.38799973308217e-06,1.84018294252103e-13,8.61142336475687e-15,0.00279894920393078,0.000724915164912542
0.144730372294177,0.0459727312489514,1.27889299171532e-07,2.85045104254916e-07,0.808385755083935,0.000910728438533716
0.190173580846558,0.0130957575252678,6.82767943402771e-10,0,0.794527864938058,0.0022027960073482
1.46718393207415e-05,0.0868180417881211,0.134449203455775,0.00269289896718037,0.0441253356615607,0.731899848288042
7.36343397280443e-05,0.984328575709383,0.000312906203827959,0.00322473161060197,0.0115128706068318,0.000547281529626906
1.21688094313985e-13,2.96934578067388e-05,0.000118754515086523,0.99984990142589,1.65053883268815e-06,6.22620098727541e-11
7.12071949785704e-05,0.947457781798117,0.0306576501866271,0.000350311730172622,0.000639583943200884,0.0208234651469036
0.00675173168797707,0.125844474143857,0.000937173641744466,0.000403565410852442,0.39061464814382,0.47544840697175
2.69461762011721e-10,0.00308872672988183,0.679279222369582,0.317480230469295,0.000146476000995297,5.34416078463019e-06
0.00424819248181847,1.13466047298845e-05,4.89860167672016e-06,5.26724257137016e-09,0.136671313247934,0.859064243796599
0.000117282438844312,0.00350031909228259,0.00348083340594427,0.000470342373975139,0.989003330568084,0.00342789212086984
0.000808702897362973,0.0151704683732076,0.0219239941050586,0.000160217330586916,0.215866625026446,0.746069992267338
0.13680628451226,3.99026137505397e-05,3.55244124303171e-09,3.69821868317156e-10,0.856502057202759,0.00665175174896682
0.00693631058070781,0.244548503124633,0.000549936790048579,0.000537749486190102,0.723640681098659,0.0237868189197615
0.00490106013762148,0.73388491871755,0.000740054683979777,4.33326614886157e-07,0.000808282372944252,0.259665250761289
0.00121692580404014,0.0011987792208,0.00015714951596793,2.30367589387703e-05,0.980762141411703,0.0166419672885495
6.13392001195571e-05,2.30574829667826e-05,0.0043859725214877,1.81430419221931e-07,0.00165743008438355,0.993872019280623
4.45538836473205e-10,5.79319657819475e-06,0.984652228270992,4.59322943568104e-05,9.52469441584508e-06,0.0152865210981182
0.083921632354734,0.914088281256713,1.88445489068426e-09,4.03453931193055e-09,0.00181478728888694,0.00017529318067148
1.12255897237367e-10,0.000535161090575025,0.481570256866452,0.517637506279951,0.00025149258311357,5.58306765267467e-06
0.00276481312958898,0.0109180429238764,1.44350319451161e-05,5.37145829441127e-05,0.942055231380528,0.0441937629511171
7.14461653024128e-05,0.000469677788289785,0.0116602456873239,0.000153100807277555,0.438410686117367,0.549234843434439
9.64885997734956e-11,8.59215531742631e-08,0.952944003804037,1.36594041898642e-06,1.03149343512643e-05,0.0470442293031513
7.27569243002937e-06,0.000517815534144289,0.00813914839188345,1.15432351864962e-08,1.0409452326259e-05,0.991325339385981
7.35457897254538e-10,0.00304760706955295,0.446447561445535,0.54891542779936,0.00154916639617044,4.02365539235768e-05
0.18714453197797,0.303650387817209,2.354229252472e-06,1.67471768679127e-05,0.14258189398342,0.366604084815281
2.87084619655232e-10,0.00270224813818277,4.55666508221753e-05,0.996733726962439,0.000518457439587336,5.21884371979123e-10
8.45841848384959e-08,0.0501438115416723,0.00283118798002686,0.935138180067407,0.0118829361851358,3.79964157324096e-06
4.62218137964523e-08,5.56267050246727e-06,0.820253148349435,5.48798259181612e-05,0.00700980834100342,0.172676554591327
0.000997599844756966,0.0932044171748383,0.00182981596322694,0,0.894653153498793,0.0093150135183853
6.86220811501415e-09,6.36161098196158e-06,0.840263445799018,2.74887648380773e-06,2.58491158125553e-05,0.159701587735495
2.11765329230765e-05,0.458678042983818,0.463155479951528,0.0127968635209329,0.0194285872867067,0.0459198497240914
8.31396026973806e-10,0.0103036859624843,0.331043173327505,0.658334267777035,0.000297095556830214,2.17765447498615e-05
0.325865563255163,0.668519063518827,5.62852381023557e-09,8.29141517117312e-08,0.000349845197968281,0.00526543948536692
0.945378793107661,0.00219654153528241,1.14771929929606e-08,0,0.0343890890304333,0.01803556484943
9.78532380382825e-06,0.233986134008695,1.38431650334816e-05,0.0069231655444763,0.759066655064203,4.16893787777809e-07
1.88749359974677e-10,0.00117061977479474,0.676243126356473,0.32123541080863,0.00119303426481232,0.000157808606540715
0.0011522327945357,0.85517698360937,0.00500872273962284,0.000512569112472104,0.0970303738442648,0.0411191178997339
0.101053111531442,0.159479966635138,2.26823369621894e-05,0.000325543801848405,0.585002977955625,0.154115717738985
1.42686458519985e-10,2.90393896384767e-05,0.849126939375061,0.150018989225405,0.000817613122167285,7.41874504201822e-06
2.81978789829281e-10,3.22119822717408e-05,0.986162467876817,0.000126677457830996,9.1190885429887e-06,0.0136695233125579
6.94754679782668e-05,0.0274369123561999,0.137917464263925,2.91054209403217e-05,0.00316248290468866,0.831384559586268
2.02533560977546e-11,0.000354354929945564,0.83970000620469,0.159861595926337,6.78414598794633e-05,1.62014588945286e-05
0.00170524458803688,0.989413205179636,0.000217013073633573,0.0005067318360885,0.00643660009827084,0.00172120522433464
0.747318344724033,0.0707312064193734,1.14239105280443e-07,6.89077573902271e-08,0.0359834333040861,0.145966832405645
0.999992180919006,6.26572120129397e-07,7.72594008897422e-19,0,4.68845606939264e-07,6.72366326654136e-06
6.73762164997496e-05,0.000429449613108093,0.0190240010713058,6.41124291226642e-08,0.00357942923297935,0.976899679753678
0.0308273813199548,0.907868625973505,2.37412054726996e-07,7.69707133973716e-05,0.0611952039958102,3.15805852777329e-05
0.153175566233119,0.0212272518034249,1.71507488780929e-05,1.29091496956012e-07,0.0494808508020163,0.776099051321065
7.28269122385259e-09,0.0151375388359617,0.00130315147097202,0.98071664370382,0.00284245628846828,2.02418087049689e-07
0.00381259622112231,0.111547263883508,0.00457837903851969,7.13854845948199e-05,0.187856741681251,0.692133633691004
2.14305616553232e-05,0.280767939174121,0.0266434775766223,0.163039793870237,0.526060785310941,0.00346657350642316
1.0404223352144e-11,0.000413742814489056,0.0299743877920267,0.969603845792544,8.0080672627162e-06,1.55232736766006e-08
2.1713848963728e-07,0.0139616758642255,0.77783788594329,0.197827767302615,0.00966866326943427,0.000703790481945483
6.69991582800654e-08,0.000560268672799045,0.910952959545458,0.000338981566047103,0.000363198223634293,0.087784524992903
0.000316702020585063,0.165997289662672,0.61859249225366,0.00116067056505621,0.0769113089876231,0.137021536510404
0.0972611484698783,0.000340307687835151,4.68634968724948e-11,0,0.901021980708333,0.00137656308709031
4.83108174103957e-07,0.0054836135969263,0.508247597785714,3.71876705391406e-05,6.73003796241132e-05,0.486163817459023
0.00328439284890081,0.0042623391832064,0.00055242587752839,1.19193775662938e-07,0.0777829802828805,0.914117742613708
7.00769770816894e-12,0.000848033424727887,0.276684779753275,0.722320878209339,0.000144793589530048,1.51501611982199e-06
0.000766138905000932,0.083214484779754,0.231453914803387,0.00145475097515679,0.502727655636873,0.180383054899828
2.11980552656953e-07,6.29545922608664e-06,0.713003929920529,6.62221612139143e-05,0.0521904951641714,0.234732845314306
2.65848499908729e-08,0.000729036333308271,0.00215050988805156,0.97352230828318,0.023597182558555,9.36352054865487e-07
8.10497558134051e-06,0.265742408658647,0.541047864789059,0.00675675239639645,0.0821749416912413,0.104269927489075
2.05979884730171e-07,0.00602947348048584,0.000129349364664495,0.597880328690969,0.39595981451028,8.27973716074508e-07
4.45026590357094e-05,0.999902771141253,1.99834070773861e-08,9.07199850447742e-07,2.19785801915079e-05,2.98204362619194e-05
0.00779778382562476,0.0283658635397863,2.01470766349785e-05,2.03022354310832e-05,0.10188415325942,0.861911750063103
1.80666074524119e-05,0.0193554243616757,0.216160427680959,0.000120585776457876,0.00268213136509999,0.761663364208355
2.20736005486377e-13,0.00026493460500397,0.000176184975431142,0.99955211303581,6.76729848562975e-06,8.50486686334516e-11
0.00157093474686945,0.103804465309315,0.0805688785067854,5.57258404606197e-05,0.138260476746687,0.675739518849882
9.2546580948136e-13,0.000208421595709427,3.10343821929903e-05,0.99975590385833,4.64014974676421e-06,1.30959002811548e-11
4.19142384447762e-13,0.000246386906939293,0.0517697908083855,0.947972511293666,1.12582389933937e-05,5.27515970837602e-08
2.2423254561096e-05,0.0836502720973395,0.145169141262424,0.243610975110896,0.450748116621809,0.0767990716529708
0.859320335313969,0.0659410056684015,5.56100756342791e-09,0,0.00823213915767167,0.06650651429895
2.48530350544402e-07,0.80075392791016,0.149255460023827,0.0483432552373194,0.000334348720836382,0.00131275957750637
2.31612707629438e-08,0.000220654269200777,0.920684006946945,0.000157636749295294,0.00117691840151851,0.07776076047177
0.000200401964012196,0.430831249010186,0.0170733502776258,4.14677317704921e-06,0.00712611856142817,0.544764733413571
0.9970400707171,0.000107505382192948,1.72463609401698e-14,7.35235921818314e-14,0.00275350677586648,9.89171247501082e-05
1.59859132556335e-11,3.87070091805837e-05,0.996722218293897,0.00300997638368905,1.09475072018272e-05,0.000218150790045681
0.000157365674346454,0.0118814143200046,0.00127028253918657,2.19406041670543e-07,0.000418077905387026,0.986272640155034
7.63941918421051e-07,0.00400793883387249,0.940232063686941,0.0387124192901693,0.00316248503455686,0.0138843292125421
0.465098663628499,0.00212679203049151,7.57544793128807e-07,4.5218614361134e-08,0.315762016782355,0.217011724795246
8.34562892462215e-08,0.000256562162145843,0.929259004128701,0.000348769428617416,0.0103024064619088,0.0598331743623373
0.772175103523191,0.0445141596371009,1.32369143758825e-09,1.21719721390666e-08,0.180910605834697,0.00240011750934813
2.25116123280831e-06,0.000218728258370813,0.0336490950133351,0.00304650203623937,0.961795008133562,0.00128841539725946
0.816024099455876,0.015653046485191,4.95271037378442e-09,0,0.16793522098514,0.00038762812108281
7.4566033154745e-08,0.00177201679164723,0.956100111677566,0.00266497207000988,0.00337463727301708,0.0360881876217271
1.70005242352584e-08,0.00346006076385469,0.964808051929313,0.0187156475230758,0.00631255658341871,0.00670366619981345
3.51107756551366e-08,0.968957770581624,0.000163543086990038,0.0308266133543742,4.53067947993486e-05,6.73107143673506e-06
0.00935639994390074,0.0534359600730158,0.000211246989193437,9.97621022864639e-07,0.0416785897930241,0.895316805579843
0.730701775031542,0.0134773027422064,4.56308805864398e-08,5.49364159615051e-10,0.00361384639778024,0.252207029648226
0.00389208804446862,0.095763382036301,0.000123395640013672,1.78569044607358e-05,0.0299856743649065,0.87021760300985
0.800154623876038,0.00210496348815829,6.91117945576036e-09,5.2965464100302e-09,0.152529488219322,0.0452109122087557
0.00347250920972357,0.152623748157658,3.38402336694525e-06,0.00714377616263886,0.836718002668765,3.85797778474206e-05
8.47684191141249e-08,0.00667683869753656,0.968058400868124,0.00361547368740807,0.0184617870227642,0.00318741495574847
0.000252940385562245,0.015821993490484,0.00363851003479898,9.08795726772993e-05,0.874315090360141,0.105880586156336
0.991596908766046,0.000591130806791167,2.89296775512231e-12,0,2.5778622018954e-05,0.00778618180225122
0.0240403805684972,0.0548342847914525,1.31308230560111e-07,1.8088960995795e-05,0.920700452474705,0.000406661896118506
6.10416710503859e-06,0.547388901456087,0.00206021603225171,0.231679351804212,0.21885301393645,1.24126038941927e-05
2.35743272114378e-14,8.37514681040064e-06,1.97443280871596e-07,0.999990205768327,1.22164151645654e-06,4.12860506677082e-14
1.39706832123255e-10,0.00356527751525637,0.000264225615329016,0.996111975326837,5.85181212678502e-05,3.28160265236807e-09
7.28631453494476e-09,3.52250865225476e-05,0.648579489526864,3.46728252868359e-06,2.81164179023434e-05,0.351353694399868
0.999989879043206,8.71791147411764e-06,1.18484134757335e-18,1.62502658224461e-18,8.84189349098427e-07,5.18855970370775e-07
0.000625641331257963,0.00583599578274303,4.90677018656236e-05,2.09327862162887e-07,0.00129784418379449,0.992191241672477
0.0239163677263957,0.00139055956794053,2.88667855438106e-06,4.75522383838716e-09,0.0165557325090831,0.958134448762802
0.425863968475967,0.00716329227171102,1.7489091421578e-07,6.3314940153908e-09,0.406120408882668,0.160852149147246
1.46187712420541e-06,0.0242372706672964,0.404962155836111,0.0014901472285282,0.00232975270199184,0.566979211688948
8.16554966755728e-08,0.00819374312451113,0.981559148223279,0.0051079889433798,0.000855358143165048,0.00428367991016795
1.80486461206943e-06,0.999119771261348,0.000316067225987011,0.000106149947767173,8.98346800316994e-06,0.000447223232283062
0.306384222316521,0.000733232599769433,5.36097966827218e-08,2.71512103398393e-09,0.0613870501627062,0.631495438596086
0.00419589460119609,0.952740298290719,4.03373576969926e-05,3.12887899484647e-06,0.00142307406510158,0.0415972668062911
7.79550057218043e-07,0.00522607339002837,0.944843670592645,0.00504721911408938,0.00193079523614826,0.0429514621170316
0.976821114813438,0.00197299902378405,6.04655549766765e-14,0,0.02118513778194,2.07483807771076e-05
1.0157484030603e-07,0.00757634044637141,0.974555686280669,0.00818616935454421,0.000677797461236953,0.00900390488233784
9.42208671265905e-05,0.0512063606864161,0.0791384620215314,0.00017122050884371,0.025557314091885,0.843832421824197
0.000116959460476689,0.00104615857468741,0.00015857488352446,3.21977980174856e-10,1.26474836743229e-05,0.998665659275659
1.46058246409254e-13,2.06726929185068e-05,0.000996730133142321,0.998981855321288,7.41685734326032e-07,1.66770781489577e-10
4.49315369626235e-05,0.00408319624167548,0.0481635022370269,3.3980124113628e-06,0.00141374829508263,0.946291223676841
4.9554292283583e-05,0.460187560113487,0.0180272335672862,0.198024188307599,0.318807219940273,0.00490424377907079
4.25032523270861e-06,0.137799089765237,0.14980256106669,0.473701547532605,0.235427448557107,0.00326510275312823
1.03729956134186e-09,0.0106853963591096,0.00025112102855662,0.988954002827188,0.000109460705139278,1.8042707040661e-08
6.51480216733815e-05,0.518748253178532,0.00634472633778284,1.37445912240947e-06,5.02934415479802e-05,0.474790204561341
3.37771797990553e-07,0.0002499959865724,0.0369711857349602,9.80724203362879e-08,5.30883689377661e-05,0.962725294065311
0.00304032551503661,0.00775436266237866,1.86876490052111e-07,2.02395761195038e-05,0.989043404195457,0.000141481174517971
5.27693650370261e-11,0.000355021937233334,0.989286708130715,0.0103123968187937,4.768922000503e-06,4.11041384885557e-05
2.66032666770704e-05,9.00336000098308e-05,0.00204983683605014,6.06225249626276e-06,0.755983056336803,0.241844407707964
8.23335321451340e-09,0.00883774991311864,0.000223101831497193,0.964183062738345,0.0267556506020728,4.26681613633395e-07
5.42036763753067e-11,0.00242174915381189,0.0711301784417997,0.926273930033368,0.00017379285023413,3.49466582915022e-07
0.000154049765065023,0.00175745497317503,0.00235540625674001,0.000253264937785821,0.976190320583536,0.0192895034836984
0.0280833485687292,0.00745638634707998,4.29457859025166e-06,8.84115885401348e-07,0.00577615494481906,0.958678931444896
0.984027725266148,0.00609704278467926,2.44121968409938e-12,5.99859172940475e-11,0.00962108878276587,0.000254143103980147
1.73603268925085e-10,0.000486727631352467,0.920903588028784,0.0785511031590385,3.91485511170044e-05,1.94324561051426e-05
1.51502658174381e-05,0.000409124104176717,0.00721952392535096,0,0.00373504841519761,0.988621153289457
2.2255665876633e-05,0.273075415830179,0.00255627905412961,0.107542530481582,0.615841457072722,0.000962061895510934
0.97704735831171,0.000228428992624117,2.24768771560749e-10,4.92578640607298e-12,0.0174951385134343,0.00522907395253725
3.26870946225917e-05,1.20985177305918e-05,0.00258408136807977,1.14489219961244e-08,0.00167624120860161,0.995694880362043
0.000281452899895446,0.00339034334206138,7.02674066692126e-09,1.30517938835751e-05,0.996311753564752,3.39137266652346e-06
9.02743984697589e-06,0.998520364191405,9.99641681378882e-07,0.000836890783224847,0.000608714661897628,2.40032819439841e-05
8.04800177073903e-10,0.000110729905516143,0.988920009257558,1.00077063046082e-05,8.87116163435824e-06,0.0109503811641871
0.422411401720307,0.249068774484584,7.73656638944951e-09,9.22900550401428e-06,0.323956512533916,0.00455407451912273
1.81278528975032e-12,5.26049234827673e-09,0.99699711745538,1.71074639256002e-07,5.60295200259559e-07,0.00300214591247496
2.08802601789826e-05,0.167624739915487,0.23560983633285,0.000311279577893978,0.0117717241276952,0.584661539785895
0.000638286505481103,0.000904983136094498,4.25774627205099e-05,9.30476535488537e-09,0.000338984951300977,0.998075158639638
1.73363349040021e-05,0.00268051398208562,0.001617399569734,3.52443028899407e-09,4.2674914738118e-06,0.995680479097372
0.00460477138953897,0.901908822420349,3.2674140156306e-06,0.0020944456728921,0.0903883151985591,0.00100037790464581
8.73101677275688e-12,0.000285240127624051,0.037229511901153,0.962384480318867,0.000100699368290113,6.82753345233197e-08
0.939390226732075,0.00705017637165497,2.29316494867839e-11,8.69934770706302e-08,0.0535226389111038,3.68709687571908e-05
1.44816512931839e-08,3.69346404426761e-06,0.777886423979915,1.86768015488065e-06,6.50249982579497e-05,0.222042975395977
0.999312166850021,1.55518785593416e-06,2.86895431275087e-14,0,0.000368777385081085,0.000317500577012799
1.46670767084449e-07,0.00312038812724604,0.959558191447168,0.00404417219473974,0.00464941766604207,0.0286276838940368
0.000167246537690581,0.909994089971244,0.0266201755431654,0.0274888516317342,0.0152702962769819,0.0204593400391835
0.021089151151958,0.849797776145711,4.06437343152811e-07,3.66921782259175e-07,0.128297030324227,0.000815269018978977
3.21620766267475e-05,0.000302482215113128,0.00192956742194806,5.92938958740685e-07,0.000728197079734091,0.997006998267619
6.90202578328356e-06,0.772215653918259,0.0641875189863987,0.00239636874093325,0.00044851372418841,0.160745042604437
0.464765628470498,0.00510915917087214,3.77498084263146e-08,0,0.00434428939208196,0.525780885216739
0.000964191166936621,0.00835217168352562,0.00129034279605006,0.000114367582936568,0.939189225312041,0.0500897014585099
0.0488221978671405,0.863373728670056,1.86506274186086e-06,8.12643686912485e-07,0.00267770093409102,0.0851236948222837
2.51165338249647e-07,0.0899544416517418,0.416792878606599,0.486697676467095,0.00584462839335443,0.000710123715871526
1.79929539605602e-07,6.66638279441837e-05,0.955185216821323,0.000844708734856241,0.00236391223633022,0.0415393184500071
2.97055717693233e-09,0.0010804672178684,3.39873666405482e-05,0.982961651285785,0.0159238752565606,1.59025876350568e-08
4.18505291518312e-13,5.81329443394959e-06,0.998074763271109,0.00190962422565025,1.05126597194813e-06,8.74794241614357e-06
8.94284764851297e-07,0.753166710355902,0.000274473693397606,0.244325859908972,0.00222975556873152,2.30618823169675e-06
1.25222554693769e-09,0.000342950393303152,0.995722023937603,0.00108291174419881,2.74617801543697e-05,0.0028246508925156
3.54770448214071e-10,9.94148327252527e-05,0.947713915281797,0.0517231913552008,0.000376593230308243,8.68849451982147e-05
6.97742879204642e-06,0.0269049370864933,0.00114316243911902,0.792739533951082,0.178701077868552,0.000504311225961225
1.65525986294164e-06,0.985857417836244,0.00363253184758588,0.00983474214364787,0.000349988960429721,0.000323663952229836
1.08224350197369e-13,5.65852895629301e-06,7.43368569660805e-09,0.999991225816257,3.10822098978012e-06,3.09675010220806e-15
1.84890194462941e-07,9.00032614727142e-05,0.399250146539533,7.43510282395194e-06,0.001177992661235,0.59947423754474
0.0119421053642089,0.974177365684335,6.63683559256701e-08,0,0.0138499408181527,3.05217649474613e-05
0.000293341164919869,3.78983228957404e-05,1.03718059663144e-05,2.60261611505045e-06,0.991703923785269,0.00795186230483373
4.47370407999733e-09,0.00490766813443835,2.91162717611517e-05,0.994254493024012,0.000808615045225183,1.03050859150206e-07
0.0315628166170428,0.0670027587705311,9.06515136367684e-06,1.73956942278178e-08,0.000328766620762607,0.901096575444606
2.82371109841522e-12,0.00071996515191534,0.00667911459219945,0.992573668383041,2.72334523464945e-05,1.84176737291005e-08
0.000225707611877889,0.000531567604004661,7.97925487196606e-09,2.45600542252822e-05,0.999217818468959,3.38281678192932e-07
1.75958531563739e-10,0.00040463873381658,0.998672454892539,0.000471497392882152,7.12654765210803e-06,0.000444282257151272
8.27765765274371e-08,0.00036881435395166,0.926261335231515,0.000124889626236387,0.000111456770473,0.073133421241247
0.00247452161158274,5.56161218308854e-05,4.52510626407287e-11,1.00110564548543e-06,0.997468690890883,1.7022480687725e-07
2.04633278709376e-06,0.000178803946255843,0.199996458373688,3.77824901303532e-05,0.00735546617188562,0.792429442685254
0.265057847205752,9.03990942806143e-05,1.88223118460975e-08,2.17939052687041e-10,0.0394236833030026,0.695428051356714
0.0292154333179661,0.000536760206270348,1.2237911361829e-05,3.05813711218707e-09,0.00528088998163784,0.964954675524627
4.43547725671267e-07,0.00179470221238804,0.312759537663021,0.675060901522883,0.00657190059646179,0.00381251445752058
2.60238514634665e-10,0.000123488133316458,0.915127337024095,0.0844844912316118,0.000237148343279829,2.75350074580429e-05
9.39958715307047e-05,0.0193412610181966,0.0778782354565282,0.000132472799567936,0.114668031875615,0.787886002978561
2.28441046599153e-15,7.84203953602953e-06,9.26370679642919e-06,0.999982762077928,1.32175452739441e-07,2.84761887965724e-13
9.17043861535079e-07,0.00405855015424829,0.632113286189617,0.00028886130848279,0.00567614197728945,0.3578622433265
4.49566499751479e-05,0.0051204576392224,0.237332503905449,6.00547325094295e-05,0.0557838050792856,0.701658221993559
7.30995221337987e-06,0.00236842945066843,0.0771287626820275,7.63893717729262e-06,0.000278156535855158,0.920209702442058
2.69695245727475e-11,0.000412157017726588,0.00471098062250978,0.994291540876339,0.000585303811149185,1.76453056763513e-08
4.90446508643201e-06,0.999985145549694,4.11846941365024e-08,7.12831550304173e-06,2.54509886778369e-06,2.35386155168539e-07
2.29218808079151e-10,0.000466490655094685,0.00833849695083914,0.990671034550183,0.000523763154991793,2.14459672355824e-07
3.38532543617017e-10,0.0369773594006336,0.0657928354979679,0.896515279943189,0.000696259702901425,1.8265116775367e-05
5.31366043699101e-11,0.00174444705049507,0.0090721885681944,0.988731396825694,0.000451782449264841,1.85053214565703e-07
6.48093607477406e-07,0.984898738445904,0.000305877715273859,0.0146114284154889,0.00018127309274553,2.03423698047571e-06
2.18771724512807e-05,0.000140737451406565,0.00173472589712462,4.02073354638287e-08,0.00576592212441489,0.992336697147267
6.16130127112634e-07,0.889179608327604,0.0434217150127868,0,0.0668773270203781,0.000520733509103535
3.28185813649723e-09,0.00013797488712667,0.871027756264909,0.12784768091626,0.000766262704818362,0.000220321945027221
0.0387520331718193,0.0180340216976242,3.1217983744309e-08,0.000217561273664551,0.942605031720942,0.000391320917966652
0.0250861828471115,0.0428120930186828,8.57599916065662e-05,4.31204614052082e-06,0.658181509135431,0.273830142961028
0.000638095737709489,0.997829545914784,5.40815407779237e-06,5.29127530887285e-05,0.00131909741945614,0.000154940020884178
3.87085962446269e-07,0.0274632033661511,0.94849054164091,0.00134658694134189,0.000268793878791884,0.0224304870868427
4.75352166017665e-05,0.990441462159575,0.00219229749398112,0.000658209037719824,0.00148157400649975,0.00517892208562216
0.0303192953113793,4.06197895266357e-06,7.96089828966104e-11,1.70620980108548e-10,0.969349994812432,0.000326647647006454
5.44666107003058e-09,7.19111082117123e-07,0.405060654327343,4.53937917168935e-08,2.7743077514829e-05,0.594910832643607
1.28129281778039e-08,0.161322129896855,0.00251984076555069,0.835136085289273,0.00101689827926583,5.03295612723894e-06
0.00313078374560718,0.00730066872239445,3.7920494270111e-05,0.00238582721030132,0.986969923107775,0.00017487671965187
5.73060987650654e-05,0.827944866415671,0.0109687664981683,0.0247702672232212,0.135739927079506,0.000518866684667836
2.72748607716401e-10,7.88616744410424e-06,0.993936662410245,0.00507977043216397,0.000788021129635762,0.000187659587762859
0.960090190340531,0.000549851234573529,8.19425555856951e-12,1.18417934013802e-14,7.45941796633886e-05,0.0392853642370262
1.13004920363335e-05,0.990589965773723,0.000144057862402503,0.00261917840231873,0.00653885106929973,9.6646400220053e-05
0.000591112492617493,0.963669332898219,1.27965153087799e-05,0.000212094221869205,0.0350727493685783,0.000441914503407248
0.00430829555555061,0.000226170429082588,1.30763631241068e-09,1.18511204378043e-06,0.995450286890315,1.40607053721287e-05
4.05661160993678e-09,0.0129489747214275,0.976517669809826,0.000311157911958678,1.39036552331176e-05,0.0102082898449434
3.8677885262648e-09,0.00535232142890965,0.911504883884694,0.0807227468824582,0.00173887623955945,0.00068116769659012
8.06273984254036e-09,0.000813751956310194,0.913440323391686,8.50341989788967e-06,4.86453037547164e-05,0.0856887678656119
