0.0092009194974026,0.0298639940773518,0.960621107460309,0.000312781404394127,1.19756054272477e-06
0.000452068920075136,0.106882493214652,0.32115273490375,0.571503904392395,8.79856912746422e-06
0.000301252096183817,0.999695312640634,1.54463449139013e-06,1.89062868977739e-06,7.71932824081006e-16
0.0411526304488931,0.00969078768363614,0.708642523830928,0.239182503032678,0.00133155500386472
5.35438096371192e-06,9.63771043427238e-07,0.965161751304745,1.86718263400522e-06,0.0348300633606136
0.0236823218821334,0.974791014407439,4.91817795255917e-05,0.00147748192929111,1.61047584973319e-12
0.118262234048819,0.864215185120554,0.00747112267557582,0.0100498678218511,1.59033319964858e-06
4.64035951983339e-08,0.999861006237316,2.4582738639622e-07,0.00013870153170189,1.20762725659396e-81
4.11841264784424e-08,1.69909920330132e-07,0.989598890710846,1.70134385073525e-06,0.0103991968512562
9.98986334773767e-06,0.000163016751223608,0.99903675591695,0.000179959720695917,0.000610277747782774
2.29049942250032e-05,0.451209419988156,0.532765327862478,0.016002347155142,3.93285013170598e-68
0.00341108538231548,0.0394669252616328,0.956867386591015,8.13458764844885e-17,0.00025460276503663
4.70856126770675e-05,0.108049972265495,0.708346079314433,0.183556748018671,1.14788723766268e-07
0.981088247301056,0.000334494957554238,0.00398902603995941,1.98866249003081e-13,0.0145882317012314
0.00830007955265608,0.885724839568678,0.00101224912436629,0.104962199537258,6.32217041220268e-07
5.89842489948304e-08,0.000451509361148645,0.986311215112263,0.0074658235658657,0.00577139297647351
0.994223052324396,3.15851042573632e-07,1.20591348657959e-07,3.65045616028553e-19,0.00577651123321229
0.55809762564691,1.81463836837429e-07,5.68068659482701e-05,3.29965978851184e-16,0.441845386023304
0.0391012223587776,0.183135939149354,0.503086819261311,0.27462703445354,4.89847770171944e-05
0.973160051919967,0.00180166365616573,0.00370270472554632,0.0196338661110389,0.00170171358728227
0.000681313450405326,1.19321434273587e-05,0.990359333119182,2.4655141427017e-18,0.00894742128698563
0.000823470262218636,0.771900484084129,0.00137817589348617,0.225897869760166,3.40275680536551e-74
1.57130660415077e-06,0.0171678082891015,0.982830620404294,1.01748194540748e-16,4.36832825002397e-69
0.619258886000815,0.00167369072149817,0.348944717969324,0.00163968042087097,0.028483024887492
0.000597732954528338,0.0533124985246838,2.23336366442838e-05,0.946067434867723,1.6421010192743e-11
0.483463542538697,0.00333997454750084,0.0109743324445204,0.491658369677806,0.0105637807914758
0.0124184581568426,0.983900770556081,0.000420583621961838,0.00326018754653496,1.18579193139923e-10
0.959802511359474,0.039990732766301,0.000206349919904278,5.04953068676985e-17,4.05954320589581e-07
3.71783135632925e-06,0.852497496252862,0.107062052140304,0.0404367323425574,1.43292006979325e-09
0.848861503463467,7.2879623854267e-10,4.61245548822984e-09,5.71734626316615e-19,0.151138491195281
0.354716506880545,0.0123958181392318,0.156486058327763,1.172944970954e-13,0.476401616652343
0.00140960647194308,1.45047422903168e-06,0.170665886830575,2.0718142290846e-05,0.827902338080962
7.36824050111895e-06,0.912977013987014,0.0541167725285212,0.0328988221201154,2.31238486760957e-08
1.43661320763324e-06,4.57515092404263e-07,0.995163517973962,3.82163459972087e-06,0.00483076626313829
0.00146834785037232,0.114962074865508,0.0100163800745346,0.873552857570504,3.396390808118e-07
4.24863506299787e-07,0.930310571820609,0.0626863484758125,0.00700265438358629,4.56486467804411e-10
0.999171831080221,6.88922175837077e-09,3.10688647450037e-10,7.0652298080509e-19,0.000828161719868426
0.000800763167778455,0.100821207402523,0.0190873950451198,0.879290632899741,1.48483808778103e-09
0.000985831912472844,0.110135157437707,0.871995111335836,0.0168676216423599,1.62776716251964e-05
0.999851288127321,1.25408648309865e-06,4.77241907359529e-07,4.54024026456417e-16,0.000146980544287971
2.90818911883149e-06,0.999601369935263,0.0001520669061618,0.000243654968461346,9.95382124485522e-13
0.00302236406635187,0.00209127677450571,1.44126609413e-05,0.994871934656791,1.18414104018285e-08
1.13497482980289e-06,0.956807268258575,0.0431730121302875,1.85846363082526e-05,7.65581374726264e-72
0.814249954364368,0.000109513563589507,0.00387382813940006,0.151770830816474,0.0299958731161685
0.00387752603972539,0.0258003316534756,0.0117917135422445,0.958528846663376,1.58210117849075e-06
2.99059693276209e-07,6.86907984765597e-06,0.999176291083952,2.65065187155767e-06,0.00081389012463586
6.690015760718e-07,0.0068890133564881,0.993105940578479,4.37512492894564e-06,1.93852807466738e-09
6.83129551759559e-08,2.1337140325948e-07,0.984295992678245,1.67223864248307e-19,0.0157037256373968
2.1870803761113e-06,0.000216896604879134,0.999741358794323,3.35760825114509e-05,5.98143791036714e-06
0.330245751678941,0.361959761480317,0.305658867767387,0.00107151865628492,0.00106410041706968
0.00217307497415505,0.898389468086471,0.0552503689823164,0.0441868101530074,2.77804049713835e-07
0.000768686518785882,0.336941584552058,0.000852804215081824,0.66143691376778,1.09462938555625e-08
0.998125055939382,0.00180373977591354,1.1872630257889e-06,5.91214987600547e-05,1.08955229183872e-05
2.13904514172561e-06,0.00885118865885708,0.0870083435801729,0.904138323882244,4.83358440736379e-09
0.0052817653719975,0.044312360784888,2.4672826912384e-05,0.950381201016202,1.5248707486166e-70
4.02714604841262e-05,0.220058380203995,0.747752228099484,0.0321490039480584,1.1628797852981e-07
0.329668991715195,0.0322434778259593,5.38139327979717e-06,0.638082148560958,5.04608794455336e-10
0.999541061141392,4.9141818320245e-05,5.00167945642005e-05,0.000354061231655153,5.71901406802972e-06
1.9996131523661e-05,2.6981015492872e-07,0.00960023238444793,2.12804779213334e-07,0.990379288869094
2.93740870476078e-05,3.97478703355315e-06,0.759394796635405,5.14530773964692e-06,0.240566709182775
0.0336079509504666,0.000872207876313636,0.949341132883573,0.00663899652480098,0.00953971176484581
7.69690470536993e-07,8.30274147051883e-07,0.998073080043326,2.83204358453765e-06,0.0019224879484724
0.132744054267541,0.8437484983129,2.30943918301054e-07,0.0235072164756371,3.49763885086014e-15
0.00149613175961061,9.02515692434354e-07,0.0342556056819356,2.28216401208702e-05,0.964224538402641
0.000775136955386801,0.129037502423414,6.31572985162887e-06,0.87018104489113,2.17307131630661e-13
0.0191529407001037,0.00196030615028088,0.970192286173817,0.00318780125349467,0.00550666572230419
2.9010917960169e-08,0.000772871059367608,0.999009204945024,0.000217855422235864,3.95624545978464e-08
2.34111420502149e-06,0.105686497752439,0.859218431585361,0.0350924849658028,2.4458219128385e-07
0.000368398947375111,0.0164116091798407,0.977057306994825,0.00554093094719003,0.000621753930769292
2.22123204587798e-05,0.00689835339813576,0.724172749874542,0.268527458212978,0.0003792261938854
0.00774790885779752,0.0106778446305774,0.384800088967885,0.595851998607921,0.000922158935818619
0.0215041281325387,0.85640774320523,0.0968058853174413,0.0252778093446372,4.43400015254715e-06
0.0175258718844451,0.571505563557322,0.00127273034465436,0.409695528712936,3.05500642424355e-07
2.28503081817683e-06,0.00775794389461627,0.988987021802178,0.00321395399546203,3.87952769254275e-05
0.999881609917592,5.95993936591103e-06,5.22851045967162e-07,0.000104266381302216,7.64091069413428e-06
6.32144875244965e-05,0.995777808058459,1.12241770524562e-05,0.00414775327694225,2.148642724279e-14
0.000267052927315177,0.00588377913706888,0.993849167935616,1.64269521531883e-17,3.7705017609622e-65
0.000194610952145471,0.982302796861136,0.0048066650320498,0.0126959189632723,8.1913964192441e-09
0.000241557990890626,0.886555359490549,0.0119132876323728,0.101289793230893,1.65529423729532e-09
1.30858058456986e-07,0.595858493526825,0.351672285759271,0.0524690895246709,3.31174494205084e-10
0.000413063041181292,0.00244553393172484,0.996380785339743,0.00025014686226832,0.000510470825082434
0.00031679880860908,0.00134530135542346,4.5532424654051e-09,0.998337895280743,1.98246032506176e-12
0.990822643801849,0.000281637063393147,0.000348369943614582,8.30927475436924e-15,0.00854734919113485
0.000605526526057239,0.000201197678531658,4.85714344856379e-07,0.999192789787487,2.93579227270355e-10
0.0181940371703408,0.782357836188621,0.160076188545252,0.0393702093344716,1.72876131453757e-06
0.645126338473053,0.334337812229926,0.00892444460062163,0.011602795896024,8.60880037550617e-06
3.50826280437956e-05,0.000260832810405096,0.993771205356855,0.00120024864611796,0.00473263055857771
1.15765502804439e-07,2.38223494632175e-06,0.999461654050732,5.15551085781828e-07,0.000535332397733233
0.000133528586135638,0.000177311339698679,0.901443784810068,0.000129670239264614,0.0981157050248335
0.99941156777832,0.000234809417390167,7.35989101660438e-05,2.37079998162281e-17,0.000280023894123556
0.00363026736542426,9.2711477819088e-07,0.00872518179721721,4.21545989400982e-17,0.98764362372258
3.24034050929978e-06,0.99192448181018,0.00745346819565945,0.000618809606515282,4.71363832011276e-11
0.00236057417589272,0.985619477955569,0.00860245096838763,0.00341749481373962,2.08641084427529e-09
4.31358098763358e-06,0.869141947189763,0.00727182719896383,0.123581910188897,1.84138851898691e-09
0.00100159984097422,0.979098399130062,0.0192711747801208,0.000628116573872736,7.09674970030948e-07
2.11833871907656e-07,0.0384815609815764,0.96151819232641,4.23241867815414e-18,3.48581414508575e-08
0.000227256815224778,0.192599003490081,0.0186617693376551,0.7885119364288,3.39282399207781e-08
0.0654135905915348,0.000423106859324547,0.000250534882182672,0.933653563531001,0.000259204135956771
0.00242089942324791,0.964830850508946,2.96913231454105e-05,0.0327185587439093,7.5192475847441e-13
0.828563686533156,9.63432787041315e-05,2.78984469512048e-05,0.17103554868683,0.000276523054358153
0.661125657505659,2.31882382218012e-10,3.49271244984116e-08,7.95305654949664e-20,0.338874307335334
0.00018683416570946,5.53337494359885e-08,0.00880032472637631,5.65320272323285e-07,0.991012220453892
0.712334340267051,6.66210922205293e-05,0.00131234341527541,0.260775742254279,0.0255109529711742
0.998948368361608,2.71858813295795e-08,4.34119455632849e-08,1.93328738942189e-18,0.00105156104056526
0.00757568480772051,0.00134428095708523,0.00335276430893943,0.987706028467829,2.12414584258405e-05
0.141436456187386,0.840467517321122,0.0180959749253798,1.90452805135456e-13,5.15659217720093e-08
0.965100337376627,0.000668791436480324,0.0095103727875152,2.99091705669691e-16,0.0247204983993774
0.00641546874028608,0.00356699292350183,0.000427428029020477,0.989588720135698,1.3901714934145e-06
0.000186175008924996,0.206630734096488,0.00562987814145213,0.787553212753135,3.30741211088369e-71
0.0046701381438111,0.876732746051023,0.00142559868890511,0.117171517100894,1.53661365288331e-11
9.92458967027801e-05,0.0153477650877295,0.00113081948206604,0.983422150978638,1.85548638523013e-08
9.09800354773463e-07,9.03598080531128e-05,0.998327305147779,0.000616050425394007,0.000965374818418973
2.38478225031633e-06,0.992949313986486,0.00550780862161109,0.00154049260950383,1.49146017036666e-13
0.000559277646237628,0.0400368306690869,0.958611602073365,0.000788501474577475,3.78813673278921e-06
2.79723594736402e-05,7.12610612586531e-05,0.999801771499524,1.57572736500373e-05,8.32378060941552e-05
0.981468119323436,7.08802134282936e-07,9.18851855193592e-06,1.15462237641403e-17,0.018521983355878
0.0341787152091944,0.069034476807395,5.99506069584862e-05,0.896726846142707,1.12337446656785e-08
0.00599705111797356,0.456285651829448,0.000886257372022055,0.536831037274687,2.40586949002841e-09
0.798813229571011,0.00148326540416074,0.114514531682435,0.00190358816779172,0.0832853851746012
0.148722707179255,0.000831321830820134,0.111093574710359,8.70028269064386e-16,0.739352396279565
4.56103495196348e-05,0.00140253516818227,0.996484888484303,2.05185859420387e-05,0.00204644741205318
0.996570942567056,0.0014987426028516,1.74771780320193e-05,0.00191256664395891,2.71008101888635e-07
5.64118210244825e-05,3.39238505109953e-05,0.988301880546405,1.09005208934682e-16,0.0116077837820595
0.00101142651427986,0.798551656628468,0.200348076972522,8.88141152288251e-05,2.57695007902174e-08
0.000950727549080768,0.000160031613030006,0.983015174046909,1.30856014674908e-17,0.0158740667909805
8.09660957613214e-05,0.527416456782834,0.000463677713069258,0.472038899408288,4.75750203297337e-14
0.998692985001274,0.00127399684883938,3.16330937807866e-05,6.14232506365445e-15,1.38505609960285e-06
1.10763627111192e-05,0.652549974944648,0.268326973126126,0.0791119755665153,3.20324571629706e-69
0.105971233278077,0.00890419788507289,1.18924754957768e-05,0.885112343464119,3.32897234998574e-07
0.00125362783563483,0.358699656184436,4.28633066600753e-06,0.640042429532257,1.17006404458142e-10
0.0142278591085725,0.000466854544939843,0.820597027825977,0.0019727932699063,0.162735465250604
0.976726268877803,0.0147837825003031,0.00187099052120693,0.00659898358312977,1.99745175569072e-05
0.408255653315548,2.30534240387814e-08,1.26012532662685e-06,1.03275053338669e-18,0.591743063505701
0.973603971164858,0.0255975498359232,0.000797597883637783,6.89979135505388e-17,8.81115581110389e-07
4.29151364484385e-05,0.00621227514292405,0.0123929722656353,0.981351340146447,4.97308545407826e-07
0.009670829039902,2.19188005013904e-07,0.00520062001349545,3.56568949070578e-18,0.985128331758597
2.38682345864234e-05,0.000836378929816921,0.000223879392605109,0.998915843479605,2.99633862141227e-08
0.0624803830911665,0.0156392397583516,0.63334119874899,0.281605357401749,0.00693382099974327
0.865217723502585,0.000571394120373324,0.0022065798347227,0.110650194976731,0.0213541075655872
5.87243906879468e-05,0.0201922818442529,0.171717894642117,0.808030661376077,4.37746864611252e-07
8.52745164457804e-05,0.996555729656029,0.0012527943904234,0.00210620104431536,3.92786767195317e-10
0.0450437390863911,0.0342121307114983,0.907939994675761,0.012793953818877,1.01817074723885e-05
0.00126695474234931,0.015382708233917,0.0190664112729767,0.964283644121573,2.81629184203553e-07
0.000345682037416255,0.00219390076388351,0.387720210206724,0.600758186906789,0.00898202008518671
1.06584391068995e-05,1.45162606022909e-07,0.0312456662879388,3.10417245680078e-19,0.968743530110348
0.00233598109631974,0.967758869694796,3.85533839354627e-05,0.0298665954911389,3.33810151097414e-10
0.000313867142056751,3.15702341510739e-09,0.000258820374659543,1.92640782423227e-18,0.99942730932626
0.119635787388158,0.00449941648011987,0.344910507376113,0.426075557773684,0.104878730981926
2.38561558206863e-06,1.92503448905471e-05,0.997617094927007,0.000557735115504997,0.0018035339970149
1.7290571322906e-08,2.87307668751128e-08,0.77008637359464,4.69375212934679e-08,0.229913533446501
5.03819959337269e-06,0.000100065541971567,0.995948003771401,5.30651613854004e-06,0.0039415859708958
0.246057735935159,3.46872639480084e-07,0.000384628478123932,0.000124166813550544,0.753433121900527
0.394699990422268,0.00111262462082987,0.00319631263936442,0.597843939063742,0.00314713325379546
0.98610622471676,5.16488390021929e-07,0.000163638865807348,1.90459394900434e-16,0.0137296199290424
0.924794981603338,2.12331460502969e-05,3.7352443575213e-07,0.0751830587165992,3.53009577134868e-07
3.94801502581387e-06,8.6470882984109e-06,0.999728897744839,0.000258507151837001,5.31074347590843e-64
0.671004658801403,0.00259375510733866,0.000682074150384804,0.319796584637054,0.00592292730381975
0.0013755537579407,0.00040219001536656,0.996587727020122,3.18568645426879e-17,0.00163452920657066
0.674937979549618,0.000242492385218405,0.0425449189085858,4.04172846079126e-16,0.282274609156578
0.000413384392970947,3.23436086442101e-06,0.0116738770570581,1.7712116742069e-18,0.987909504189107
0.00231342598675172,0.869414627988716,0.128271660559019,1.49142960280121e-14,2.85465497708797e-07
0.0011533461135368,0.00107903601972124,0.00175975084812987,0.995943397654869,6.44693637435396e-05
0.999636627287763,1.06085190373155e-06,2.19021910565068e-07,0.000128398569840002,0.000233694268582197
0.0174467209631578,5.09702642097096e-08,8.56260563382825e-05,7.80925718728171e-19,0.98246760201024
0.993702614920678,0.00352195450545848,0.00112570863285569,0.00164737997435138,2.34196665669748e-06
0.0762593912200398,0.00788089398291873,0.00081493366830031,0.91504054862731,4.23250143133494e-06
0.0147663751466872,3.43950685202913e-10,6.11123191030665e-06,5.96970063362036e-19,0.985227513277452
2.59550629149793e-07,3.87123216454547e-07,0.765442867917156,1.14779794357154e-19,0.234556485408998
2.85835625424699e-05,0.0327407045245544,0.965932485522177,0.00129808869207594,1.37698650548544e-07
0.000257720083183964,2.44599507075261e-08,0.000857025406224839,1.66877108064733e-18,0.99888523005064
0.458703073199685,0.446144115772491,0.0877838091597482,0.00675246494069676,0.000616536927379207
5.72384162027811e-06,0.999234241684191,0.000456163312396315,0.000303871161792981,2.00084143208363e-76
1.15590938934352e-08,0.998081902528617,0.000181616000566829,0.00173646991172202,9.04961505750614e-18
1.16096777993458e-05,0.00712668011761191,0.945825203215584,0.0470350895775756,1.41741142875415e-06
0.138817897041308,0.00137111358711273,2.45991192428577e-05,0.859785323917746,1.06633458994402e-06
0.000935239305961143,0.996260177145493,0.00128216232411221,0.0015224211992247,2.52086424397605e-11
0.75384175231701,0.0135052930082871,1.32051970059896e-05,0.232639692673921,5.68037756305123e-08
0.000158460076643536,0.0144914267775617,0.00733113289029387,0.97801856639369,4.13861811220382e-07
0.999987751786736,1.50823767895366e-06,1.94760905735475e-08,1.36582627254641e-16,1.0720499494562e-05
4.74689320725828e-05,3.32858302784599e-09,0.000161094102987193,9.89610735539538e-20,0.999791433636357
0.626824737195584,5.17168472788649e-05,0.00500325700008481,2.2802766142924e-17,0.368120288957052
0.00336399352271641,0.00234217786006831,0.964267543662095,0.00490362703730304,0.0251226579178174
0.0357235832428787,0.658042188148342,0.13770880606176,0.168499293598635,2.6128948384222e-05
0.000252070966157464,0.881973853566792,0.00138202785328452,0.116392047267236,3.46530257127542e-10
0.00291727007609044,0.0168725372631938,0.11180590543097,0.868399178343449,5.10888629686122e-06
6.24258758262195e-05,0.000719044590229399,0.999152343101553,1.2638683456717e-15,6.61864323903889e-05
0.0459289871692122,1.85618883311299e-06,5.76283876294396e-05,3.98232160458671e-16,0.954011528254325
0.15327751474697,0.000488576786446512,4.13416158555022e-05,0.846190865511109,1.70133961868665e-06
0.0228467284677796,6.27045023325399e-05,0.143448934520726,0.716174688196628,0.117466944312533
0.0150358630188853,0.000405935856783792,0.0895335650667646,0.0288378374011494,0.866186798656417
0.352842157785022,0.0888314552858952,0.520333360851462,0.0307222653743144,0.00727076070330664
0.773935389391049,0.000791213272432021,7.40024059394031e-06,0.225254863437743,1.11336581814392e-05
1.08435603018955e-05,0.999807972943014,3.50746904493756e-06,0.000177676027586301,5.30830677315032e-14
0.0550308522699435,0.920103900860167,0.0245800287935225,0.000256590625325126,2.86274510418518e-05
4.21445933305068e-05,0.00063634210600338,0.997504762368948,0.000932905525315855,0.000883845406402737
0.000803615344322686,6.0542121995234e-09,3.1239828812333e-05,3.78720046034919e-19,0.999165138772653
0.0105811169338019,0.0339693739308263,0.775554003946721,0.178679719066728,0.00121578612192299
0.983473541444313,2.91143548109787e-09,1.9885670415939e-07,9.89843415132813e-06,0.0165163583533959
0.000187947344615182,2.90133153991796e-08,0.000654458817094679,2.16618326212847e-18,0.999157564824975
0.774140346040473,0.00169945544820325,0.00839867895952939,0.0928601918509262,0.122901327700868
0.00122906563867101,0.995836193134128,0.000139979076724209,0.00279475471482709,7.4356492191582e-09
0.484231040450949,0.0898698873609053,0.42561143390169,2.68399297301271e-16,0.00028763828645559
1.37403062115574e-05,7.72916686216422e-05,0.999297554353416,0.000110270148406754,0.000501143523344343
0.00025905732755915,0.708239512334484,0.0560671163352163,0.235434296296843,1.77058981104417e-08
0.00117195350305343,0.000516222846446093,5.88230128805621e-07,0.998311235416619,3.75290470796514e-12
6.52297728990862e-05,1.17574150954907e-06,0.124098688094913,1.29082998284198e-06,0.875833615560696
6.33472980817525e-06,0.355202228495164,0.644662648014632,0.000128788719791633,4.06037273404433e-11
0.76065837012573,0.105085693859822,0.130586542058028,7.18739391102396e-14,0.00366939395634864
3.32676158361693e-05,0.638334630384097,0.0111061243594504,0.350525977640617,1.60647816607959e-71
7.49323935705158e-05,5.5267888553452e-05,0.938877987117563,4.44389209084717e-17,0.0609918126003132
0.00156904807536378,0.174757123942463,0.00152969682118406,0.822144096468731,3.46922590162302e-08
0.998951673804586,0.000482446259592552,0.000240130003386163,1.68923643722278e-14,0.000325749932418525
0.00019534950124266,0.999425167861774,9.19290854195801e-05,0.000287552938143625,6.13419934655538e-10
0.0241479597290674,0.000802529124403475,0.882364958197153,0.0701225771170808,0.0225619758322952
0.22918736449958,5.37811462795742e-05,0.101394111429469,6.18763861263757e-16,0.669364742924671
0.951786588616998,0.0363763792588606,0.00707498264399519,0.00475940297323473,2.64650691124901e-06
0.057217087831987,0.101480706604713,0.00773950838117795,0.833536387843049,2.63093390735666e-05
4.51071432075101e-06,0.840918664940305,0.0523920672564472,0.106684756939863,1.49063786443039e-10
0.00120779713281676,0.890750177599021,0.00410231444488195,0.10393971073696,8.63203480615403e-11
0.000115512439666311,0.943246381363268,0.0499992888558799,0.00663881616502433,1.17616189984273e-09
0.724007497995896,7.5962303171207e-05,7.1033449768092e-06,0.275907412386937,2.02396901886051e-06
0.0461295351638685,0.00250642079176846,0.238609577773474,0.705310094266688,0.00744437200420073
0.00746046244602481,0.00366845379782101,0.000624736886179399,0.988233083881142,1.32629888328709e-05
3.68065900753183e-07,0.999097073977608,0.00090255795649076,1.67247485676769e-17,1.86795195725265e-75
0.998533133068779,0.00085950878374305,6.46120350813616e-06,0.000561032724114534,3.98642198545765e-05
0.996497796756351,4.67172342705911e-07,2.52623612278947e-07,0.00342739182278887,7.40916249051237e-05
0.986684727087226,3.21416667834219e-07,2.47027510051834e-06,4.66512987594037e-17,0.0133124812210059
0.999636937736609,0.000247713165398243,5.93314291342648e-05,4.39816625408693e-05,1.20360063176477e-05
1.60867146200483e-06,2.69785886434809e-05,0.999199278824031,5.05780173026047e-05,0.000721555898560826
3.38843172722951e-08,0.981745636711608,0.0176457151436107,0.000608614260463719,3.24540600370527e-74
4.39665699834383e-07,0.998169061209952,9.15105830934656e-07,0.00182958401851732,1.46804884961692e-77
6.15507968851691e-07,0.0504092355207206,0.920493719774352,0.029088809497507,7.61969945143277e-06
4.51689155833534e-05,0.00145332868131893,0.0484598786209587,0.950011508391689,3.01153904500257e-05
1.26175267911074e-05,0.00226795497987603,0.996867656721479,0.00085059992056458,1.17085128899727e-06
3.40507925724422e-06,0.0078915271976647,0.992099675404579,5.39231849938762e-06,2.03324125513609e-68
0.801041962980451,0.191330129068423,0.00752984132299836,1.04939870131789e-14,9.80666281176244e-05
0.000108845893612521,0.01727033628885,0.000651280824574385,0.98196941383949,1.23153473141152e-07
0.000416669330171675,0.997208343383516,0.00232650617169124,4.84810883002699e-05,2.63211793878466e-11
1.18332446432786e-05,9.19950437083311e-05,0.978160328117599,7.15336586428693e-17,0.0217358435940489
0.00284230167747898,0.214414777773532,3.52170549855111e-06,0.782739398768492,7.49983910999802e-11
8.97849375613487e-06,0.000799096036698802,0.999191925469545,1.88514478305813e-18,2.19705600893732e-67
8.82063355220928e-05,0.000453256986952727,0.00330996892960387,0.996148445609717,1.22138203920628e-07
1.27655178481642e-07,0.00143137165076034,0.998565324426914,3.07364141161519e-06,1.0262573575751e-07
0.0214550716756187,1.38515879623976e-06,0.000552212615192097,6.90565215906202e-19,0.977991330550393
5.18855802643465e-07,0.000757577442576807,0.999222339259339,1.94476649750797e-05,1.16777306517977e-07
0.592310410929875,0.0224094553295999,0.0356038466385462,0.349483879958826,0.000192407143153288
0.00688259604731065,0.00103795785664367,4.35971789369218e-05,0.992035520867593,3.28049515613045e-07
0.021990852968255,2.57270486116469e-07,4.94956962146e-05,1.29773618169871e-05,0.977946416703227
5.17090022971586e-07,0.0148521978913681,0.985142097044178,5.1879744307893e-06,8.56138289441759e-69
7.23079802994196e-08,5.09772332457478e-06,0.999991667526518,1.31677681444435e-06,1.8456653630716e-06
0.374761911456933,0.496879193580248,0.0762141272844562,0.0512835817584563,0.000861185919906548
0.00325911841553925,1.29379029971218e-07,0.00225290285501998,1.21558270353578e-18,0.994487849350411
8.0805012353308e-07,1.32703262453065e-08,0.0278720274726082,8.71454749983291e-08,0.972127064061467
0.0203892726049485,0.177749492674941,0.0888026760116295,0.712993076822526,6.54818859549743e-05
0.0159709992593843,4.57563152469871e-07,0.000936799540477167,1.67782507727313e-05,0.983074965386213
1.56702124289845e-05,0.000866086763968676,0.000868179601965547,0.998250060672471,2.74916596306774e-09
6.09017767772108e-07,0.0196311660619099,0.980365759109841,2.23193026818178e-06,2.33880213253276e-07
5.25182295935091e-06,0.0124790199025128,2.700239727105e-07,0.987515458250555,1.25666815463156e-16
3.96409994756907e-06,1.28947272873685e-07,0.00223239960458642,1.20579052268954e-18,0.997763507348193
0.0174574607959591,0.0137367769151064,0.947548574471682,2.29927221980513e-15,0.0212571878172502
0.50101640425294,0.470138506885722,0.0288440939847144,6.62470345002668e-17,9.94876623631029e-07
0.000111935290576685,0.0856269262971279,0.628412704506649,0.285848068862962,3.65042684985455e-07
2.20922421537957e-08,1.10136957198907e-05,0.999692984670513,0.000105043449315044,0.000190936092210089
0.145443238906742,1.72446511779296e-05,7.20529610160675e-07,0.854536430681968,2.36523050167986e-06
0.915051919218007,0.000746933902062913,0.000225129861082353,0.08392791712338,4.80998954676006e-05
2.30099613149113e-08,9.36437995659345e-08,0.967825903592542,2.03108542683559e-07,0.0321737766451542
0.136247381955877,0.713473921565688,0.0006324270771153,0.149646203554952,6.58463679868015e-08
0.000211038121078303,3.78891864647099e-05,0.980207377095274,1.0915946890563e-15,0.0195436955971825
0.285155357209167,0.00140420859095892,0.465030480289561,0.0823459547742229,0.16606399913609
0.000497064693400441,0.0116586294854903,0.987723466522247,7.30230325720447e-05,4.78162662900417e-05
1.7783239155483e-05,0.0132871499971205,0.986694481334554,1.32621156706542e-17,5.85429170653922e-07
0.0192355886320901,0.00390828342951267,1.57554416490612e-06,0.976854536907713,1.54865188888532e-08
0.000108857742494403,1.02332581337693e-09,1.3200230857287e-05,2.22424315542339e-19,0.999877941003323
0.00137440546285747,0.0256519360593473,0.00260592859766503,0.970365799246537,1.93063359301077e-06
0.00267330222279363,0.000421291551098454,0.318191938562551,3.29294772066534e-17,0.678713467663557
1.17125581443005e-07,0.997878415502687,1.79056827895612e-05,0.00210356168894197,4.85158469091753e-78
0.380810250687417,0.00666509349214757,0.43783373060701,1.80346898857305e-16,0.174690925213425
0.0171322024887068,0.00219599393305564,0.00102154052887106,0.979650263049366,6.99551660542864e-67
0.0191869367099798,0.865171345488011,0.0895700792772449,0.0260716385247647,1.83121307652666e-67
0.00264633083075449,0.16601156893358,0.0727794558893716,0.758558637658104,4.00668819024196e-06
0.0034889176269167,0.656643603313025,0.260270016926156,0.0795973790656755,8.30682268139747e-08
6.3220297229563e-06,0.0939990017646304,0.87662413864155,0.0293705222414892,1.5322607081336e-08
0.00517403391099294,0.00710866653730684,0.0051552485165114,0.982044588104271,0.000517462930917936
0.00488339543129269,0.979965989556537,0.000374643580753221,0.0147759711994562,2.31960577835761e-10
0.00356413927055127,6.75299642580646e-08,0.000383485774136419,2.75451672744892e-18,0.996052307425348
7.06125939489488e-05,6.22449999856393e-08,0.0467681009509158,1.86897259928001e-18,0.953161224210135
0.995717433588479,7.65670690668772e-05,6.47946328222683e-09,0.00420598082339067,1.20395998253968e-08
4.45770788706505e-07,6.88996567347326e-08,0.0223025061657363,6.3522610030274e-19,0.977696979163818
0.999719852056125,1.83201413501595e-07,3.58232932744457e-07,5.2882392311192e-19,0.000279606509528294
8.08624898171531e-05,9.18832990109511e-06,0.870109814799154,8.40036375309785e-18,0.129800134381128
0.886231066317876,3.66439828299585e-06,0.000175579454391039,0.0134393654878093,0.10015032434164
0.938320781690703,0.000114256219408505,0.00495504303414,6.49844350106676e-15,0.0566099190557418
0.747366100094608,0.000104432814221627,7.44425876459518e-07,0.252526514625205,2.20804008866933e-06
0.999978091889905,2.72439271060592e-09,1.04900887322038e-10,2.75536692581764e-20,2.19052808016138e-05
0.0644540851115383,4.84909799030328e-05,0.0607347541208179,0.102518765158841,0.772243904628899
0.00510458733280974,0.688897474444681,1.24497564682987e-06,0.305996693246734,1.28286239234168e-13
0.00521238065119043,7.67958491535635e-05,4.92329319907462e-05,0.99466145888807,1.31679595568142e-07
0.999699210809273,0.000298981060294759,1.07120738779856e-07,4.43459289194337e-19,1.70100969325493e-06
8.64386687052975e-09,0.999381182539489,0.000608302367546596,1.0506449097483e-05,4.21523474858628e-17
0.00181771277094474,1.61866698799853e-08,2.66606965293335e-06,1.24382226009869e-19,0.998179604972732
0.915589968193958,8.30452024969247e-05,9.42164836368111e-05,0.0772555857327222,0.00697718438718574
2.39347739340116e-05,9.32407486541653e-06,0.50315296162644,7.00890190741986e-17,0.49681377952476
0.0686193453647545,1.53294196937331e-06,0.0106617271672333,5.15510713365259e-05,0.920665843454706
0.735715996234046,0.00573142725630021,2.2525614877933e-08,0.258552553181383,8.02656334552101e-10
3.34335978049146e-05,4.59179962704411e-05,0.975531996029955,0.0125109695990724,0.0118776827768968
6.9476066250433e-05,0.798312487550427,0.20048279319076,0.00113516032685057,8.28657121171297e-08
0.00113899175912609,0.00275188445176504,0.228300970870754,0.761741827302054,0.00606632561630004
0.985980919121747,0.000548466818161549,0.00918401937876534,6.37458174885704e-16,0.00428659468132501
0.0527570947403207,3.24497367038647e-08,9.97263218548833e-06,8.4009865553585e-05,0.947148890312204
0.000184753105386418,0.0155222271127868,0.982303413699774,0.00190450348455722,8.51025974959146e-05
0.993280514707259,3.61334598296241e-09,3.94558652535081e-09,2.70315641969453e-19,0.00671947773380841
2.42918249041721e-05,3.42651466404211e-06,0.954368807182415,4.54614656553395e-18,0.0456034744780164
2.61286077179883e-06,0.0536121418556791,0.945371772924061,0.0010134723594884,1.1665249799349e-67
2.79659949288081e-05,0.000131274102940525,0.99975603172875,3.04115847262927e-05,5.43165886541713e-05
0.0476315461534601,9.59450881485666e-08,0.000210042180622474,9.19611025491666e-06,0.952149119610574
0.524130144805293,0.444090241788203,0.000451993716138498,0.0313276175539591,2.13640633127514e-09
0.982082591314074,4.09003748245983e-09,2.39905088338174e-08,2.59185973732912e-06,0.0179147887456424
0.999629809156793,8.67993411584319e-08,6.75608952985073e-07,1.4010213509806e-17,0.000369428434912735
0.999871971476914,9.20974405152798e-06,4.50591513421387e-07,0.000117473088109441,8.95099411409588e-07
0.999880948222091,0.000114683110027999,1.32267851072212e-06,1.42694390879337e-16,3.04598937015853e-06
0.00377036546330083,0.00386503265467046,0.689475671899726,0.302707300997706,0.00018162898459685
0.992722392970331,3.69419997639632e-07,1.38040567924079e-05,1.92147831923622e-14,0.00726343355286009
0.203355364920474,3.6113419579145e-05,0.00299551368105777,4.28948023124254e-15,0.793613007978885
0.152577515888244,0.351231667901864,6.54124238671911e-05,0.496125398827657,4.95836793666939e-09
0.0012926331988404,0.0480760005134769,0.70343129626713,0.247166185442136,3.3884578416733e-05
0.975622267503367,0.00722111466901761,2.53987965778414e-05,0.017131099664026,1.19367011564006e-07
0.0054500527800955,1.99402160133986e-05,0.00357982749641173,9.36381349326896e-17,0.990950179507479
0.930786945874457,0.0123603234693194,9.19410540081419e-06,0.0568435093760478,2.71747751391778e-08
0.00139854001006715,0.00148022781271864,0.0105593456594307,0.986558119522351,3.76699543196659e-06
6.36705464034584e-07,1.89244800842483e-05,0.996233359880095,0.000111094270302749,0.00363598466405401
0.763792339008171,0.226437204540273,0.00851901546195936,0.00125099659996078,4.44389636245014e-07
0.995690783659927,3.59297950180864e-05,1.17550165989042e-05,0.00311990260107919,0.00114162892737668
0.987154171625795,0.0104461953776295,0.00238620668643153,6.5595139500218e-15,1.34263101377488e-05
0.000839464852447554,4.4080924674577e-07,0.0257249592980376,3.68686854073333e-17,0.973435135040268
1.64335132864786e-09,0.980670459855352,0.0191075567020975,0.00022198179912023,7.89728321918575e-14
0.999506248670619,0.000477893620856109,8.40788597219608e-06,1.44581612216994e-15,7.4498225513804e-06
0.999724258717932,0.000270155373421096,2.93368983075488e-06,3.15957825462399e-17,2.65221881636873e-06
0.061288748605536,0.00139615944134262,7.45560910465549e-07,0.93731434254854,3.843670749734e-09
0.000415718153327422,1.37304724977692e-05,0.844629023027435,4.47531774795885e-18,0.15494152834674
0.992698107526742,6.05107930171708e-06,0.000190975766750869,2.64553105253353e-05,0.0070784103166802
0.000534896611314433,0.000780825062455648,0.991418064145759,0.000131946413582488,0.00713426776688895
0.00207511770705051,0.000233990266147604,0.392423409380842,0.44464141233647,0.16062607030949
0.0866975812516425,1.06796791313684e-07,9.1865168118675e-07,1.43283891087015e-17,0.913301393299885
0.00196020792906193,0.12329909075439,5.33591653144e-05,0.874687342132433,1.88008409880269e-11
0.439522870735955,0.0047499097879509,0.000112759588994511,0.555494638439625,0.000119821447475034
0.00838173650557113,0.556689102261006,0.0111424559135786,0.423786701927229,3.39261570982036e-09
0.0187037520996775,0.000678524067120515,0.959050008936622,0.00349418980654997,0.0180735250900304
0.000923377696404711,0.000159508958704363,0.847467046855602,0.00175213243668022,0.149697934052609
0.000271357332146707,0.836097546980618,8.93292121345088e-05,0.163541766474624,4.76979013204294e-13
1.99486951541918e-05,6.26625487600275e-09,0.00154270054576189,2.20752247561114e-19,0.998437344492829
0.000185252064683346,0.146298885178735,0.0865449741408041,0.766970082939604,8.05676172893081e-07
0.0016328276885641,0.564180457480232,0.434186662651822,1.89152579962746e-15,5.21793799822673e-08
8.86767723472615e-05,0.252780909488894,0.74511566508166,0.00201463450774957,1.14149348754431e-07
0.588352531943118,0.00116503907538524,0.000118431680838462,0.410361437631878,2.55966877972132e-06
8.66642951777104e-06,0.0011497153260566,0.994681578185019,0.0041293235626308,3.07164967757307e-05
0.380392374772825,1.18790194269781e-08,4.84699842609557e-06,5.36198065449179e-17,0.61960276634973
0.000199038204938168,0.0708508404334146,0.132831927615005,0.796117936230993,2.5751564873043e-07
1.16850469057878e-06,0.61212140590092,0.000164348309937907,0.387713077284421,3.07373708730591e-14
0.000110925441321706,0.0412184764972072,0.883743777745147,0.0748966880531255,3.01322631983399e-05
6.98725485958101e-07,0.0128712034635917,0.983299810292693,0.00382810229584686,1.85222382175034e-07
0.000361061893213172,2.0604847654338e-05,1.23112079658851e-07,0.999618209891893,2.55159955988029e-10
0.00116982734206212,0.367208020760424,0.603425384776351,0.0281967642192369,2.90192597439616e-09
0.342538845399892,0.000191232482046441,1.10479411379889e-06,0.657254507915639,1.4309408309102e-05
0.253301448410233,0.00170292098236523,0.00259450559220718,0.74198432177658,0.000416803238614134
0.00129522397603152,0.107290591185102,0.1116991138811,0.779686704559319,2.83663984480375e-05
0.998387436446975,0.000511337110615225,1.09490406268919e-08,0.00110121328715753,2.20621118600094e-09
0.0581863027645371,3.99017459385834e-05,0.0114782457812168,0.0509338590402187,0.879361690668089
2.22394561416933e-06,5.86446872139645e-08,0.134299205856317,5.11142636448857e-19,0.865698511553382
0.000230709233507061,0.000149026438656958,0.942708205655828,2.41675515701661e-17,0.0569120586720079
0.00260514633394197,0.000350404213910928,0.832437731772128,7.31604461317713e-05,0.164533557233888
0.000253881189855205,8.66490363216759e-08,0.0015008548869703,1.8988432204233e-20,0.998245177274138
4.85234327367695e-05,0.343785220593099,0.514569983387273,0.141596272021233,5.65658123932477e-10
0.934781652293382,0.00815816195253691,0.000564476562063544,0.0564343428348749,6.13663571422984e-05
9.27714910179304e-07,2.94480364047252e-09,0.0899524518408609,1.55292579690761e-07,0.910046462206846
0.798579774534077,0.0972600620711248,0.0025386843531155,0.101597205829737,2.4273211945447e-05
9.42852959340172e-08,0.999937261434145,1.76564108732443e-05,4.49878696863124e-05,1.14116814803813e-77
0.174989317408652,0.00104546212653889,0.564168308431343,3.19102866962378e-17,0.259796912033466
6.89285331506046e-09,0.999654934008227,0.000332979358859343,1.20797400604559e-05,2.49852351744368e-18
0.0856900766037675,0.523209667740049,0.390765428425323,0.000334761425593801,6.58052666963213e-08
1.06179757097527e-05,0.000114718257008407,0.00106464960531905,0.998809573937525,4.4022443777174e-07
0.00676600754085391,0.00746252082021448,0.911425876288942,0.0738337591373016,0.000511836212688027
0.00161086587775878,0.00156037545186512,0.00303238903574031,0.993796369634636,4.08160629558591e-67
0.00780305718709537,0.00573844871998634,0.0323912099337442,0.954060379595055,6.90456411917975e-06
0.000341318519693383,0.0171847344213422,0.982433532826579,1.34100013071547e-15,4.04142323839024e-05
0.0821523096544259,0.0447996228229497,0.000363013374971505,0.872684975036258,7.91113947883698e-08
0.998782458083292,3.47384534767449e-05,4.04754013098295e-06,0.00100553138853028,0.000173224534570246
0.000929464227480466,9.6309282781093e-06,0.204232829568827,2.62872663879728e-16,0.794828075275414
0.967065379230232,1.36477495569525e-08,3.12630689208479e-08,1.03729268764363e-16,0.0329345758589492
0.998279255767638,8.89853113154696e-07,1.759286564328e-07,0.00169521697872202,2.44614718705915e-05
0.994202098846685,2.37676134007864e-08,4.06740293228837e-08,4.45297828914008e-17,0.00579783671167193
2.12386822396107e-06,9.82718520334879e-05,0.999888824038696,3.57851556091112e-06,7.20172548543977e-06
0.945809404224527,3.05456410050566e-05,0.000358579250297912,0.0303202074166673,0.0234812634675023
0.110233465087785,6.83022983727651e-06,0.0285330278774431,0.00637336799227933,0.854853308812655
2.31339601468481e-07,9.14263079521877e-07,0.995177474513313,8.59789740845e-07,0.00482052009426519
2.38547545885278e-05,9.05646145181342e-07,0.797251217505635,1.79406826843978e-18,0.202724022093632
0.00526116086507269,0.000161019707033647,0.591480814817023,3.45185769962601e-17,0.403097004610871
0.00445265975086255,0.000511163126498786,0.000861956689955635,0.99417050427069,3.71616199325039e-06
8.77945304103969e-05,0.638675842100864,0.187989568509426,0.173246794859299,4.446122418228e-70
0.0098873933792477,0.00347833875467268,0.981964451563557,0.00453835735210683,0.000131458950415996
0.00200290858970652,0.974598249576022,0.00163874377197651,0.0217600978058084,2.56486535205082e-10
0.00150132538051539,0.000148312285515836,0.369060357206339,4.23227487866608e-05,0.629247682378844
1.85730587439075e-07,0.990000938960791,0.000105538308911322,0.00989333699970756,3.12299949914608e-15
3.62552652426713e-06,0.000506786887655617,0.0907648930360418,0.908723239743881,1.45480589736693e-06
0.00220684284418525,0.887655282675661,0.0439918871886657,0.0661459562036643,3.1087823719325e-08
0.132700946280934,0.0135488783998352,0.852554891701864,2.60712038553437e-16,0.00119528361736639
0.247311959579967,2.55738438511658e-05,0.161934358083817,6.90936628694611e-17,0.590728108492365
