0.978680139529451,0.000277712641044514,0.014057994817918,0.00698219671238933,1.95629919753271e-06
0.607181323397664,0.00322502409491708,0.386053772349651,0.00321156090170439,0.000328319256063542
0.000277684959166221,8.8714873422858e-13,0.0244225972829723,0.975299717756974,5.0251527835839e-103
0.894874530153836,2.19195966508321e-41,0.00406133934566425,0.1010637346548,3.95845699955592e-07
0.169233644994112,0.830494963696699,0.000199646629912347,3.60135168140185e-07,7.13845441083149e-05
0.197395821725441,0.00014586925330256,0.787126655016975,0.0150517922021058,0.000279861802175602
0.981112200952828,0.004996085659385,0.0137199023701846,0.000155645620780399,1.61653968222342e-05
1.78471627864476e-05,7.76536787507832e-52,0.00359910546908029,0.996383047368133,5.08080920588749e-105
0.347810216370379,0.652106911495685,7.50736680590762e-05,1.26435806385065e-07,7.67203007060725e-06
0.999479053516499,0.00047203592847077,1.59176172196443e-05,3.29806117334097e-05,1.23260769806322e-08
0.492197372849286,1.28880104041043e-43,0.00623835712414669,0.501564269840378,1.86189299141174e-10
0.0693042993144304,0.773533941797451,0.0555599063993691,5.24467676024131e-06,0.101596607811989
0.896214993339028,0.00936227873507667,0.0926206555235419,0.00156337911181995,0.000238693290533565
0.000506298076571492,0.0190027696855182,0.389447766486002,2.61537786172421e-06,0.591040550374047
0.00169683499831619,4.52122014179321e-44,0.713771437146566,0.28453113832437,5.89530748606857e-07
0.93551578299282,0.0644675647400512,1.22559632923644e-05,3.03831993483366e-06,1.35798390126749e-06
5.13867281456658e-10,9.68181408005794e-06,0.00100853052897441,1.57678881215799e-12,0.998981787141502
2.60797140888768e-06,0.00397342277035601,0.0220164367103125,1.13695166985133e-09,0.974007531410971
0.0748510776064642,0.00121247703031372,0.909851468882165,0.012845754914199,0.00123922156685772
0.000454317752534902,0.00209220541749487,0.51579800437701,1.72974460100161e-07,0.481655299478501
0.0306730444520813,0.962433082438161,0.000555040313426479,3.37231134368518e-07,0.0063384955651974
0.319257683592202,9.20080886537068e-07,0.2346052153216,0.446136181005311,1.36025638160377e-98
0.970209481550183,4.03226407719889e-41,0.00177848077118975,0.0280120215617141,1.61169127586415e-08
0.0477480220499137,0.243048803367502,0.690738242763511,2.22552963574908e-05,0.0184426765227159
0.00198196499975422,1.38255133756246e-45,0.599171098203861,0.398846444727286,4.92069098630128e-07
0.0137965104356757,8.30035332695411e-43,0.74767958467493,0.23852207874611,1.82614328430252e-06
0.00103923783250797,2.29711033042654e-41,0.993270805686295,0.000712579624048846,0.00497737685714797
0.0406902193121824,0.00685568043790603,0.945008932640043,2.63186524898078e-05,0.0074188489573787
0.177055585187239,2.10471158837211e-08,0.0193076619426033,0.803636731461439,3.61602225319578e-10
1.26838558292785e-10,0.000130417266530862,1.83376941835739e-05,2.40571948479832e-14,0.999851244912423
0.534206992147279,0.0846518993594626,0.362571563625875,0.000245900827739698,0.018323644039644
0.00144938817128848,0.998247655229368,2.39328688110689e-06,2.34800332443486e-10,0.000300563077661692
0.000841512429951654,2.52143078562184e-49,7.46925906555096e-05,0.999083794979393,1.65050122967127e-105
0.913745595200136,0.0862314831996004,1.91699203710012e-05,1.58835130704437e-07,3.59284476184456e-06
0.115743283612316,3.83511898390092e-05,0.880584705515639,0.00356130173831669,7.23579438891443e-05
0.668218332384865,4.33727752738089e-07,0.00302158435709414,0.328759649530288,1.96978710542484e-100
2.67358544474626e-11,2.17335076488926e-07,0.00125028341230017,5.41521205440309e-13,0.998749499225346
0.439946506595049,0.000146949578359104,0.529624225491771,0.0302792688718363,3.04946298404016e-06
0.995796084765436,1.3393773777292e-39,0.000434681950712113,0.00376914926014679,8.40237054330043e-08
2.36770866611373e-08,9.22308861341844e-06,0.00713610652725348,1.36182011587888e-10,0.992854646570864
1.34906935790559e-05,1.67924794036242e-52,0.000135409362290217,0.999851099944131,2.38461426231795e-107
8.49529462920782e-05,2.47026194067036e-48,0.00451972417533515,0.995395322868576,9.79629386398644e-12
0.0242453833177559,2.0888060409047e-44,0.0783579356230841,0.89739667856044,2.49871989697675e-09
0.227484964132979,0.0267608179650444,0.742213705985412,0.00148118278045449,0.00205932913610946
0.0927241891003501,0.000263159649911901,0.8760219881244,0.0308103697322876,0.000180293393050116
0.559043108167028,0.440940653092221,1.42217667377314e-05,2.91793999744013e-07,1.72518001395237e-06
0.978153840931826,6.33105953088892e-05,0.0195583719147345,0.00222418255941461,2.9399871620728e-07
0.132926828700147,0.867071833139027,1.94961841514799e-07,3.09407874030521e-09,1.14010490573836e-06
0.626761849989686,0.132001354216773,0.240176801360381,0.000765106844973102,0.000294887588186152
0.00962381371550704,2.99506731281484e-06,0.9857896164667,0.00444914551687314,0.000134429233606753
0.0931771960416505,0.000660921763399783,0.883688706742545,0.020353137375984,0.00212003807642063
1.4648483174064e-05,1.9163853946629e-49,0.00435748243976029,0.995627869075389,1.67703176568695e-12
1.47796156194418e-07,2.287312414584e-05,0.0114353724984105,7.04494622174789e-10,0.988541605876793
0.0430522550427933,2.81509201622755e-43,0.0113455834031511,0.945602158623959,2.93009648632589e-09
0.000954334607729274,4.40340966363277e-48,0.00563871530697807,0.993406950085293,1.17672307877878e-103
0.990398681493238,0.00741428137728591,0.00118516427210627,0.000998512744748755,3.36011262103881e-06
0.0101164518017122,0.0140910157636863,0.565073678758419,4.84981640953788e-05,0.410670355512087
0.000999783335084984,0.0952452226319881,0.130720899891999,2.49343356471141e-07,0.773033844797572
0.00120048557419629,0.93083517259194,0.000705675096627535,1.25403425606515e-08,0.0672586541968941
0.0247494645123235,0.975243124837387,1.00775063737117e-06,3.78414592196537e-10,6.40252123763316e-06
0.243749385353629,0.0112458647240148,0.736259630410734,0.000842758267024431,0.00790236124459748
0.140898173028475,0.859080477230556,1.51371120181347e-06,1.03438143194974e-08,1.98256859535981e-05
2.49367593680858e-05,4.65419727412044e-49,0.098134388509717,0.901840674722044,8.87116731906008e-12
0.49927209486611,0.330576768846039,0.0786611346633915,2.05912588159465e-05,0.0914694103656426
0.000168869827080786,3.1540027585729e-46,0.413503342761122,0.586327586301473,2.01110324231786e-07
0.0368395355266539,0.953952695260594,0.00238055781277555,7.67818112098224e-08,0.00682713461816519
0.990235549065428,0.0010123454174772,0.00183037852928618,0.0069199358957621,1.79109204622373e-06
0.000445817906302406,2.93511437951454e-49,0.00023754413104,0.999316637962658,1.78489070587535e-104
0.999756508118588,0.000195944257045052,2.32910771258927e-06,4.52163110748362e-05,2.20557991429384e-09
0.0624525053307315,6.48147169466192e-43,0.0060161054298141,0.931531386769557,2.46989732038454e-09
0.270230579485957,3.23786144137306e-41,0.177923984127004,0.551844953368049,4.83018989816053e-07
0.945914800137515,0.0519439469519743,0.00208477129687917,8.7562606139916e-06,4.77253530174312e-05
0.000548560465218239,0.0214403563497504,0.140020182447486,6.3315550598613e-08,0.837990837421995
0.039177356512135,9.11513749206212e-44,0.0271036905154007,0.933718952513597,4.58867402230852e-10
0.0013962808523825,0.0258241493423621,0.229410620562125,5.1224375027941e-06,0.743363826805628
4.95391471762005e-06,3.72027295496161e-47,0.746989766072905,0.253005277690988,2.32138948204727e-09
0.00648523886878466,0.00180991701550074,0.981403606849733,2.97832545341114e-05,0.0102714540114472
0.000167091935184788,2.44495100973645e-11,0.0368900695245054,0.962942838483964,3.18967192903973e-11
0.0780506206998676,1.07380965318891e-07,0.108799994621332,0.813149277139182,1.58653671093689e-10
0.000873412524007165,6.72332807888104e-48,7.90551655208278e-05,0.999047532310469,2.98485306179076e-15
0.00854659442970625,0.975800497955255,0.012228564923232,3.21410750952951e-08,0.00342431055073115
3.33185904075665e-07,2.30040853637607e-54,0.000309803348810487,0.999689863465285,1.67392216338936e-16
0.000754146588189639,0.00648303404661013,0.22688300906541,3.00238765143351e-06,0.765876807912138
0.0073177992830315,1.69476471446355e-45,0.0117245162532328,0.980957684463736,7.61482058733878e-101
0.00242460822001016,3.94397343307839e-44,0.852578383335465,0.144996887374359,1.21070166427662e-07
0.392691327496134,2.73162370097571e-42,0.541460226024176,0.0658409473955265,7.49908416317774e-06
0.607827561727681,0.392132473835343,3.97985721519688e-05,1.65864823137787e-07,8.95318648284925e-96
0.589394190781352,0.410587253787112,1.2455666944202e-05,1.58408177647074e-07,5.94135641448707e-06
0.148288476300327,0.845188318161932,0.00493576056449409,6.57887604345115e-07,0.00158678708564209
0.000647725134024961,0.00563098092043058,0.576676409840554,3.3458788675008e-06,0.417041538226123
0.00054108638941648,0.925555412561301,0.000240619390974059,2.80371013011952e-10,0.0736628813779375
0.152618872195132,2.38062842414484e-06,0.389830407170937,0.457547899908732,4.40096775208738e-07
0.985493278203859,0.000605212462830666,0.0120854386375174,0.0018142211436317,1.84955216152382e-06
0.000548487241828026,1.10245973087732e-49,1.39122523509442e-05,0.999437600505821,1.7906719635589e-107
0.332718770265005,1.41341274867131e-38,0.661567513965195,0.00284805630859581,0.00286565946120531
0.999709721837903,0.000132661171231669,0.000112747524998342,4.48318460871707e-05,3.76197794887752e-08
0.909943092918203,2.25867334401695e-41,0.00293370056812387,0.0871232048200486,1.69362455747681e-09
0.000245008373759149,8.31603750276562e-46,0.871579909447512,0.128175072839293,9.33943572221821e-09
0.00284197350993732,9.16543993562986e-07,0.994734281829751,0.00241734356228767,5.48455403083892e-06
0.149306102644558,0.00386646000977139,0.83463709160511,0.000474400155049476,0.0117159455855112
0.000154260503637559,0.270808245246228,0.00153081925098035,7.96412410146334e-10,0.727506674202742
0.000225607823882382,0.998114386143264,3.50405025783002e-06,3.50117696252242e-11,0.00165650194758384
0.00944606388392133,0.000290976303277196,0.974639939647753,0.000106093796176863,0.0155169263688721
3.40849661323563e-05,0.0602325842983273,0.000674609767576651,2.68489578885252e-10,0.939058720699474
0.000459638812653764,3.33416227692693e-44,0.53550449543378,0.464033073444372,2.7923091947407e-06
0.854064862045941,0.00111186820611012,0.143181880741326,0.00161093891183536,3.04500947875445e-05
0.000753510912204431,0.0236408937834948,0.0141642114309315,7.26651495280561e-08,0.96144131120822
0.0181942982314597,2.47155644028929e-43,0.652503919412756,0.329301782355784,1.26707692343758e-95
0.243082436547331,3.49847887384611e-43,0.000756440246668602,0.756161123189365,1.66353351211897e-11
0.143326520003129,2.36936475846248e-05,0.849832377273002,0.00680282136269919,1.45877135844209e-05
0.247254209278247,1.9261418504672e-06,0.489331825738497,0.263411956729688,8.21117168927695e-08
0.99996441593262,1.94909900399258e-38,2.03253341109576e-05,1.44410616763568e-05,8.17671592163475e-07
0.230585596674827,1.88943512320676e-42,0.349612742552994,0.419797500585448,4.1601867311776e-06
0.97325307462355,0.0162797098785356,0.0100841452752945,0.000383070222620099,2.0614206022917e-96
0.70720750216693,0.292781242145963,7.9681361612716e-06,2.66708631600625e-07,3.02084231436878e-06
1.97971686833072e-05,0.469210978082961,0.00416229658699883,6.97041978197439e-11,0.526606928091653
2.80973186993541e-05,2.6684772434292e-45,0.997555992250079,0.00241411109084217,1.79934037972915e-06
0.000702015122763963,6.31902399535305e-46,0.0083588076745,0.990939176865639,3.3709721118863e-10
0.0271339040194784,0.899425211676877,0.0572262367773837,1.40149032039108e-06,0.0162132460359401
0.742878412433861,1.32985156379262e-38,0.25357923294664,0.00340295164049229,0.000139402979007171
0.0843064695806648,0.915599301867685,4.09153204887786e-05,3.80084442818744e-08,5.32752227168009e-05
0.00420062261975935,0.00132602914771883,0.984110594234488,6.96325126567851e-05,0.0102931214853777
0.969123424156923,0.0307668046383569,9.52468041051486e-05,6.31620070208569e-06,8.20819991313658e-06
0.634637822377094,0.198612948715715,0.165933959357041,0.000212131249639843,0.000603138300510651
0.00278883546350141,0.8433933326765,0.00703561189848112,3.64104935944676e-08,0.146782183551024
0.00248438102546937,2.17020936874767e-45,0.146915120405861,0.850600384484393,1.14084277564706e-07
0.535018783595353,0.000849011309457031,0.46248172144011,0.00156511038584032,8.53732692400166e-05
0.000188745859268976,5.4709255972456e-49,0.000114145781503058,0.99969710835922,7.72859276798878e-15
0.00430992936898955,7.26927792997967e-08,0.780503631835724,0.21518574107613,6.25026376704895e-07
0.00708898368512278,5.36840756461655e-45,0.661800995066815,0.331110021248062,7.6198528823209e-99
0.765060638354235,0.158091582920548,0.0722098911587856,3.54392940903903e-05,0.00460244827234038
0.00259239063074883,0.000212334899916328,0.992860347028216,6.49995924068412e-05,0.00426992784871201
1.91242811477841e-08,0.000847695149857024,0.000107397714120852,9.31163385503631e-13,0.99904488801081
0.0960003514972386,0.121741225818866,0.780942208947523,0.00015391925785142,0.00116229447852117
0.83056280316599,6.68274290550849e-39,0.161515541728332,0.00783864441317832,8.30106924989715e-05
4.87892842110314e-05,0.562805133864998,0.00214197467847285,6.03221246261267e-10,0.435004101569097
0.970755405222693,5.02466764049585e-06,0.00143792748206423,0.0278015991230644,4.35045381046755e-08
0.188716462308917,0.0124084196660022,0.790825974009254,0.0044074361521422,0.00364170786368406
0.950810261399667,0.00426189032775554,0.0438706247815267,0.000967575225997375,8.96482650532494e-05
0.0244567206982923,2.66996676442832e-44,0.0120773424940549,0.963465935899878,9.07774993040816e-10
0.173615161909581,0.000135511555181885,0.819870011771779,0.00622669047803579,0.000152624285422137
0.72149246204072,0.00386221498028112,0.26670457027376,0.0079319626578913,8.79004734785337e-06
0.595029765203484,0.000127606101336947,0.377281991697138,0.0274163320155665,0.000144304982474175
0.99752671942336,0.0019491604533128,0.00017356025406501,0.000350166504659756,3.9336460288216e-07
0.0607014252325964,0.939070433814002,5.21421502394905e-06,4.44833041036574e-09,0.000222922290047587
0.000194314928947447,5.41541327033786e-10,0.971608058380475,0.0281976237220806,2.42695577050498e-09
0.000167802238244914,0.834155733488308,0.000372899364256201,2.73391539618407e-10,0.165303564635799
0.410729531478448,8.60423455130017e-40,0.571285529857453,0.0174231600983106,0.000561778565788479
0.992740983676126,3.30146572166284e-37,0.00669503441950009,0.00029650027442348,0.000267481629950689
0.109190088149804,0.890804990539075,4.62410471112211e-07,2.32008287808858e-09,4.45658056622686e-06
0.975697993501339,0.0240484577633605,0.000238370788027502,1.49317494633836e-05,2.46197809653527e-07
0.000759696176214361,0.189435159245609,0.00392735962382944,2.43156438979473e-09,0.805877782522783
0.201012572567519,8.58234238626307e-41,0.602831730007531,0.196048229514253,0.000107467910696522
2.59821527278056e-08,2.91641746995973e-05,0.00969876340177902,2.27576577658251e-10,0.990272046213792
2.37673673696091e-05,0.00226356329988023,0.0615134320550446,2.74751066025701e-08,0.936199209802599
0.770077662604664,0.229659019426051,0.000139676183823963,4.65599444151594e-07,0.000123176186016165
0.025962755300853,0.00102185713346118,0.972169155784544,0.000846231781141778,5.9248472334808e-94
0.323617550352227,0.676363282067951,7.02754273055116e-06,7.64229039341719e-08,1.20636141874735e-05
0.0923851337702022,0.454132639458281,0.435735675205341,4.3696160581471e-05,0.0177028554055941
0.000117289995444857,0.166902731981866,0.00671801141542563,1.19659321190907e-09,0.82626196541067
0.0306199454674857,6.04610795836547e-43,0.432732429195317,0.536639808774439,7.81656275869639e-06
0.011610636397115,4.2483420332863e-44,0.0103997006195287,0.977989662983356,8.13766494329385e-101
2.02377976995124e-06,2.69165882428249e-06,0.999318295246618,2.53714606778825e-06,0.000674452168719656
0.00122020604355702,0.633434721699809,0.00343161841716947,1.37899249948107e-09,0.361913452460472
0.231711593019615,0.00274542326331139,0.760415393620728,0.00212229163653599,0.00300529845980922
0.173854522070197,3.35738504136222e-06,0.765794422429717,0.0601220252066512,0.000225672908393493
0.000235546184955696,0.758165912918995,0.000223483108283602,6.82357233454139e-10,0.241375057105409
0.0382536621502271,0.961392619888681,1.79248417467864e-05,2.35106896100612e-09,0.000335790768276589
0.930085786875977,0.0683306810507281,0.00147976430736208,8.67682954430789e-05,1.69994704894297e-05
8.75846964909506e-05,0.974093722604489,0.00010209087068806,2.6610322709954e-11,0.0257166018017216
0.0117248824441585,0.00033513588795205,0.97766888135093,0.0053296041922771,0.00494149612468214
0.14044328163103,6.17998540229563e-43,0.31935372486157,0.54020287818263,1.15324769790781e-07
3.28928898678182e-06,1.32938130852835e-53,1.68994396496848e-05,0.999979811271364,8.42499757256215e-109
0.987959499108511,0.0111329666461067,0.00055453469945904,0.000352734260207711,2.6528571562651e-07
0.000287938410779282,3.21403737223467e-42,0.987424391571028,0.0122650432140842,2.26268041083355e-05
0.551311734205755,4.87012280778717e-06,0.0779747481411707,0.370708372377056,2.75153211082912e-07
3.24267569566654e-06,0.00148605565757641,0.0583392308764291,1.46615702584839e-08,0.940171456128729
0.857182306755582,0.000709665344351557,0.136697006325743,0.00536470024933004,4.63213249941742e-05
0.0148912198110499,0.025643453171632,0.58903637999316,1.79958812581168e-05,0.3704109511429
1.53450791957948e-06,0.201727684329242,0.00036841470501764,3.19378486368451e-11,0.797902366425883
0.003695332904717,0.636539630386965,0.00668329808377242,1.14969902764057e-07,0.353081623654643
0.257939766750765,0.741028708427286,0.000519285334501352,4.50049010901531e-07,0.000511789438436136
0.539245340738433,0.309434498290242,0.149396194523229,0.000475310182055898,0.00144865626603968
0.012627057473791,1.69135136842521e-46,0.124952292581902,0.862420649944306,6.40176580075942e-100
0.66865637083594,0.330183275432327,0.00104205556640618,1.75325165459945e-06,0.000116544913673035
0.968819201548081,0.000252826798958615,0.01923048141859,0.0116974197839897,7.04503804684093e-08
1.66898857742203e-05,0.225130968780763,0.000823371351459917,1.89939140399169e-11,0.774028969963009
0.681186973139837,0.124309105441747,0.188254195360448,0.00315818362547518,0.00309154243249295
0.89132731377397,0.108491061943542,0.000124024033933774,1.56071787416549e-06,5.60395306804789e-05
0.000183605978572588,0.00753833363917475,0.0239100274286357,2.29772191833778e-07,0.968367803181425
0.331859345473195,0.481834316018872,0.165589458957637,1.25690361659822e-05,0.0207043105141313
0.000194794672384218,0.000488479444276594,0.461290623829933,2.62080041072112e-06,0.538023481252995
0.000197834973715686,2.2242408693153e-07,0.999711435386503,7.73470643378158e-05,1.31601513565401e-05
0.944666301654303,1.279179187762e-40,0.0424870917003224,0.0128432021689167,3.40447645822764e-06
0.457594359585504,0.535974190306388,0.00558966183647208,2.67534800737523e-05,0.000815034791562558
3.75628070027235e-09,0.000174282658663965,0.00038082898948087,2.2328933673416e-13,0.999444884595351
0.793497821274486,0.0237198985374123,0.179139503647325,0.00357809316511083,6.46833756658794e-05
1.12986661121181e-09,2.02842461842677e-05,0.000241110708507317,1.15398194138922e-12,0.999738603914288
3.86444279522805e-06,0.393768231969821,0.000289657646294472,2.99438799181313e-12,0.605938245938095
0.280723818189351,0.035030773986153,0.391005359036404,4.65016304453204e-05,0.293193547157647
0.0525313333168724,7.46101760905133e-09,0.291057529776398,0.656411129445712,4.35550497179981e-100
0.0222759497285672,0.47446177368817,0.30570836017076,1.74913413360042e-06,0.197552167278369
0.439259558068339,0.559086925886709,0.00100398272103681,4.24666156677878e-07,0.000649108657758362
0.672138482967899,0.0232086920314056,0.304408466333475,0.000221697158648974,2.26615085714737e-05
3.92912463016128e-05,7.69075230548146e-50,0.00177446389795237,0.99818624485563,1.15527724573126e-13
0.000915237181167534,0.993794275525771,2.72045548645052e-05,5.29681956090751e-11,0.00526328268522884
0.993448833484872,0.000340080720732189,0.00585934600358939,0.000351089212147641,6.50578659065922e-07
0.038562591650789,0.885077384835888,0.00540674638340076,1.65404048188708e-06,0.0709516230894405
0.246185378165789,7.13872870097935e-08,0.0700899307200794,0.683724578521039,4.12058058858401e-08
0.570095153713414,0.427086198917526,0.00188464687741119,1.30276697002035e-06,0.000932697724679008
0.00193580333888634,9.12311997648944e-45,0.29360834390927,0.704455842791595,9.96024928909009e-09
0.267070355933323,0.357091768814276,0.329664065984299,0.000337475747033727,0.0458363335210686
0.0014641365435425,1.35165631189864e-09,0.0973155817059118,0.901220280398889,3.13835824774751e-99
0.232111905016602,0.764583173725704,0.00214524714034959,3.25420506727018e-07,0.00115934869683791
0.0511723645446957,0.891137284473734,0.0104040869542336,1.08886565918824e-07,0.0472861551407712
9.37647822581444e-05,0.00282302656789743,0.315517834159415,8.78403472727999e-08,0.681565286650082
0.738497286993142,5.86757299558537e-05,0.236822451395611,0.0246200775174258,1.5083638649611e-06
0.273081039533888,1.25304383846012e-08,0.0117831304694316,0.715135816917864,5.48377914855109e-10
0.879514201113763,3.65711456990386e-40,0.117358449288431,0.00310232956595537,2.50200318503925e-05
0.0340055149324083,4.59321819977775e-44,0.0121620903791219,0.953832394442364,2.46106159232037e-10
0.000944323054553342,1.33978210111149e-06,0.995823850233919,0.00204476410161186,0.00118572282781439
0.00462682443992982,0.988706266298504,0.00442150468946616,6.12371112774074e-08,0.00224534333498901
0.612880303736268,0.00195807213318908,0.38212483221078,0.00291673211112915,0.000120059808633693
0.00346739988749772,8.31824407020746e-47,0.00108221095154619,0.995450389160956,8.96257622099387e-104
0.00279103895822785,9.45249121645714e-43,0.961035475778561,0.036159414964904,1.40702983070669e-05
0.000137697229913215,0.000300047679471027,0.914397762101848,3.62828726297293e-06,0.0851608647015043
6.96983782782321e-11,1.65270576138449e-06,0.000117647089082139,1.03874911696782e-13,0.999880700135354
7.18000115055081e-07,0.00291161894261762,0.00979203937515055,8.91060027183318e-10,0.987295622791057
0.622369692510816,0.377597721241629,2.48473305345232e-05,6.28781530383717e-08,7.67603886670759e-06
4.7050752227762e-07,7.31504312654952e-53,0.00013441703498337,0.999865112457494,3.07468296767318e-17
0.987114206558885,6.90365648746197e-05,0.011540775151594,0.00127489142289454,1.09030175221222e-06
0.885164197733741,2.49224684228635e-41,0.00658493647338933,0.108250856836185,8.95668437266173e-09
0.19534241719902,4.03373201036079e-42,0.120205350008719,0.684452217830429,1.49618330036178e-08
0.881624864912384,0.115265289581681,0.00286424867691966,1.61201507760549e-06,0.000243984813937849
0.0350572889204599,0.941575749308104,0.00551380218536926,6.44096272989973e-07,0.0178525154897938
0.0183269149830449,0.0242933461173412,0.936694297851283,1.99575802794028e-05,0.020665483468051
0.334630543284445,2.35573312360031e-43,0.00500772206398691,0.660361732637201,2.01436724218051e-09
0.263921596729934,0.000268888318220564,0.717978978390746,0.017606931741691,0.000223604819408368
0.236265840639776,0.733538804911207,0.00759303437358691,3.22531822643446e-06,0.0225990947572044
2.9521520334921e-05,1.32679637012809e-49,0.118044025266617,0.881926453213049,3.50929567263074e-102
0.0539168595348817,0.923999783840907,0.00485869662888578,5.34927207722191e-07,0.0172241250681176
0.954559930259692,0.0180851559285223,0.0270334846808818,0.000166873222791255,0.000154555908113142
0.998757863653357,0.000484841282927633,0.000363980906990642,0.000393306679706975,7.47701751524544e-09
3.39644435316733e-08,0.0096473048775519,4.27193987645375e-05,7.61870006115582e-13,0.990309941758478
0.805798196562551,0.191572938253233,0.0024792142364534,0.000105147592912446,4.45033548491642e-05
0.0134532959957025,0.0177787537455468,0.375181676612512,3.29427667778489e-05,0.593553330879461
0.0176974703214814,0.0421467824000412,0.513136088124489,1.01659408685928e-05,0.42700949321312
2.0621500374328e-06,0.0024547892273004,0.0262503380460939,4.03554060400776e-09,0.971292806541028
0.881426845605208,0.0105043589198406,0.107837439745982,0.000223950633665685,7.40509530399156e-06
0.934882136662353,0.0650391070810705,7.67910588946641e-05,1.34552233634836e-06,6.19675345338286e-07
0.00805823846924614,2.8476401308005e-07,0.971287713969398,0.020632922285009,2.08405123340009e-05
0.00019714400597801,0.981106468980823,9.18918687962841e-05,8.49000941903871e-11,0.0186044950595023
0.995101647831808,2.36744717391243e-38,0.00453250517433613,0.000359942874847255,5.90411900896888e-06
1.37676345298057e-05,0.000177485088016175,0.13646595046306,2.44213055348964e-08,0.863342772393089
6.23013379322967e-06,0.0723948493918553,0.00293177129602464,1.36589605598607e-10,0.924667149041737
0.740585685903534,0.00403019962911,0.249794568981995,0.00437384756560875,0.00121569791975285
0.898885826599033,6.09352043681508e-41,0.0184273358256477,0.082682811754361,4.02582095839491e-06
0.000329072493842945,7.1238205822144e-47,0.0725525685839138,0.927118358677976,2.44267206057993e-10
7.94200556838418e-05,0.918722843174659,0.000315578201973487,2.66351138579205e-10,0.0808821583013321
0.997425619366463,0.0017855472878225,0.000747193488303072,4.16398574114277e-05,1.66929330399923e-96
0.00287227107356277,0.000257037028688244,0.940876744317874,2.12526219189782e-05,0.0559726949579556
0.00228737713838595,6.26559161293561e-46,0.00227100154917748,0.995441621306587,5.84943746516887e-12
0.998677925870215,0.00102045654222506,7.93027449785332e-05,0.000222298146698752,1.66958824575025e-08
0.000374115336758643,5.11081497565819e-43,0.993566499655889,0.00604895334317737,1.04316641754229e-05
0.000473937401945649,1.35242375246326e-40,0.983053955849064,1.93676042440193e-05,0.0164527391447467
0.0194465342250451,0.980497658945969,3.28311002405096e-05,5.11778869011209e-09,2.29706109565592e-05
0.00367389833010611,4.05601633112492e-44,0.909912229066293,0.0863960060959925,1.78665076083449e-05
0.00574293730705404,0.994256638954384,1.41344219049134e-08,4.15032345320476e-11,4.09562636480831e-07
0.667902626788152,0.180792129075765,0.15077417183219,6.46430808321999e-05,0.000466429223060579
0.998676751789987,7.75037493141196e-06,0.00050105888353615,0.00081443542739406,3.5241512934781e-09
0.992595487420806,0.0070661204908419,0.000285769155929935,5.2572547096544e-05,5.03853252684335e-08
0.0127956499959355,4.23922601553774e-41,0.981941427232909,0.00447527456045409,0.000787648210701776
2.20048688989411e-06,0.071529436423881,0.000978276504666582,3.47125298417359e-11,0.92749008654985
0.000200659400620219,1.11658953573408e-45,0.187505539690856,0.812293361402561,4.39505963568892e-07
0.378746422204828,0.621240973379321,7.04112463325471e-06,1.24733759997969e-07,5.43855745793313e-06
0.000103350124393459,3.73770342057682e-50,1.95515766975666e-05,0.999877098298909,4.93362256701315e-106
0.100554218751517,0.88054852710693,0.00896121004404827,1.15979661718619e-06,0.00993488430088812
0.151395071940773,0.111867754890466,0.448258069305407,0.000273887323056302,0.288205216540298
0.00110283449838603,4.09190492397075e-08,0.989952658759419,0.00894434499838601,1.20824759360849e-07
0.998599393596317,0.000829015187489081,0.000513250451695466,5.54629206372494e-05,2.87784386132624e-06
0.292689752193886,0.467201547586306,0.224873036202588,1.68839155822346e-05,0.0152187801016379
0.359806536447984,4.04019549021574e-09,0.0117272775364077,0.628466181975412,5.51463594758344e-101
0.727674395920982,0.00435745800159153,0.255803523719516,0.0112400058883488,0.000924616469561138
0.574372584545513,4.52349018924265e-41,0.306515785949286,0.119110816895694,8.12609506770023e-07
0.00390306243699674,0.188200288090255,0.0374574678826143,2.93334899519502e-07,0.770438888255235
0.171181418005365,0.826495783239166,0.000471123881370453,1.27674331315772e-06,0.00185039813078572
5.83076282379102e-06,0.00016810715313207,0.119860461258662,3.44339813748821e-08,0.879965566391401
2.52133954923063e-05,0.997589357449831,2.11528412530928e-06,1.62944566355535e-12,0.00238331386892178
1.25231834606453e-05,0.000734232713557245,0.164255655435167,2.11745892528554e-07,0.834997376921922
0.0057037224024093,0.99402266338091,4.12853404813355e-05,2.73646170029162e-09,0.000232326139737666
0.00226293758576072,0.848739318920695,0.000221129198623858,2.77980145609395e-09,0.14877661151512
0.00401335373377574,9.65212503901755e-39,0.194635899913984,1.30248861791405e-05,0.801337721466061
0.00823764502169453,0.0442199121632268,0.702997121991153,4.60027120518175e-06,0.244540720552721
9.36897178330722e-12,6.96407468670194e-08,0.000291247411026134,4.34934401623061e-13,0.999708682938423
0.812272027736713,0.187459071311326,0.000252653765529609,8.94876289770939e-07,1.53523101413658e-05
8.47787124971464e-05,8.54875421948294e-09,0.996206602174826,0.00370861056392237,1.0240329823271e-96
0.887348010600771,1.32648633357344e-39,0.0519307642389098,0.0606153071085354,0.000105918051783753
1.61263614366785e-05,0.00016483987905123,0.0677997728488629,2.31529314008266e-08,0.932019237757718
0.82787419636904,4.57233021372973e-06,0.0925896569714035,0.0795315011675777,7.31617650899818e-08
2.77716759407895e-06,0.0536995084999891,0.00144589028875625,2.30632334417903e-11,0.944851824020597
5.92814301201694e-05,4.98667921179361e-43,0.996529667949178,0.00334568466545408,6.53659552480353e-05
0.00172480050800469,0.997117562750583,7.97666333961453e-05,7.08994915514773e-10,0.00107786939902141
0.106274594772441,0.892774794758216,0.000598218221199667,2.23021212397672e-07,0.000352169226931149
9.43000897810443e-05,4.85745702121841e-45,0.892652230998313,0.107237562748514,1.59061633920084e-05
0.817510918636731,0.1819796532362,0.000409667721226089,5.46312265622564e-06,9.42972831869781e-05
0.375846892077377,3.51719905332186e-43,0.00268896036829163,0.62146414708169,4.72641078001163e-10
0.844218219629135,4.96227875324613e-05,0.00619512079822987,0.149536995231178,4.15539245816101e-08
0.0628369630353921,0.646746328605928,0.00632035060809683,1.5401874671299e-06,0.284094817563116
0.000407172578137645,0.868977407443271,0.000273752169625421,8.87292693953853e-10,0.130341666921673
0.90664718999703,0.066282347820184,0.0265559036967433,0.000193605454830125,0.000320953031212446
2.2339107504912e-10,0.00013259241931422,2.41685231603664e-05,1.20654410184138e-14,0.999843238834122
0.606024537914038,0.388209240497381,0.00531792318080978,3.82090394833969e-06,0.000444477503823598
0.966299635100673,0.026181818046059,0.00741081995942595,6.18372378919751e-05,4.5889655949679e-05
0.971963163108896,0.0260585672377344,0.00192791267596779,1.93540218627943e-05,3.10029555389313e-05
9.67078563541432e-07,0.00156907199517658,0.000978666588188846,4.20479381984759e-11,0.997451294296023
1.811793106689e-05,2.031986618803e-06,0.999492075996036,1.7446401732482e-05,0.000470327684545642
5.47636994258722e-05,0.0157109830736223,0.00194179055646504,1.2705456155115e-09,0.982292461399941
2.90018573714085e-05,0.0679892513642821,0.00735709166206284,1.44360612881108e-10,0.924624654971923
4.82386095718479e-06,0.0111252817068632,0.00661410657050429,1.65141946759917e-10,0.982255787696533
5.7308993130443e-05,0.00569369569803808,0.499131361080375,1.3415749833932e-06,0.495116292653473
0.99864560006274,0.000874474218017884,0.00043043633481539,4.93380533476009e-05,1.51331079192726e-07
0.00287969772865125,0.00931479592583306,0.987803941633292,1.56471222399795e-06,8.44486195471741e-92
0.00321490740461734,0.720857765946492,0.000421526781547237,1.6729308381982e-08,0.275505783138035
0.00234208459025299,6.37383578531558e-43,0.972367488781089,0.0247602968918068,0.000530129736851058
0.415414059440235,7.51173367657783e-05,0.54510929407337,0.0393885122097622,1.30169398676166e-05
0.000811116215140683,2.83795573262175e-05,0.998107793861727,0.000625200472875207,0.000427509892931313
0.0730709332371618,0.924666136799589,0.00189910561469511,5.47974856535375e-07,0.000363276373697963
0.0170284073493308,0.0125081689219855,0.965209701067393,8.95086749815871e-05,0.00516421398630909
0.00498341366723919,1.46816270150461e-45,0.00904855329012261,0.985968032400036,6.42602700240574e-10
0.890510846927726,0.10948728616886,1.63506737268803e-06,7.11053969512554e-08,1.60730643862629e-07
5.2245700735281e-05,0.00241916827907803,0.142769776674203,2.17631262548609e-08,0.854758787582857
0.00474842498634366,2.30461168941719e-05,0.980818322783134,0.00775724522155571,0.00665296089207258
0.00168957065835169,0.00373503503908973,0.983653375167152,2.7805436680728e-05,0.0108942136987254
0.00256154752521251,0.989034254492231,6.5046575375644e-05,3.15680565242681e-09,0.00833914825037542
0.0153629641135618,2.51908198980468e-46,0.0013308494182246,0.983306186468146,6.7629489611819e-14
0.000340194445021177,3.94463540498355e-05,0.995790761773785,1.04309035504574e-05,0.00381916652359376
0.00108525963129096,1.52460575344875e-05,0.998341221333342,0.000277426229967963,0.000280846747864618
0.00392046668841811,5.22317395236797e-43,0.585335436733372,0.410734238236437,9.85834177254837e-06
0.0144656512770067,0.983997639466354,0.00116625821500608,1.25933302573839e-08,0.000370438448302541
0.00338485643881512,0.860069921933237,0.00856839687013997,2.64407065869414e-08,0.127976798317101
0.0613539322677932,0.938553400897324,6.47638995043027e-05,1.97917606784623e-08,2.78831436174853e-05
0.883499539320994,0.0297344055088687,0.0763291646387882,0.000360262200399867,0.0100766283309498
4.08329263837127e-09,0.000233540504393585,0.000328228648063848,2.11279121208499e-12,0.999438226762137
6.46180568631861e-06,1.60545114845577e-50,0.0013775032386573,0.998616034955187,4.69392429700444e-13
0.00497887861216089,8.52801136113713e-40,0.44000231497581,2.4155620439575e-05,0.554994650791589
0.770217900484968,0.000118544223786866,0.218355066250404,0.0113067939147191,1.69512612205225e-06
0.99143652652058,8.50847440566359e-39,0.00788344506182386,0.00062298861933239,5.70397982641654e-05
0.171248129669312,0.820141890268696,0.00328206418818699,1.13538032008057e-06,0.00532678049348515
0.0464629783254063,7.90336206105945e-45,0.18670503720815,0.766831984466443,2.53009136287748e-98
0.181478648689429,0.818479935400066,2.37723604627742e-05,1.65219691890036e-07,1.74783303512089e-05
0.41756178039579,0.00329555946654568,0.551013278733191,0.0281152055607108,1.41758437623633e-05
0.726861019669097,0.00108509234519821,0.260167358399852,0.0117119453460867,0.000174584239766158
0.175499584052659,4.59127372378808e-07,0.0912992343740089,0.733200709421103,1.30248560447386e-08
0.39631217368136,0.199006072133643,0.32426869219635,3.16458285329187e-05,0.0803814161601137
0.999447894365502,7.08934115553614e-40,2.08442039713688e-05,0.000531240336924507,2.10936021119245e-08
7.4464212098965e-09,0.00044856997615773,0.000249177919748767,1.38406690155576e-12,0.999302244656288
0.050971326705361,2.52730489130746e-45,0.0371396679795017,0.911889004982782,3.32355397533634e-10
0.000125164627661616,2.31973195800303e-50,0.00104876089431653,0.998826074477939,8.2621931318683e-14
0.841526194095185,4.07020386828537e-40,0.155055381196929,0.00341346373881005,4.96096907563446e-06
0.977559635856457,0.0222351537458756,0.000200063482838561,5.14691482868497e-06,8.87308968603669e-97
0.243604195340938,2.36957026549517e-42,0.333700119722935,0.422679275463641,1.64094724852697e-05
0.218822117404404,2.79582652773094e-07,0.279098940367474,0.502078662645469,5.30048507765531e-99
0.000270723761610705,1.17603495078755e-44,0.892606847462897,0.107122428775493,1.40606732989074e-97
0.265834078437092,0.487252296935048,0.13258712676195,9.68478613073967e-05,0.114229650004603
0.989672817338635,4.25621417441244e-05,0.00129707620679936,0.00898750614518827,3.8167632873053e-08
3.3943858642397e-05,5.75518901106516e-06,0.932803794860822,2.18117529343218e-05,0.0671346943385904
0.000272358094695747,0.0592357729475161,0.0123932671786933,1.10456283860173e-08,0.928098590733466
0.00089729823464454,0.997528699852734,5.03341423375473e-06,2.84022625275942e-11,0.00156896846998566
0.0573310255798331,0.942667476563539,1.71221072238094e-07,1.95615475346551e-09,1.32467940102807e-06
0.00441561832256746,0.952284987307521,0.00333077064542933,5.40603731194152e-09,0.0399686183184447
0.000285596170331204,0.999230812103835,8.94715749222577e-05,9.19431823262474e-11,0.000394120058968366
0.780534806023809,1.54385163471943e-06,0.0381470634055266,0.181316580880337,5.83869325277636e-09
5.62359097511999e-05,4.46541378910202e-06,0.962883010524885,2.35079324909686e-05,0.0370327802190836
0.0560519117079007,0.943780180337498,2.57090818868999e-05,3.10302021011107e-09,0.000142195769694424
5.40260324622139e-05,7.75096826453658e-05,0.877015939315621,7.64874170885239e-06,0.122844876227563
1.15627237913825e-05,6.44509891948314e-52,0.000285725185089225,0.999702712091119,6.32259513055378e-107
0.000373123264068249,0.965606274661468,0.000172539406382839,1.27585826066177e-09,0.0338480613922225
0.105052363092877,2.85163001583688e-07,0.603672777229594,0.291274549835015,2.46795118289835e-08
0.436221922805498,0.562597052750415,0.00101873260293101,7.98439796480622e-07,0.000161493401359136
0.297204845966002,2.75688486190279e-42,0.0258449133855009,0.676950195188436,4.54600612616609e-08
0.961681796854291,0.0321073646912328,0.0056926978119652,1.88924794070082e-05,0.000499248163104177
0.578655393643132,0.406178960777894,0.0125320702455723,2.34139597755768e-06,0.00263123393742432
0.803681692903187,0.170420246077803,0.0189995051764598,0.000149707911578844,0.00674884793097058
0.521196889839588,0.000138107874532563,0.447648167870851,0.0310150045941874,1.82982084157875e-06
0.207024133007564,5.2032578364101e-05,0.697830733125445,0.095092277583886,8.23704741582211e-07
0.000397759236557876,0.0285225997413365,0.0324869268584206,1.85625782308801e-07,0.938592528537903
0.175521986545977,0.824416942872495,1.14547365084456e-05,3.18437153327859e-08,4.95840013044609e-05
3.81877310499357e-08,1.26075035310734e-05,0.0011381789846467,6.45459088050291e-11,0.998849175259545
8.84790331171577e-09,7.71931351886458e-42,0.00231652427028896,4.23944549662818e-10,0.997683466457863
9.95947233941534e-10,0.000162564704079054,6.27968995144672e-05,4.02171465041382e-13,0.999774637400057
0.908411033338415,0.0915352661194523,4.24627884305252e-05,1.01518271909924e-05,1.08592651134293e-06
8.12859437628969e-07,0.00154913698516547,0.00241303407094866,2.70842165328074e-09,0.996037013376027
0.0751458378150459,0.499869150207464,0.184782393692591,1.74089606248305e-05,0.240185209324274
0.30808039354393,0.691615440116795,0.000120621149730257,5.59790825567185e-07,0.000182985398718848
0.00167067439763123,0.996215125611307,4.76557881897249e-06,4.62969784996564e-10,0.00210943394927327
0.0637463217566917,0.936005251299558,0.000178751020565899,5.96361659171949e-08,6.96162870187016e-05
0.119391481913513,4.1013047813503e-43,0.0255006971209801,0.85510772881582,9.21496871822039e-08
0.0429460231097512,5.94100032015499e-42,0.87242033993726,0.0846301203500275,3.51660296139718e-06
0.0511189604084656,0.922141866300851,0.01477160973487,3.83425663522334e-07,0.0119671801301499
0.355055316155038,0.0020639277107224,0.63615219167929,0.00611271504598971,0.000615849408959277
0.000298954212278936,0.0736242254881022,0.084186091178521,1.92001915444898e-08,0.841890709920906
0.000154559322570376,1.8216722872473e-49,4.97209521303204e-05,0.999795719725299,7.86948690830258e-105
0.0464025284539623,1.68948212060366e-44,0.0028581970813078,0.95073927446473,9.21813396070841e-101
0.254915451103043,5.23411571643369e-43,0.156638021447654,0.588446519234763,8.21453912343458e-09
0.383394313648781,0.596669206626229,0.0135453296969647,7.52059965116577e-06,0.0063836294283742
0.0162727051228299,0.898032820293087,0.0185014918292062,7.39452191397559e-08,0.0671929088096582
0.192316269970598,0.807443084896806,0.000218086987927876,1.11017279237541e-07,2.24471273884351e-05
