0.0639555007957209,0.930741339712013,0.000835421329394934,1.11305318160572e-05,0.00445660763105499
0.228336244406486,0.741692687526128,0.0207757317595497,0.000151286153942439,0.00904405015389402
0.000151448408436988,1.10354946625002e-05,0.000836239656611328,1.88713404715286e-280,0.999001276440289
0.856243617364591,0.125558324902434,0.000181398038546645,2.26197073525726e-06,0.0180143977236936
0.000519514592361775,0.986612169349817,0.000133089264922113,0.0127339984895629,1.22830333595401e-06
0.00481974668958166,0.428494908025716,0.290475789381279,1.38434053372335e-06,0.27620817156289
0.000448588886134007,0.993142242608428,0.00509059656987144,6.49830383760213e-06,0.00131207363172933
1.35147110047301e-06,1.06381271137707e-07,6.71857223874696e-06,1.04156944453391e-285,0.99999182357539
0.000144358600909259,0.996036327542776,7.73594480938208e-06,0.00381151952839229,5.83831131623322e-08
0.00776484323738846,0.992120749988111,1.39423680284887e-06,2.34646288303981e-06,0.000110666074814507
0.91459605112624,0.00162334080780065,1.80688940783184e-05,1.30377438981341e-10,0.0837625390415042
0.000430635706364687,0.250406910425911,0.446635601618437,0.302351678288333,0.000175173960953609
0.111415095325841,0.852251386966922,0.0197575747904449,0.000177302242999064,0.0163986406737935
0.000187162508966874,0.00160972237377921,0.932685328727669,0.0654065128031559,0.000111273586428752
0.00206814850918727,0.000201407071336408,0.0178466886361108,2.69060647931007e-09,0.979883753092759
0.0623209164616892,0.935368633328557,2.03017459894446e-06,0.00230307725160697,5.342783547668e-06
5.52148873102426e-07,1.09200894991909e-07,0.80346941707549,0.196529920559583,1.01515841582308e-09
2.30679978037201e-06,8.01551807119022e-06,0.93723159338662,0.0627580463634383,3.79320904312725e-08
0.882271135250018,0.0277256660586499,0.0771099993993355,0.000252543672398141,0.0126406556195986
6.1330054509671e-05,0.00132622342244738,0.986388547213512,0.0122210206241615,2.87868536948313e-06
0.0139528374295419,0.252700442393597,0.000246670453817361,0.733098773436168,1.27628687625327e-06
0.00603573749176294,0.14030858365193,0.0264339924100387,3.09862899303625e-274,0.827221686446268
0.8344514288888,0.11268158659715,6.15278707832e-05,4.09191123330084e-07,0.0528050474521429
3.72539064572501e-05,0.0167608984320956,0.97970372178962,0.00326916726101912,0.000228958610808343
0.0499369754533675,5.19753558616063e-05,0.0344612541192465,1.6790174160653e-10,0.915549794903623
0.979598531201084,4.58732834402727e-05,0.00512219510075651,4.38725779664041e-08,0.0152333565421415
0.00222920688292513,0.00194526809335405,0.973204391216122,6.61257061308324e-05,0.0225550081014682
0.00341658650883189,0.177610679115522,0.817900161407002,0.000725956388266637,0.000346616580378203
0.0270785041337012,0.0360972510841344,0.0011537048738269,1.66310101079392e-10,0.935670539742027
4.1802682510555e-08,1.12793907558411e-08,0.00460567098078766,0.995394275931387,5.75207114703449e-12
0.000146164949496054,0.605582913674267,0.389377735380677,0.00220123367964099,0.00269195231591866
0.00139138035035481,0.0316572688325207,1.39933170186987e-05,0.966937355900005,1.60010043159002e-09
0.00157019420019627,3.08112718049761e-06,6.84714305920849e-07,1.90823272320537e-282,0.998426039958317
0.00377974817350364,0.995401598767286,2.41069777667192e-06,0.000816017699496132,2.24661937222639e-07
0.0577929403299619,0.136906377206413,0.783287812931186,1.94307097207622e-05,0.0219934388227185
0.0213254191215018,0.238901127862442,0.000328670549848634,1.03034262067175e-275,0.739444782466207
7.52600704564081e-07,4.5790976505868e-09,0.978057859282896,0.0219413833045973,2.32704777042016e-10
0.0480642759276489,0.804272153055957,0.095899382370948,2.9720157023222e-05,0.0517344684884224
0.94799300937371,0.0511172416651686,6.58980591858816e-07,4.18511486524671e-06,0.000884904865664314
1.35535577425117e-05,9.18025301840566e-07,0.806152386434583,0.193833098696274,4.32860989147856e-08
6.83992464007858e-05,5.606441213835e-08,4.94796751338426e-07,7.97891592573992e-286,0.999931049892436
0.0908959840204099,1.15634364444354e-05,0.000294842739967266,2.00376373835096e-12,0.908797609801175
0.00113971791342293,0.000763205036269911,0.000683991811622411,2.94921268746663e-12,0.997413085235736
0.938036614280677,0.0149328418743737,0.0451546270855879,0.00165762090783604,0.000218295851525104
0.178799352822604,0.0998560096178038,0.180577327100357,4.61485980854092e-05,0.54072116186115
0.00112617892722166,0.997412589548424,1.95341286879228e-06,0.00145822496635354,1.05314513202437e-06
7.42784441256124e-05,0.99231743757924,0.00291430285999346,4.56723094214828e-08,0.00469393544433156
0.000244457496366903,0.988060773000939,1.46295652501029e-07,0.0116946016193136,2.15877278065983e-08
0.000518532494410537,0.982490650714857,0.0141079230425764,0.000359626943933783,0.00252326680422178
0.349418837181099,0.0023670797772521,0.62214291590866,2.21886077575035e-06,0.0260689482722129
0.103304450646631,0.0283450278589251,0.789463537334202,0.000120128663429769,0.0787668554968121
0.0744138219532759,7.19539680561987e-07,0.00020581811850545,4.60240841284219e-13,0.925379640388078
1.40205542429771e-06,2.02340396803963e-06,0.977023675155253,0.0229726600282452,2.39357109072654e-07
0.919057521833206,0.000328603666991332,9.6345141364667e-06,4.66612391889301e-10,0.0806042395190536
0.0289072425058729,3.70397911842321e-05,0.000118033227514486,1.20206021344767e-279,0.970937684475428
0.811337478550978,0.187693476273056,5.07527961679245e-05,0.000361560538630275,0.000556731841167527
0.50875722764492,0.0160659139397167,0.392042944163639,0.0830269619696236,0.000106952282101205
2.99725376390215e-05,0.0012626646451265,0.428255094130033,0.570452003748204,2.64938997149061e-07
0.000588857302404989,0.0022055267993391,0.0011518000653846,0.996053799612663,1.62202080144072e-08
0.000250734239742131,0.981891021385465,6.68900573843538e-07,0.0178575720738493,3.40036933060283e-09
0.0221055061118972,0.0450231508626514,0.92654508867756,0.00192118029665471,0.0044050740512368
0.00057462731635007,0.967847521099548,2.60972275312873e-06,0.031575125431572,1.16429776997022e-07
5.16222398026992e-06,1.72405058067256e-07,0.000368277318650426,2.26127368451798e-16,0.999626388052311
0.011418200976805,0.585316579698799,0.264545702574621,0.138222252914943,0.000497263834832368
0.0023592285631872,2.75703978058105e-05,0.0942882741366023,4.598571451797e-10,0.903324926442548
0.000146676582871576,0.743518308659246,0.027153154318955,0.229175521847701,6.33859122603415e-06
0.902225968041813,0.0964365387719726,3.79404988102337e-05,1.79078373826201e-05,0.0012816448500214
0.0323308794046118,1.19853888933648e-05,7.22047155318505e-06,1.7346449105621e-280,0.967649914734942
0.0122538768306301,0.987226074902137,6.74357002699915e-07,5.56356121424081e-07,0.000518817554108277
0.993026649958103,0.000105934578775596,3.26906608110038e-06,6.23320946463455e-09,0.00686414016383068
0.949164957771957,0.00187576484478499,0.000578712271264309,1.75581028722227e-07,0.0483803895309654
0.000431003892163599,0.999018016162179,0.000202555316797256,0.000277076466722643,7.13481621375034e-05
0.000437078890796711,0.00908730380793998,0.850487279548171,0.139986867125557,1.47062753530905e-06
0.248054930153533,0.00109953384502862,0.000245027875665849,4.75834095791813e-10,0.750600507649938
0.000415413525603476,0.00339395102978188,0.317696821015795,0.678481080615878,1.27338129415155e-05
1.44289478104925e-05,1.87517365908674e-07,0.017543374701089,1.27559626223025e-12,0.982442008832459
0.000341092079146835,0.0168538792746298,0.981750489754389,0.000376519134925017,0.000678019756909559
0.00250566779668316,1.04413410635005e-05,0.00155856404907506,2.10856351920649e-12,0.99592532681107
0.00524046337616297,0.00939730567878658,0.00256574157973298,5.18254112581806e-10,0.982796488847063
0.000528905669855137,4.46755202696247e-05,4.79684667708216e-07,8.01833731965057e-15,0.9994259391252
1.28449365312319e-05,0.567442672518351,0.296263993900202,0.136272682240515,7.80640440112192e-06
0.000308868313516808,3.31207608260864e-09,4.50882745494717e-06,9.91333713178125e-19,0.999686619546952
0.00463899970649373,0.00267143399301253,0.943945913011034,0.0486606645296998,8.2988759760144e-05
0.87030986721518,0.000225821386054763,2.96742412930236e-05,2.1139880585708e-277,0.129434637157472
0.359525200962285,0.000348209600156976,0.0457442123481054,3.00902104887976e-09,0.594382374080431
0.727297104059565,0.00962767834393777,0.0426465743725231,3.45368166569434e-07,0.220428297855807
0.00138657364723752,0.998598751770596,1.44134519160943e-05,4.75995994986484e-269,2.61130250397608e-07
0.000737593326375038,0.997312000355735,4.1939885180972e-06,0.00194558243933268,6.29890039046759e-07
0.00165823631289608,0.954246978962444,0.0013951506204728,0.0426974139310583,2.22017312887158e-06
2.62718866129619e-05,0.000146216451494581,0.978266126825614,0.0215476823972844,1.37024389934552e-05
2.99208371321018e-06,0.000411792025484969,0.000166001354835541,0.999419213890212,6.45754677228144e-10
0.00214990846749726,0.0832695016806747,0.0576054243949595,1.04680315224266e-07,0.856975060776553
0.00304574420470669,0.993646558487525,0.00170997071947354,7.51504322648041e-06,0.00159021154506772
0.000205330773111078,2.12197541088018e-05,7.29101672346614e-08,4.99434836733347e-283,0.999773376562613
0.00347361784465581,0.41303082756995,0.576109182881199,0.000186969479685907,0.00719940222450909
0.00167684508769811,0.997993745125015,2.48403399121869e-05,1.86917845544279e-07,0.000304382529528803
0.383481788536923,0.183034765786788,0.000149694019759853,1.16670007499819e-07,0.433333634986521
0.00200237134696067,4.22376835037842e-05,0.131804518214216,2.83644397044884e-10,0.866150872471675
0.000660808228570112,0.00665059162658429,0.69100434888586,7.47162048621565e-07,0.301683504096937
0.74626286057982,0.0677010655644676,0.180066371149092,0.00328026805181433,0.0026894346548065
0.000152169257375794,0.000483250111834432,0.00167145546776484,0.997693123492053,1.67097223488333e-09
1.25457483126173e-06,0.00204012338071727,8.97310625896745e-06,0.997949648459105,4.79087545964204e-10
0.868503915613352,0.000372179694866744,0.127565199512713,0.00355195622023187,6.74895883540639e-06
8.1003538831087e-05,4.9628483570306e-05,0.000943626907091852,0.998925740508534,5.61972815009528e-10
0.87937293074232,8.23703316898665e-06,0.00907832389892743,2.55643433081355e-08,0.11154048276124
0.0188652855715062,0.8915937243871,0.0797705845004844,4.28866286149798e-05,0.00972751891229469
0.000430836247806841,0.0192430228662917,0.281174414447765,0.699145848274183,5.87816395312142e-06
0.99818213190333,1.26441258442633e-05,0.000244462218846888,1.4098138248767e-274,0.00156076175197923
0.647326893466587,0.023658380265886,6.93037718553818e-06,1.07849006352528e-09,0.329007794811851
0.000810244360256918,0.274531056580244,0.613604214832051,4.74560525666542e-06,0.111049738622191
0.168256064666235,0.0830440657398092,0.0133020891892814,1.59484107833168e-08,0.735397764456263
0.0366452010852789,0.96315727308994,8.96625564777711e-06,0.000115963777438719,7.25957916949066e-05
0.231749743021629,0.0646909653230241,0.0407396406987912,9.95557056137062e-07,0.6628186553995
0.000322471853109737,0.999254800878397,0.000229444056816556,8.00494561977114e-272,0.000193283211677116
0.00523862368378789,0.993024423237951,6.48159151947396e-07,0.00173611319674474,1.91722364113742e-07
2.24727094010637e-06,0.00101759359635484,0.031176495647123,0.967803661946076,1.53950623031498e-09
0.00398435687205403,4.78005324931428e-06,0.987220250631801,3.89207090092156e-08,0.00879057352218716
0.345441509903043,8.93832725772935e-05,0.000688818656968005,5.73232586379392e-10,0.653780287594179
0.00078769203318406,0.461567275092489,0.191714992267192,0.345925581090899,4.45951623568187e-06
0.880822034703823,0.112735680135191,0.0041439668624604,0.000582728239953501,0.00171559005857149
0.000435462018339123,0.990130220669204,9.75543252500689e-06,0.00942439936173895,1.62518192575018e-07
0.00227574230164634,0.0123674721980085,0.982905991755881,0.00150438208245121,0.000946411662013142
0.024660416349043,0.973699872439393,1.17286336713866e-05,0.00162214555625142,5.83702164157524e-06
7.81568720746373e-05,0.95521057292656,0.0437679905685259,0.000622699065632744,0.000320580567206366
0.000268344570092781,0.0077594786868276,0.0248676804624339,0.967104227764672,2.68515973899422e-07
0.0139161610952916,2.42545382402468e-05,0.0120275892217942,1.57830833044027e-10,0.974031994986843
0.00426356819175968,0.716098761920985,0.212490173367541,9.18573519003845e-06,0.0671383107845241
0.0528809742531848,7.60149134319851e-06,3.57411986029792e-06,9.82182752414201e-15,0.947107850135602
0.708407458672491,0.000181830171722495,0.174821785764804,5.90860719814375e-08,0.11658886630491
0.779306903493847,0.000531771326950152,0.038154504822701,1.72129342290406e-274,0.182006820356502
0.0208913128378723,0.906543141022719,0.0299272080984679,0.0426215411210958,1.67969198447415e-05
0.000548595341172569,0.00263864039710816,0.994388778725586,0.00225734262626192,0.000166642909871681
3.63687984004765e-07,4.02551625035276e-07,0.00319128746405025,0.996807946263243,3.30979217933421e-11
0.000183960145439488,0.188401225458479,0.804776129629317,0.00341654714218347,0.00322213762458187
0.198403267815718,0.781211839333578,0.00656302690343916,0.000253698950838437,0.0135681669964267
1.48630673800317e-06,0.000418197340062918,0.00170502820346548,0.997875286796107,1.35362621330654e-09
0.972792114045222,0.0250946304579806,1.88211111782098e-06,2.08055958383797e-08,0.00211135258008379
0.961865485343821,0.0150928731994756,0.0199611643027776,0.00287555225871754,0.000204924895208243
0.153980417453136,0.835103999810569,0.00577546061217312,0.00426505617222662,0.000875065951895122
0.944072128283405,9.25340489645484e-05,2.36932301935102e-05,3.12317994921816e-10,0.0558116441251193
0.540171249548468,0.17358981784308,0.161843334685111,6.84284330899259e-05,0.124327169490251
0.00161743919292774,0.912810820176035,0.0541856676468151,5.99121159491625e-05,0.0313261608682725
0.975415087823171,0.0144295564199914,0.00402938923980822,2.56470193664145e-06,0.00612340181509232
0.0586790198751986,0.940570677035405,1.6887293990443e-05,0.000347996334564442,0.00038541946084168
0.000263643292252726,0.824584845886568,1.27590241249943e-05,0.175138713807958,3.79890963224986e-08
0.0001406935101525,1.02714340426531e-05,0.333964837579679,1.76785255379083e-11,0.665884197458447
6.7933384547733e-06,7.80805504095015e-05,0.00039084398363002,0.99952428171093,4.16576144041268e-10
0.946519258127945,0.0398642442223485,0.00717216512562648,8.63202342346797e-05,0.00635801228984539
0.793350877168305,0.200631323379784,4.35172339648884e-05,0.00588546110083315,8.88211171139357e-05
0.000488773644244273,0.981992592132524,5.91921800596843e-07,0.0175180273262669,1.49751640793466e-08
2.10408985922843e-05,0.999916241625536,1.2048787047065e-05,3.12444717785001e-05,1.94242170463247e-05
7.0323033102367e-05,0.00149071152575846,0.0173015125828876,0.981137444649246,8.2090055073697e-09
0.772233653507517,0.0875454170203589,0.055613194292754,5.49608525727257e-05,0.084552774326797
5.45597069261157e-05,1.81379734282937e-06,0.94059992666308,0.0593436713503962,2.84822548712465e-08
0.000863157350458953,0.000142313623127118,0.539939489241586,0.459054154464181,8.85320647111711e-07
0.00801705727620947,0.955536221771629,8.06566547079937e-06,0.0364385852484209,7.00382692606825e-08
0.517195419627589,0.131321781628812,0.342928030072807,7.46986401719895e-269,0.00855476867079229
0.000362503006086611,0.996237904795697,5.8296677402018e-06,0.00339333309633017,4.29434146113788e-07
0.00532908075817547,0.829580137134971,0.144408402822735,0.0205324506931576,0.000149928590960788
1.00527107217225e-05,0.0013936042323291,0.018282584213949,0.980313728984158,2.98588425178879e-08
0.00113328953585085,0.00554621145920376,0.0546108710608715,5.00388187148869e-08,0.938709577905255
0.111297381556593,0.00150016061120952,0.000252539789010778,2.54910468161956e-275,0.886949918043187
0.00346926763339792,2.04772831629292e-06,0.996412580514667,8.47108449500524e-05,3.1393278668332e-05
0.000123315005078758,0.00774269435505383,0.00446913983151976,0.987664843241436,7.56691209527722e-09
0.0481653870327807,0.301088596140844,0.607162645963664,0.000118443158068488,0.0434649277046432
0.633624451826342,0.0195921397766287,0.217500476191243,3.98429018260208e-05,0.12924308930396
4.16517150362727e-05,0.000772309145354108,0.000113151884636512,0.99907288609335,1.16162353648511e-09
5.63309147636889e-05,0.907870285830903,0.000142260872112019,0.0919309794476833,1.42934538404157e-07
0.00143953266211108,0.997612525578175,0.000474006337525416,5.61708683087075e-05,0.00041776455388029
5.94395582250187e-06,0.00136627346846342,0.000168023544438284,0.998459758736777,2.94498370934841e-10
0.00606416699577577,0.0154158262744555,0.970018205005214,0.000526453416313706,0.00797534830824115
0.0244012425659187,0.0128399142735443,0.0199493496404797,7.71602970215629e-08,0.94280941635976
1.26951543551787e-06,1.13761256836435e-08,3.4857652153866e-08,5.43887305859934e-287,0.999998684250787
0.0156457316392396,0.983845462284481,4.14453512861037e-05,0.000196146802483895,0.000271213922508939
0.00955110331187901,0.000345689353671769,0.923568946605954,2.89584697264224e-05,0.0665053022587691
0.234610223256135,0.141015937476511,0.00187904890100805,2.6662647410814e-08,0.622494763703699
0.000920225727322224,0.000147042611246386,0.768726332108618,0.230205768578514,6.30974299182955e-07
0.327685542458306,0.473020890758219,0.12019783936609,0.000177273544131073,0.0789184538732538
0.154927991363642,0.0328109597498476,0.557161546843537,0.255027162371263,7.23396717103952e-05
1.22302847949666e-07,1.13398060734899e-05,0.000271290789869664,0.999717247024886,7.63227332223464e-11
0.00368949712271109,0.0369010374118403,0.0219041630947945,0.937503040211717,2.26215893711224e-06
0.00270358607651265,0.961312909273317,0.00198832574402372,0.0339875607524626,7.61815368376149e-06
0.0673159100925432,0.837559145601336,0.0649653382004143,0.0254312182448286,0.0047283878608782
0.968609845658314,0.000132506433764809,0.00099656693785924,1.67799473107711e-277,0.0302610809700623
3.00272261973978e-05,0.999448867779681,0.000119011392559461,0.000393204510226284,8.88909133647126e-06
0.856942160920478,0.122433998915881,0.00152309625880953,2.9955457820606e-06,0.019097748359049
1.37102455801446e-06,0.00011398275338029,0.000957028111486216,0.998927618072726,3.78490707057848e-11
0.267076199078569,0.657451047402765,0.061275523933675,0.0128492359854132,0.00134799359957755
0.209603684847386,0.768580357097063,2.56940236855315e-05,0.0217889237389046,1.34029296026841e-06
0.0288581768020024,0.000240282916136995,0.0721057318512318,0.898793473098839,2.33533178984853e-06
0.017700061649805,0.493362688616679,0.0963013253813713,0.392620876506981,1.50478451638226e-05
0.152580685525637,0.000294465883210797,0.74495808569145,0.102155933539624,1.08293600784186e-05
3.06894621370972e-05,0.000411701113139069,0.99793585614202,1.34560720244748e-08,0.0016217398266318
0.460436141700255,0.488549808795733,0.0105962380005461,2.34267870370167e-06,0.0404154688247621
0.00376922928712408,0.984384504198658,0.000402952890077034,0.011357229122126,8.60845020151603e-05
3.42806106807309e-07,3.46133130656809e-07,0.108435779957143,0.891563531015509,8.8110833599989e-11
0.0916628791298229,0.885774556773612,0.0146477493771957,0.00607253736087152,0.00184227735849788
1.28330953074513e-06,4.92106207242832e-07,0.255106296953408,0.744891926664728,9.66126042780853e-10
2.39055307245619e-07,1.52976825343121e-05,0.000509452558009894,0.999475010682576,2.15723451852191e-11
0.0382774411693426,0.177054312100588,0.616910969582899,0.167721959291089,3.53178560814476e-05
0.00176326840634361,0.00047305039529865,0.00462418400688802,1.02600109819178e-277,0.99313949719147
8.29277202072362e-05,0.431964099866924,0.499064587366183,0.0688461956878724,4.21893588135797e-05
0.00283849818955563,0.981936449421934,5.54017410379245e-05,0.0151689880778946,6.62569577633869e-07
0.00295548318157864,0.971541497702565,0.0243865788255569,2.88988930441053e-05,0.00108754139725499
0.00904954241387022,2.94991546187369e-06,6.93905913841687e-05,1.03176198053429e-14,0.990878117079273
5.46133646237828e-06,0.00661214836509397,0.000138911510838023,0.993243477913904,8.73701509563318e-10
0.000453080609626045,0.99844285454245,0.000668065874163963,1.44269700854122e-06,0.000434556276751881
0.00102228813919656,0.0496048905537671,0.00120211970631098,0.94817008036776,6.21232965762075e-07
0.793875425850599,0.0201568139234485,0.00339148935916904,1.5851423871058e-08,0.182576255015359
0.00707369371645321,0.977261132300082,0.000157516353847315,0.0155062194458505,1.43818376656504e-06
0.119690474168458,0.000183283330225249,0.0425499284592,2.40197104304437e-09,0.837576311640145
0.771907584805738,0.0107739368831634,0.00196846031702474,0.215331473663946,1.8544330128427e-05
0.159917592291521,0.000255408151197365,0.0191453305383865,2.89938102208642e-275,0.820681669018895
0.00485259399241217,0.974166667373557,0.000760826388938405,0.0202182121094586,1.70013563386577e-06
0.00672200669720552,0.387532353281742,0.0178059722791531,0.587938216667832,1.45107406778192e-06
1.20691593459399e-05,0.00077499672695033,0.978091725249537,0.0211176224501565,3.58641401018981e-06
0.0983702861182768,0.825845035503835,0.0160935185564153,7.06902392149738e-07,0.0596904529190807
0.0137830097786455,0.0225165645899379,0.000584021279633879,3.28637851806867e-11,0.963116404318919
0.0206449886019322,0.88921482760476,0.0709472819633996,4.50874380825899e-05,0.0191478143918262
0.347037010270706,0.000597979204028348,0.000203286299707392,8.22651149626735e-11,0.652161724143294
0.102730672784599,0.000197061578810804,0.893885912436042,3.08849022351902e-05,0.00315546829831305
0.00189352402864022,0.0318869852428289,0.000927933821899071,0.965291312860519,2.4404611251545e-07
0.938649141599686,0.0518254671739219,0.00849723113869735,7.30850164005153e-05,0.00095507507129435
0.000176120349076806,0.00053954075899085,1.42323589258556e-05,3.01871252957038e-279,0.999270106533007
0.274147686944184,0.000142428945626935,0.491918979966321,1.90272940467712e-06,0.233789001414464
0.000729770121881869,0.000138573342267043,0.998711140315691,0.000415958338351485,4.55788180815573e-06
2.13838306495527e-06,2.6154974401686e-08,0.229217119834383,0.770780715504045,1.23533349101938e-10
1.54792317385089e-05,4.74873937189877e-05,0.222630103188721,0.777306880118029,5.00677922582674e-08
4.64019624500426e-05,0.999020640403897,7.8069185133988e-06,0.000924917524980897,2.33190158555124e-07
8.49796682069814e-06,1.71131427314906e-08,1.63655943848975e-06,1.02694959961396e-18,0.999989848360598
0.0187562592696822,0.961455658547081,0.00852809857501294,1.7224685890175e-06,0.0112582611396345
0.431422624003071,0.420195651614316,0.000295560138094687,2.58978058686082e-07,0.148085905266459
0.624621504047527,0.0112140561763967,0.0017448742409413,5.43686115898892e-08,0.362419511166523
0.00055047137126478,0.997082478841211,0.00169509548764211,0.000665702774682952,6.25152519959064e-06
0.0027620584787203,0.938391930586119,0.00819567747332573,0.0506437505219135,6.58293992105565e-06
3.10141537320353e-05,0.135516353832207,0.862463338357531,0.00103760571406091,0.000951687942469617
0.844653411555004,0.0119853877778667,5.55430224089267e-05,1.59349592813728e-09,0.143305656051224
0.00248909058450209,0.305651895970145,0.642054168964552,1.14472234443542e-05,0.0497933972573567
0.00117693208760544,0.503091543021565,0.00610711237550946,0.489619495112229,4.91740309049938e-06
0.00623877093856623,1.40458687691757e-06,0.00706791999127667,1.56122509430592e-279,0.98669190448328
0.00118201666200547,0.84818287629745,0.0514630607722933,0.0991582695246218,1.37767436292662e-05
0.0209380364847065,0.97721040621386,0.00105407972118572,0.000330111391274003,0.000467366188973314
0.000225483616505358,0.998979047184677,3.21424828701849e-05,1.74277349220482e-07,0.000763152438597984
8.13711974150576e-08,5.07774729039939e-07,0.000215484066950383,0.999783926779463,7.65971409345209e-12
0.00365403458849699,0.994231949354347,0.000197320189088264,0.00187618064032153,4.05152277460651e-05
0.0353383182420351,0.00779032487332185,0.582157601769233,0.374685613493799,2.81416216107885e-05
0.0601238814304479,0.0386058345735102,0.460316866299117,0.440878184549078,7.52331478471024e-05
1.19974978609746e-05,5.26496168258785e-05,0.188706042857848,0.811229094205071,2.15822393699393e-07
2.49610608575069e-05,0.980164683748559,0.0173672512964371,4.20978014954071e-06,0.00243889411399654
0.000358808424286365,0.99953122932082,1.86260094198834e-05,8.55514491337967e-05,5.78479634027935e-06
0.874536877891707,0.000107992973781241,0.118204417655647,4.1691269901878e-06,0.00714654235187422
1.19144468172766e-06,0.0111814097036017,0.000431709426082392,0.988385683661077,5.76455691233241e-09
0.980762985338754,0.019034846743421,4.9850509339519e-05,0.000129091428101177,2.3225980384819e-05
0.00143073672188293,2.43384666747193e-05,0.983023551227772,0.0155211864281958,1.8715547490883e-07
7.98781661869644e-06,0.000140114990527381,0.0253742349147477,0.974477659913204,2.36490256521781e-09
0.964243913572482,0.024193061823461,0.0096858216919805,0.0011005132482138,0.000776689663862338
0.0997202636734661,0.752259224678301,0.00611033497800401,4.54121098775503e-06,0.141905635459242
0.00409500598729254,1.12159786705102e-05,0.000505690876109061,8.20698497093603e-13,0.995388087157107
5.07349913532475e-07,0.00040748578468755,4.7037830514802e-05,0.999544968492269,5.42615141847359e-10
0.0170449404680181,0.98213166992992,0.000509465394770424,8.9365324428643e-271,0.000313924207291753
0.0136375364346097,0.00196706310497243,0.983094543072811,0.00122356163509041,7.72957525164818e-05
0.0276875904518014,5.77330470469302e-05,2.48401756096188e-05,7.80373264509783e-12,0.972229836317738
0.099722288803878,0.900184237670907,6.62427061689412e-06,5.25921220474075e-06,8.1590042393284e-05
0.961411783082612,1.73975548277483e-05,0.0357677131221388,4.07361885104912e-07,0.00280269887853622
2.85804953804597e-05,4.51335322512561e-05,0.99979906040082,1.86830237317512e-05,0.000108542547816393
4.07565344477159e-05,0.972556910488391,3.35745236295836e-05,0.0273684220562094,3.36397322110857e-07
0.17008437990089,0.00113119703360943,0.646075968345823,2.55230115509518e-07,0.182708199489562
0.000169648502564359,0.938983578095908,1.49792046404513e-08,0.0608467573277485,1.09457427522469e-09
0.0068108790636011,0.979387349158051,0.0131461968944268,0.000490942190997598,0.00016463269292307
0.00584608195498446,0.965052908299663,0.000276698313145007,9.95372114158007e-09,0.0288243014784865
3.72899072146026e-05,0.999908912917795,1.61691842655013e-05,1.83533997022075e-06,3.57926507545119e-05
0.027151506239669,0.0115032452504667,0.852361399577386,2.2235274239917e-05,0.108961613658239
2.22308483994307e-06,1.11372128889703e-05,0.00234074610756718,0.997645893423737,1.70966860596021e-10
0.195080421577619,3.53113772905428e-05,0.0875969866773983,7.56974551528354e-09,0.717287272797946
0.000733916381153283,0.998063018410107,6.16884185594471e-07,0.001202057279572,3.91044981857131e-07
0.0166481474586732,9.70595015270206e-06,6.93566629162812e-07,6.91948748939191e-282,0.983341453024545
0.00261394360756738,0.385458030505583,0.00311387112683538,0.608813781871945,3.72888069644198e-07
0.0298400322343675,0.113535676126348,0.627345847371558,0.229003054111309,0.000275390156417185
0.0167248001829887,0.000517320553585922,0.546121853390652,5.68100708011385e-09,0.436636020191767
0.00799166818454651,0.991320241946509,0.000188226465292664,7.15233824782822e-06,0.000492711065403771
0.000225189434834002,0.93527917472569,0.060764497414643,0.00360252218714448,0.000128616237688383
0.00317246062714478,0.00520012279189581,0.000244783751278079,2.53567798623262e-278,0.991382632829681
0.991106907273596,0.00530617249710513,0.00313817503085405,7.76844818729852e-05,0.000371060716571983
0.00332117182783884,0.590667157914732,0.046266676060183,3.08959520002823e-07,0.359744685237726
0.00125958737631153,0.0287184177432969,0.0764654251343327,0.893552361056177,4.20868988219392e-06
0.00550351518204517,0.447201971042351,0.00013127814126425,0.5471625924274,6.43206939390188e-07
0.00466184919312478,2.44169039607795e-05,0.954914649660386,0.0403983496143183,7.34628209773833e-07
1.14023058475771e-06,0.0033440675039381,1.22255859567247e-05,0.99664256661933,6.01908148938466e-11
2.00947795218797e-05,2.32916639248562e-05,0.992612642842484,0.00734229566461862,1.67504945016735e-06
0.000132188343531943,0.447036390226335,0.000359129999884627,0.552472189947805,1.01482443195234e-07
0.000128869792468393,0.00126810548820101,0.000376156293795679,0.998226863652624,4.77291127139985e-09
0.0707678269392934,0.00747512412920956,0.838702756795684,0.0829446712715856,0.000109620864227535
0.000120674531402904,0.00661313333028107,0.952306774360836,0.0409306555922039,2.87621852761043e-05
1.90757954336826e-06,1.56938277481021e-09,0.888886270839591,0.111111819784303,2.271792894243e-10
0.00401410976661454,0.994015040076932,8.36279432408373e-05,0.00188434483464793,2.87737856483351e-06
0.000508751919733838,4.20706955631624e-05,0.985263394626565,1.95759024115355e-274,0.0141857827581381
0.998671957419345,0.00122564286471592,3.71684037416169e-05,7.88264130355976e-06,5.73486708933889e-05
0.000134571930145682,9.76447545116871e-05,0.950245127089905,0.0495215054891196,1.15073631774562e-06
0.00153789017848544,0.774892884894506,0.0107699217470027,5.52778972842769e-08,0.212799247902109
1.6897747885373e-06,9.5758024986876e-06,0.00398195101030591,0.9960067832809,1.31506690589643e-10
0.655735159378036,1.6018668411788e-05,0.342889508194231,7.4896260732113e-05,0.00128441749858868
7.21882987957841e-06,0.119395934390588,0.000955692870102915,0.879641131106585,2.28028446993953e-08
0.000437321634535458,0.893388386917411,0.00167097843270906,0.104496407230526,6.90578481870077e-06
0.967466189075113,1.37804038253882e-07,0.00784481668557181,8.73978068493701e-09,0.0246888476954959
0.0322029351142051,0.966388821352623,3.685495154655e-05,0.00136356047010483,7.82811151998221e-06
0.714468528343185,0.00745646588784781,1.22322941853008e-05,1.54721020854984e-09,0.278062771927571
0.360271212938746,0.447529137807357,0.000622755845607246,6.06318130595446e-07,0.191576287090158
0.00406246420391843,0.0707443843358655,0.00845359787407527,0.916735766849165,3.7867369756098e-06
2.34847203093121e-05,0.00124735417740885,0.000987353278680381,0.997741805275327,2.54827483886958e-09
0.37873220627126,0.603225887097809,0.00821213711496629,0.00947864827745177,0.000351121238512622
1.21142610369153e-08,4.85843177322718e-09,0.00980410783880602,0.990195875187591,9.09747417915186e-13
0.00638965339690779,0.942935754260829,0.0015386824822727,0.0491320461269658,3.86373302462796e-06
0.0726073176936392,0.923284829395746,0.00337323752318612,0.000508083526299833,0.000226531861129103
0.000543333795627335,0.998592490130551,0.000582467409188539,0.000219039163025171,6.26695016086271e-05
0.00010235593824178,3.86878091904542e-05,0.0374575180187503,0.962401436090271,2.14354654598632e-09
1.01377151068089e-06,5.82036093541417e-05,0.999519070274797,3.51511276641025e-07,0.000421360833061456
0.000173636014937387,0.000279212504011524,0.0356547393347381,0.963892385388864,2.67574485715632e-08
7.22116304184216e-06,0.000429650805908685,0.0194101587973579,0.980152968329257,9.04434936233158e-10
3.19626898339095e-05,0.000211502344055903,0.129828155732405,0.86992836493474,1.42989650605314e-08
1.38076142365717e-05,0.000287627296184744,0.995067508632257,0.00461670779659566,1.43486607265158e-05
0.0603413854499288,0.939515354806824,1.44564508447207e-05,1.97156399296356e-06,0.000126831728409842
0.000458807334648742,0.000826638373312638,0.998713501928773,3.67628377489474e-268,1.05236326529424e-06
8.0506632084991e-05,0.00154462531458953,0.000220868634285328,0.998153993763548,5.65549246902975e-09
0.445414264999747,0.000456230346783977,0.536285794653869,1.46629529315203e-05,0.0178290470466681
0.839666998146706,0.128121649186407,0.0241637659654643,3.01942996292151e-05,0.00801739240179301
0.000259312000597847,0.000755265275260188,0.998047468440016,0.000198823460249152,0.000739130823877018
0.000167043081504089,0.982367411531381,0.00119923466451678,0.0162512700096314,1.50407129665812e-05
0.00264488472319873,0.130772320931464,0.858181351952553,0.00568450095449263,0.00271694143829183
0.994738634643297,3.15245348500569e-06,9.64734359870507e-06,6.43580566925135e-12,0.00524856555318296
0.000322039488617731,0.999554785158778,1.28015502155846e-07,0.000122882462325741,1.64874776179734e-07
2.94840137648581e-05,0.000486928703198789,0.969324421901124,0.0301587291567319,4.36225180457303e-07
0.815217661690143,0.00100692138113077,0.165471171805298,8.15965642659335e-05,0.0182226485591621
0.00437609730264443,0.00766209609588142,0.983486220651807,0.00422268161434356,0.000252904335323706
0.00232248578356654,0.0169647169515707,0.000321398962738309,0.980391385354113,1.29480115344257e-08
0.000470763356598236,0.000145364914122656,4.6235972268754e-06,5.51042651361547e-15,0.999379248132047
0.00023003506887943,0.000551279133637913,0.998943595116055,0.000170572015998714,0.000104518665428489
0.00296276704898406,0.000429136844914632,0.99379558919757,4.928703360455e-06,0.00280757820517128
0.982358234441109,1.82273766689975e-05,0.00120234857214066,1.05142044159169e-07,0.0164210844680369
4.3765077735706e-06,0.940526431283023,0.00586997546432746,0.0535987798691633,4.36875712317734e-07
0.00127618153927486,0.0592917265178665,0.0377336498101086,0.901698219350303,2.2278244753255e-07
0.000143972383685669,0.991638152289078,0.000135289389912825,0.00808239979481307,1.86142510384108e-07
0.802099971118957,0.186245339261276,0.0099011842055918,0.00150939416835503,0.000244111245819675
8.4444325040271e-07,9.26708902327188e-08,0.0154936321412794,0.98450543053063,2.13949601044652e-10
0.0525864402016875,1.00304647686274e-07,0.000137625817233873,1.65424112765699e-14,0.947275833676414
0.0358064841907736,0.00272039909337398,0.951784360801396,0.00922852518706359,0.000460230727392438
0.000987865672091184,0.949651664025063,0.0377322757703624,5.3049925143067e-07,0.0116276640332316
0.2705265853759,0.726352340674409,0.0012239383446764,0.00143906720039327,0.000458068404621659
0.0048943520981911,0.72158224376864,0.00296247977815144,0.270559977779136,9.46575881382078e-07
0.13337794868148,0.00155072765146758,0.0137538428594312,8.39379544356681e-276,0.851317480807621
8.97236124989778e-05,0.959256778387977,1.86770705792205e-06,0.0406515798586104,5.04338553303053e-08
0.856748814988517,0.122389564609684,0.00375585359016874,5.36969727874958e-05,0.0170520698388429
0.530680959104065,0.423320483477649,0.0417921142546351,0.000458022848150878,0.00374842031550087
0.0982909234150953,0.0279095961607038,0.00800186528934269,4.03809639535689e-09,0.865797611096762
0.535198595958172,0.328969972262615,0.0449096351869821,0.0908972516684106,2.45449238201797e-05
0.0944135896364472,0.90257403348513,2.90647493619566e-06,5.27273598842682e-06,0.00300419766749837
4.55419731185028e-07,4.08718076028773e-07,0.0068718809103058,0.99312725489191,5.99766054628905e-11
0.0386651845207935,0.00166417138423674,0.00117826617021837,4.3264277835719e-11,0.958492377881487
0.00967703501694325,2.73131986438071e-06,1.55508849446238e-05,2.28904018142939e-15,0.990304682778245
0.0018531982875444,0.909647812345522,0.0226936938301905,1.7408750683243e-07,0.0658051214492366
0.000505281345367712,0.999418727045022,5.39149489926219e-05,5.64135847277453e-271,2.20766606174049e-05
0.982046638660244,0.000741800643696665,0.00242361105456679,4.29926572259108e-07,0.0147875197149205
0.0167748684977105,0.00782775951732807,0.00100496428435717,8.3213512024168e-276,0.974392407700604
0.349759389397837,4.55930912418349e-05,0.0822784846446231,4.95328768747576e-274,0.567916532866298
0.35130501645302,0.404401065552661,0.0422082880041276,0.201785221364861,0.000300408625330381
0.696543498323061,0.299220228238989,0.000118290242287336,1.69858116628025e-06,0.00411628461449679
0.000288893314921369,2.31266861290421e-06,0.999607649841323,7.27857435281419e-05,2.83584316147568e-05
0.00261425780458635,0.0038699671159705,0.0576399885009352,0.935875671828471,1.14750036528241e-07
0.00021605538784205,0.0367771068275832,1.57116246338532e-05,0.962991125771986,3.87954784674892e-10
0.000240419133215009,0.976373172043442,3.13217457824636e-07,0.0233860722765788,2.33293062541099e-08
1.83253663873474e-05,0.144587279835417,0.0579341477794081,0.797459834631013,4.12387774431263e-07
6.43536555801272e-06,0.141748869896363,0.00117919797743576,0.857065467797279,2.89633643473087e-08
0.0229622547174081,0.334001609511518,0.00754969177128678,9.79867554336009e-09,0.635486434201112
0.073432247796626,1.50161299372529e-05,0.926229332378741,0.000230459436668405,9.29442580269819e-05
0.00554313377994974,0.612202483712451,0.000118465410710403,0.382135874840826,4.22560630138256e-08
0.000193702872870222,0.000114978825225568,0.9988685714314,0.000750463535474096,7.22833350304145e-05
0.000210091185542173,7.27815227986803e-07,4.65373790619665e-06,7.46897607709802e-284,0.999784527261324
2.23911214084413e-05,0.011961505107678,0.000144029359852348,0.987872059807006,1.46040551724265e-08
0.00032850215873658,0.00513283405271968,0.0108141082980873,4.7632178398067e-11,0.983724555442824
0.000184923495796767,0.995451211097116,0.000962783967850641,0.00339485232038936,6.22911884768067e-06
0.985759779833424,0.00072027446111896,3.39039116727324e-05,4.89667621053425e-08,0.0134859928270225
0.00648857816724383,0.99178972393776,0.00105967944877696,0.00053629181392524,0.00012572663229434
0.000696896653074979,0.970605954591542,0.0170534131199472,0.0116339312304716,9.80440496457095e-06
0.146615847273503,0.716332796531758,0.0133642323013938,0.123535663240658,0.000151460652686547
0.36312626713471,0.304997387005288,0.223907239116343,2.97504939203775e-05,0.107939356249739
0.971058683548788,0.0088662000227671,0.00353134482354559,4.53224614473492e-07,0.0165433183802847
0.00413080931256386,0.000522864952736835,0.0190712104580276,0.976274560523525,5.54753146974429e-07
0.0071413974844992,0.718347229395652,4.21244843101218e-06,0.274507146488911,1.41825076279443e-08
3.05091271737176e-05,7.23604932219512e-07,0.686617931118902,0.313350821342712,1.4806279957366e-08
0.00177886012860443,6.04590491880557e-07,0.768357486845425,0.229863009916212,3.85192666111067e-08
2.44139980856788e-07,2.31069528277753e-08,0.0198088704993207,0.980190862234669,1.90766592791243e-11
0.000866818086593264,0.998922061881502,4.39721634168566e-06,0.000194558516777402,1.21642987861081e-05
0.000108050338774878,7.71931368368679e-07,0.0081722889704146,0.991718881889612,6.86983007538011e-09
0.0630237979213826,0.0718883780823129,0.322205807882598,0.542827893008315,5.41231053916273e-05
0.00376922770312789,0.980410496896833,1.39296905214523e-05,0.0158037465381865,2.59917133143691e-06
7.429850703427e-05,0.019781506869308,1.63471444416133e-05,0.980127842374761,5.10445516581152e-09
0.000438531414824118,0.965754779877682,0.000203343732343124,0.0336032072866888,1.37688461582683e-07
0.990180420237503,0.000437613660975622,9.1728360125416e-05,3.90414775644628e-09,0.0092902338372479
0.987276753597293,0.000236102946836989,0.00309251287840756,4.25997424453752e-08,0.00939458797772018
0.000243450437215492,0.849890977669859,0.0275129514904602,0.122320680906541,3.19394959237601e-05
0.143035211879907,0.283474169188249,0.479702798484802,0.000346836153809117,0.0934409842932329
0.000601896555589606,0.00331996881486613,0.190063432702363,0.806014553093069,1.48834111932078e-07
0.0100123548351752,3.82763741336255e-06,1.1096730506732e-06,1.6048628521205e-280,0.989982707854361
0.991014222060692,0.000167674804709292,2.14985865308362e-06,6.84017028455718e-276,0.00881595327594529
0.0287125571999086,0.0330425691831977,0.000887929430029955,3.50346282633447e-10,0.937356943836517
0.10774431107349,0.822244233184917,0.00606303731035464,0.0639437389922965,4.67943894158866e-06
7.01228368063826e-05,0.718156825765059,0.080826882133905,0.200940962849809,5.20641441986657e-06
3.69939166973868e-05,0.996957544857769,4.66953391128896e-05,0.0029585794154507,1.86470969494428e-07
