0.000312777848576793,0.0298636329126564,1.19759341740831e-06,0.00920086747318176,0.960621524172168
0.571506836319093,0.106881636102752,8.79869891808464e-06,0.000452070111461899,0.321150658767775
1.89055445648869e-06,0.999695311038219,7.71961860205417e-16,0.000301253755829844,1.54465149434873e-06
0.23918296343876,0.00969077117050634,0.00133157412604261,0.0411528461186132,0.708641845146078
1.86720675951561e-06,9.63757460771993e-07,0.0348302690249864,5.35433955365435e-06,0.96516154567124
0.00147743372583867,0.974790898381257,1.61053121358621e-12,0.0236824858444007,4.91820468937817e-05
0.0100497261404498,0.864214697099017,1.59035859742131e-06,0.11826280313292,0.00747118326901661
0.000138699643383105,0.999861008123187,1.77405317404028e-89,4.64042730312701e-08,2.45829156308682e-07
1.70139915847677e-06,1.69908251077952e-07,0.0103993201918923,4.1184008927659e-08,0.989598767316689
0.000179962052447039,0.00016301533531031,0.000610281834663493,9.98989074297113e-06,0.999036750886836
0.0160025266582166,0.451207741357052,5.77734309566496e-76,2.29051395954689e-05,0.532766826845136
4.08276215906415e-17,0.0394664783652591,0.000254603350900766,0.00341108107078261,0.956867837213057
0.183558720262242,0.108049403183111,1.14790243576426e-07,4.7085813845856e-05,0.708344675950558
9.98125877560757e-14,0.000334495287448333,0.0145883158281859,0.981088195143159,0.00398899374110717
0.104961437761355,0.885725516195965,6.32225002670217e-07,0.00830015979552521,0.00101225402215232
0.00746609128353834,0.000451507557064661,0.00577144862378308,5.89848412914115e-08,0.986310893550773
1.83215374268147e-19,3.15853983780255e-07,0.00577654921247896,0.994223014341297,1.20592240693675e-07
1.65611953413276e-16,1.81465722255394e-07,0.441846862720374,0.558096149484613,5.68063292911581e-05
0.274627226309663,0.183135540056699,4.89855482139229e-05,0.0391013887668908,0.503086859318533
0.0196336354600093,0.00180166427564451,0.00170173170298986,0.973160259851434,0.00370270870992254
1.23746761536331e-18,1.19319688436332e-05,0.0089475408618686,0.000681307167757663,0.99035922000153
0.225896785198185,0.771901557170122,4.99887257900338e-82,0.000823477932179483,0.00137817969951374
5.10691283380601e-17,0.0171675938426238,6.41708749829094e-77,1.5713080909238e-06,0.982830834849285
0.00163965713087165,0.00167368431809493,0.0284834974867445,0.619258164918373,0.348944996145916
0.946066901057898,0.053313022609346,1.64218655155895e-11,0.000597742712999575,2.23336033350835e-05
0.491656725295078,0.00333999235199806,0.010563958553117,0.483465068481116,0.0109742553186913
0.00326011068353689,0.983900790763961,1.1858270059142e-10,0.0124185136198764,0.000420584814043053
2.53432642499716e-17,0.0399908170005175,4.05966909607256e-07,0.959802426040558,0.000206350992014992
0.0404367849375497,0.852496554155679,1.43294623832256e-09,3.71789287120121e-06,0.107062941580954
2.86954922000496e-19,7.28808786927391e-10,0.15113911239472,0.848860882264024,4.61244699268731e-09
5.8871132881591e-14,0.0123957949473333,0.47640209038192,0.354716587759256,0.156485526911432
2.07181487901415e-05,1.4504554335163e-06,0.827903225471497,0.00140959212070443,0.170665013803575
0.0328987436702771,0.912976697323517,2.31245859474845e-08,7.36835126941291e-06,0.0541171675303511
3.8217006725044e-06,4.57507665887519e-07,0.00483081299591193,1.43660428117048e-06,0.995163471191469
0.873552368511274,0.114962538905033,3.39645932456953e-07,0.0014683631225373,0.0100163898152228
0.0070027430747405,0.930309738763436,4.56497110450381e-10,4.24869718029618e-07,0.0626870928356085
3.54600737941607e-19,6.88933500494973e-09,0.000828162349299872,0.999171830450677,3.10687764856877e-10
0.879291653461221,0.100820329984432,1.48486343031322e-09,0.000800765002247576,0.0190872500672361
0.0168677474180858,0.110134343985997,1.62779370013002e-05,0.000985833239872496,0.871995797419043
2.27872842569898e-16,1.25409913392289e-06,0.000146980680212062,0.99985128798483,4.77235823629943e-07
0.000243652755959178,0.999601370205398,9.95422540165879e-13,2.90822691388492e-06,0.000152068810733313
0.994871903649659,0.0020912831209637,1.18415316285703e-08,0.00302238881745147,1.44125703945052e-05
1.85847889432315e-05,0.956806436104434,1.12465301716336e-79,1.13498547140369e-06,0.0431738441211512
0.151769707505947,0.000109514351061993,0.0299960709814897,0.814250906415892,0.00387380074560923
0.958529146540132,0.0258001418900468,1.58212164706657e-06,0.00387753679655924,0.0117915926516152
2.65070368743404e-06,6.86898696779049e-06,0.00081390126171618,2.99057858249063e-07,0.99917627998977
4.37509409444066e-06,0.00688889461060749,1.93861035786887e-09,6.68995484606347e-07,0.993106059361203
8.39336681515576e-20,2.13368561814001e-07,0.0157038609539919,6.83127287493708e-08,0.984295857364718
3.35763506324224e-05,0.000216893849297467,5.98154247846572e-06,2.18707686215186e-06,0.99974136118073
0.00107150455261062,0.361958563510699,0.00106410927979402,0.33024536306179,0.305660459595106
0.0441869806874252,0.898389106739461,2.77811400498404e-07,0.00217308594265377,0.0552505488190599
0.661436401486998,0.33694209171948,1.09467051793217e-08,0.000768692883910127,0.000852802962906772
5.91188118323495e-05,0.00180374683051354,1.08955525535734e-05,0.99812505153833,1.18726677040324e-06
0.904140270888711,0.00885101864860471,4.83371633757578e-09,2.13903709316741e-06,0.0870065665918743
0.950380070030011,0.044313385157135,2.24005938247866e-78,0.00528187184744781,2.4672965405654e-05
0.0321493387481719,0.220057329132973,1.16290568344594e-07,4.02717293739788e-05,0.747752944098913
0.63807254990812,0.0322444278099119,5.04624351139265e-10,0.329677640312596,5.38146474845349e-06
0.000354050422605613,4.91421305381466e-05,5.7190767702197e-06,0.999541071594155,5.00167759312564e-05
2.12805472887072e-07,2.69807402619012e-07,0.9903792773368,1.99960061293544e-05,0.00960024404419493
5.14533063350461e-06,3.9747328369765e-06,0.24056705951552,2.93739095157439e-05,0.759394446511494
0.00663904359105795,0.000872204747194745,0.00953992994440959,0.0336079179849427,0.949340903732395
2.83209202467082e-06,8.30262815872032e-07,0.00192250426116429,7.69687594665972e-07,0.9980730636964
0.0235060106502978,0.843749462877139,3.49775463860505e-15,0.132744295530271,2.30942288301905e-07
2.28217065274417e-05,9.02508249849671e-07,0.964224670559013,0.00149612257057756,0.0342554826556321
0.870178309854349,0.129040216789055,2.17314883057589e-13,0.000775157561076386,6.31579530207189e-06
0.00318781776515704,0.00196029919589686,0.00550679418039076,0.0191529469424941,0.970192141916061
0.000217859957954513,0.000772861554330295,3.95640363664812e-08,2.90110102307145e-08,0.999009209912669
0.0350929433591772,0.105685958509465,2.44593039820851e-07,2.34112450315576e-06,0.859218512413815
0.0055409353437975,0.0164115120603583,0.000621771626077815,0.000368399124022474,0.977057381845744
0.268532635367266,0.00689830406682484,0.000379227887600393,2.22124650481585e-05,0.724167620213261
0.595856942340193,0.0106777385749709,0.000922163571502486,0.00774786188807004,0.384795293625264
0.0252775128694139,0.856407379750784,4.43406207117102e-06,0.0215042646851288,0.0968064086326025
0.409691346021372,0.571509543985826,3.05505779545318e-07,0.0175260712782265,0.00127273320879605
0.00321403775217787,0.00775787803457552,3.87958195063893e-05,2.28504489835216e-06,0.988987003348842
0.000104263669416745,5.95999111593098e-06,7.64105431486255e-06,0.999881612435146,5.22850006834506e-07
0.00414764871262295,0.995777912031037,2.14868040803111e-14,6.32150897829989e-05,1.12241665357025e-05
8.24480123531917e-18,0.00588369358399176,5.53883785258744e-73,0.000267051000007021,0.993849255416001
0.012695944688231,0.982302745575159,8.19154738749163e-09,0.000194612142072409,0.00480668940299043
0.101290173748913,0.88655500250992,1.65533939995827e-09,0.000241560031395681,0.011913262054432
0.0524700518840526,0.595855820554424,3.31182407226612e-10,1.3086031995721e-07,0.351673996370021
0.000250147528980983,0.00244550269719052,0.000510477612543298,0.000413062319156319,0.996380809842129
0.998337846543421,0.00134533966103187,1.9825178519268e-12,0.0003168092402782,4.55328687670411e-09
4.17046468547755e-15,0.000281639392460462,0.00854739655184284,0.99082259627476,0.000348367780932517
0.999192774187485,0.000201201696572197,2.93592430845568e-10,0.000605538109009599,4.8571334121785e-07
0.0393700987057009,0.782357740601109,1.72880913560245e-06,0.0181940973314167,0.160076334552638
0.0116025243781196,0.33433762703002,8.60896665262287e-06,0.645126787958108,0.00892445166709969
0.00120027172103711,0.000260832472570115,0.00473280145775228,3.50827391949491e-05,0.993771011609446
5.15561344470064e-07,2.38219464307564e-06,0.000535337915287083,1.15764743471773e-07,0.999461648563982
0.000129671162029221,0.000177309726771787,0.0981164657327874,0.000133527832376999,0.901443025546035
1.18990282155626e-17,0.000234810368802459,0.00028002589075916,0.999411564454961,7.35992854769744e-05
2.11578448471002e-17,9.27110988676623e-07,0.987643685693393,0.00363025294421938,0.00872513425139856
0.0006188128969739,0.991924377823976,4.71385915925246e-11,3.24038457801317e-06,0.00745356884733336
0.00341744809898247,0.985619444707644,2.08646943365111e-09,0.00236059286674362,0.00860251224016023
0.123583208078434,0.869140644071815,1.8414233794745e-09,4.31362444694386e-06,0.00727183238387981
0.000628109488878036,0.979098174806692,7.09686775153355e-07,0.00100160765087413,0.0192713983667807
2.12430714344558e-18,0.0384810475389645,3.48585532954139e-08,2.11833158346486e-07,0.961518705769324
0.788513100403696,0.192597915196868,3.3928773659182e-08,0.000227258642066069,0.018661691828596
0.933653001120628,0.000423111592170377,0.000259207527137011,0.0654141459981291,0.000250533761935803
0.0327179184342616,0.964831466731257,7.51944248923945e-13,0.00242092350579556,2.9691327933383e-05
0.171032874653378,9.63438221789533e-05,0.000276524089487402,0.828566359285794,2.78981491617518e-05
3.99168284703389e-20,2.31885677534223e-10,0.33887643490174,0.661123529939286,3.49270876046622e-08
5.65323707244927e-07,5.53332304643105e-08,0.99101227654878,0.000186831809853376,0.00880027098442899
0.260775052503333,6.66214915228424e-05,0.0255112757363058,0.712334722561409,0.00131232770742897
9.703096337371e-19,2.71862525755134e-08,0.0010515624597006,0.998948366942251,4.34117961511797e-08
0.987706061263414,0.00134427789069893,2.12420448392573e-05,0.00757569002577183,0.00335272877527631
9.55886425486033e-14,0.840467015459452,5.15670069226238e-08,0.141437007127341,0.0180959258461045
1.50115737666716e-16,0.000668792062680832,0.0247208781451166,0.965099879985736,0.0095104498064669
0.989588638424944,0.00356701136618772,1.39019657916727e-06,0.00641553269297501,0.000427427319313855
0.787553847406726,0.206630112847474,4.85860146880597e-79,0.000186176560181693,0.00562986318561783
0.117169832499383,0.876734386145545,1.5366716961137e-11,0.00467018072998694,0.00142560060971813
0.983422231132511,0.0153476945758696,1.85551268626983e-08,9.92464731034536e-05,0.00113080926338953
0.00061606405539475,9.03590824988285e-05,0.000965382003955876,9.09804024989706e-07,0.998327285054126
0.00154048752341735,0.992949282750248,1.49152185373933e-13,2.38481664026998e-06,0.00550784490954485
0.0007885000283001,0.0400364792747149,3.78822313648854e-06,0.000559277708519721,0.958611954765329
1.57573255444328e-05,7.12600172924218e-05,8.32388813721193e-05,2.79722348427995e-05,0.999801771540948
5.79508427002764e-18,7.08808500489938e-07,0.0185221500105399,0.981467952636072,9.18854488719715e-06
0.896723519956463,0.0690367413124024,1.12341171436861e-08,0.0341797758176994,5.99516793175997e-05
0.536826504938089,0.456290096805654,2.4059610281105e-09,0.00599713468960313,0.000886261160692304
0.00190357531892035,0.00148326645561193,0.0832867792449029,0.798811332244509,0.114515046736056
4.36674230848493e-16,0.000831314692900866,0.739353700785143,0.14872180745507,0.111093177066886
2.05186797893562e-05,0.00140252054875109,0.00204646704782672,4.56101380029753e-05,0.99648488358563
0.00191251637657098,0.00149875169085165,2.71010344724146e-07,0.996570983744732,1.74771775009134e-05
5.47116847170236e-17,3.39235169292281e-05,0.0116079991186085,5.64118390949278e-05,0.988301665525367
8.88136555752921e-05,0.798549397145916,2.57701424095602e-08,0.00101143105250834,0.200350332375858
6.56784471929497e-18,0.000160029940214998,0.0158743632755437,0.000950721407560779,0.98301488537668
0.472035570483986,0.527419783016362,4.75764061993248e-14,8.0967643505207e-05,0.000463678856099216
3.08283454620876e-15,0.00127400697529585,1.38507337463639e-06,0.998692975120524,3.16328308028767e-05
0.0791127941224135,0.65254802750248,4.70557997252941e-77,1.10764516345914e-05,0.268328101923472
0.88510901919757,0.00890447239266835,3.32905560401188e-07,0.105974282880466,1.18926237356465e-05
0.64003162011261,0.358710426636023,1.17012206667641e-10,0.00125366674696572,4.28638738841392e-06
0.00197278779830951,0.00046685211748245,0.162738440448297,0.0142278150549107,0.820594104581
0.00659886825901134,0.0147838271513809,1.99748574884492e-05,0.976726341903238,0.00187098782888128
5.18342000879341e-19,2.30535739541687e-08,0.591744862500389,0.408253854319842,1.26012619453793e-06
3.46298790273806e-17,0.0255976203908577,8.8113339497018e-07,0.973603897554202,0.000797600921545109
0.9813516536563,0.00621217153090769,4.97307576662801e-07,4.2915058600685e-05,0.0123927624466145
1.7896537507465e-18,2.19186361996963e-07,0.985128461855489,0.00967073686016721,0.00520058209798197
0.998915857730476,0.000836369207295373,2.99634911730243e-08,2.38682068985854e-05,0.000223874891838839
0.281608298210356,0.0156392082661664,0.00693397642460059,0.0624804359887851,0.633338081110092
0.110649994006732,0.000571395282652251,0.0213543377531472,0.865217704763446,0.00220656819402248
0.808034287919885,0.0201919327643023,4.37752203304814e-07,5.8724061966383e-05,0.171714617501643
0.00210619693626224,0.996555729674485,3.92802486822578e-10,8.52750293951534e-05,0.00125279796705535
0.0127938547400212,0.0342118757533092,1.01819437184342e-05,0.0450437520034489,0.907940335559502
0.964283651170363,0.015382699364797,2.81633703003176e-07,0.0012669664651599,0.019066401365977
0.600764057435082,0.00219387294938046,0.00898199048239602,0.000345681142181242,0.387714397990961
1.55804610270508e-19,1.45160929498935e-07,0.968743721310761,1.06583138685064e-05,0.0312454752144406
0.0298662452150714,0.967759215619522,3.33814908544117e-10,0.00233598555322401,3.85532783677269e-05
9.66889584968198e-19,3.15701220169007e-09,0.999427311991477,0.000313865850829629,0.000258819000681088
0.426076861356842,0.00449941726485574,0.104879413516362,0.119635968075333,0.344908339786607
0.000557753832614168,1.92502191101494e-05,0.00180355464713333,2.38561536299617e-06,0.997617055685779
4.69387362108853e-08,2.87303014361737e-08,0.229914835322259,1.72904009825885e-08,0.770085071718303
5.30653910219229e-06,0.000100064145621391,0.00394161728227318,5.03817610168538e-06,0.995947973856902
0.00012416559570043,3.46874933697063e-07,0.753434345581051,0.246056515941137,0.00038462600717775
0.597843117753401,0.00111262423167197,0.00314715152322885,0.394700807418476,0.00319629907322305
9.55926284615177e-17,5.16492992674855e-07,0.0137298280225162,0.98610601683148,0.000163638653010622
0.0751807553273773,2.12333891922196e-05,3.53011646396743e-07,0.924797284752377,3.73519407058485e-07
0.000258513316504505,8.64701807459048e-06,7.80141958785465e-72,3.94801647736635e-06,0.999728891648944
0.31979367271069,0.00259376789351079,0.00592295893180392,0.671007529891091,0.000682070572903647
1.59892808291169e-17,0.000402185878268667,0.00163455161645625,0.00137554669910683,0.996587715806168
2.02856365847889e-16,0.000242490156115381,0.282282909393332,0.674929988591951,0.0425446118586012
8.88993515575478e-19,3.23434368233383e-06,0.987909485108653,0.000413382863213408,0.0116738976844515
7.48558700660356e-15,0.869414264700672,2.85470868633972e-07,0.00231344341844874,0.128272006410004
0.995943442365674,0.00107902624206955,6.44693277414075e-05,0.00115334176315544,0.00175972030135925
0.000128395298567569,1.06086012609657e-06,0.000233695192603146,0.999636629626925,2.19021778437554e-07
3.91950900125e-19,5.09701969796772e-08,0.982467730096286,0.0174465930120931,8.56259214234356e-05
0.0016473378335118,0.00352195717361828,2.3420021524918e-06,0.993702651143359,0.00112571184735819
0.915039670216806,0.00788094219446065,4.23259951079896e-06,0.0762602219760227,0.000814933013200002
2.99624754740442e-19,3.439524416597e-10,0.985227639897007,0.0147662485752076,6.11118383278872e-06
5.76104010564891e-20,3.8711745082211e-07,0.234557773442129,2.59548009053066e-07,0.765441579892411
0.00129807881742673,0.0327403349130273,1.37701134224462e-07,2.85836195537524e-05,0.965932864948858
8.37581394362139e-19,2.44597853645567e-08,0.998885237480215,0.000257718303434356,0.000857019756565524
0.00675238550277712,0.446143455366025,0.000616547261824655,0.458703379278266,0.0877842325911076
0.000303869781884901,0.999234237671997,2.93930091638503e-84,5.72389977095933e-06,0.000456168646347038
0.00173647315795958,0.998081898224107,9.04999442110575e-18,1.15593105359367e-08,0.000181617058622786
0.0470360124902237,0.00712663773885141,1.41744390772324e-06,1.16097549989811e-05,0.945824322572018
0.859783618902167,0.00137112697403603,1.06635218572155e-06,0.138819588639862,2.45991317490508e-05
0.00152240334370396,0.996260181573932,2.52092922461847e-11,0.000935246113682473,0.0012821689434727
0.232633589003877,0.0135054057442819,5.68043393478515e-08,0.753847743228339,1.32052191624882e-05
0.978018761013795,0.0144913101695008,4.13866472986383e-07,0.000158460251791783,0.00733105469843913
6.85501938371358e-17,1.50825810892795e-06,1.07205202790246e-05,0.999987751745637,1.94759749146283e-08
4.9669814509755e-20,3.32858393940398e-09,0.999791434299787,4.74687176958656e-05,0.000161093653933295
1.14448167053569e-17,5.17167504252049e-05,0.368125244336629,0.626819798876834,0.00500324003611142
0.0049036046926235,0.00234216725539456,0.0251227405043433,0.00336400371281149,0.964267483834827
0.168498552862532,0.658042192540637,2.61294594651129e-05,0.0357238004190266,0.13770932471834
0.116390768078113,0.881975121373547,3.46539803263109e-10,0.000252074104543021,0.00138203609725775
0.868400409463711,0.0168723736172807,5.10894997354979e-06,0.00291726786971176,0.111804840099323
6.34352972829918e-16,0.00071904207151035,6.61890048567337e-05,6.24260264888871e-05,0.999152342897143
1.99876481697382e-16,1.8561936827156e-06,0.954011510464994,0.0459290053466203,5.76279947023716e-05
0.8461884909206,0.000488586106622969,1.70138320402352e-06,0.15327987999696,4.13415926132633e-05
0.716177274785745,6.27039671239604e-05,0.117467208181232,0.0228465685450627,0.143446244520836
0.0288377617640524,0.000405935203867074,0.86618761365294,0.0150358437248964,0.0895328456542444
0.0307222298955278,0.0888311978720209,0.00727087711792752,0.352842463917146,0.520333231197378
0.225249480951831,0.000791216801340611,1.11337130734909e-05,0.773940768302836,7.4002309193748e-06
0.000177671604852172,0.9998079772849,5.30840920982521e-14,1.08436312857426e-05,3.50747890914218e-06
0.000256585645805199,0.920103687142277,2.8627970414083e-05,0.0550308480240121,0.0245802512174915
0.000932916610514748,0.000636340377390699,0.00088387423126403,4.21445718223023e-05,0.997504724209008
1.90083151473837e-19,6.05424352135367e-09,0.999165142519558,0.000803611766510848,3.12396596871416e-05
0.178680837401,0.0339693580229846,0.00121581143556336,0.0105811642267588,0.775552828913693
9.89830180545088e-06,2.91147744732255e-09,0.0165165242444228,0.983473375686077,1.98856217331281e-07
1.08724515572831e-18,2.90131095624501e-08,0.999157572246163,0.000187945446505728,0.000654453294222
0.0928585384729158,0.0016994658507484,0.122901179534681,0.774142181120618,0.00839863502103713
0.00279468068882352,0.995836264065142,7.43577850989978e-09,0.00122906890889917,0.000139978901357215
1.34711278249208e-16,0.0898694584463244,0.000287643353101279,0.484228841661766,0.425614056538808
0.000110271380987245,7.72910819228699e-05,0.000501150518986511,1.37403410180624e-05,0.999297546677085
0.235435111619814,0.708238721199684,1.77062883783548e-08,0.000259059468723089,0.056067090005491
0.998311204377072,0.000516232440157547,3.75304605374285e-12,0.0011719749505679,5.88228449730259e-07
1.29083727248749e-06,1.17572791039645e-06,0.875834653284172,6.5228958555703e-05,0.124097651192089
0.000128788905706963,0.355198125474003,4.06051535961006e-11,6.3347370544656e-06,0.64466675084263
3.60738418141726e-14,0.105086212853594,0.00366951499827513,0.760658184783704,0.130586087364391
0.350526500096878,0.63833410157756,2.35992722889497e-79,3.32680619018988e-05,0.0111061302636602
2.23047091318112e-17,5.52674524161034e-05,0.0609924816994536,7.4932152025497e-05,0.938877318696105
0.822143152940262,0.174758047910795,3.46937007202483e-08,0.00156906672316313,0.00152969773207892
8.47837506295703e-15,0.000482447155136265,0.000325750664389343,0.998951673488117,0.00024012869234918
0.000287550744024807,0.999425167630804,6.13433119230852e-10,0.000195350915562989,9.1930096174751e-05
0.07012282224002,0.000802528530176167,0.0225622309420701,0.0241480757387321,0.882364342549002
3.10561619763293e-16,5.37808047549152e-05,0.669366163681733,0.229186049540388,0.101394005973123
0.00475926247672258,0.0363764912006025,2.64656988374287e-06,0.951786622410869,0.00707497734192258
0.833535221048075,0.101481376046088,2.63097935245213e-05,0.0572175787607399,0.00773951435157255
0.106685804356031,0.840917549752115,1.49068527899962e-10,4.51078382862027e-06,0.0523921349589569
0.103938302803774,0.890751571108205,8.63232542061527e-11,0.00120781084562099,0.00410231515607704
0.00663886187145722,0.943245815847998,1.17619309223471e-09,0.000115513642791574,0.0499998074615605
0.275903119132119,7.59633078152605e-05,2.02403499726628e-06,0.724011790259075,7.10326599398055e-06
0.705310962117903,0.00250641260745492,0.00744442288240694,0.0461296523758209,0.238608550016414
0.988233015127962,0.00366846569697041,1.32630466132093e-05,0.00746052162456677,0.000624734503887431
8.39427273909984e-18,0.99909706156357,2.74409535386739e-83,3.68071617932618e-07,0.000902570364812382
0.000561010491979737,0.000859510776567015,3.98644283589546e-05,0.998533153118557,6.46118453719123e-06
0.00342732369791766,4.67177986251417e-07,7.40920773093155e-05,0.99649786442642,2.52620366883684e-07
2.34145461648233e-17,3.21418980765065e-07,0.013312633313842,0.986684574994924,2.47027225365048e-06
4.39806404090265e-05,0.000247714519333988,1.20365572265786e-05,0.999636936419243,5.93318637878284e-05
5.05791789760019e-05,2.69782145941808e-05,0.000721566524095119,1.6086620200123e-06,0.999199267420315
0.000608625760001208,0.981745358069829,4.76766692531041e-82,3.38847843854481e-08,0.0176459822853856
0.0018295611406558,0.998169084080084,2.15659793700684e-85,4.3967169308273e-07,9.15107566590711e-07
0.0290895890178578,0.0504088143564237,7.61981146450462e-06,6.15512975435172e-07,0.920493361301279
0.950012667500932,0.00145329430876607,3.01151930961848e-05,4.5168466602097e-05,0.0484587545306033
0.000850604909899511,0.0022679395861015,1.17087971479732e-06,1.26175661138912e-05,0.99686766705817
5.39227873899901e-06,0.00789139180378768,2.98683974224137e-76,3.4050438813938e-06,0.992099810873592
5.26697677254494e-15,0.191330216146976,9.80676861953492e-05,0.801041863620605,0.00752985254621851
0.981969425939725,0.0172703243118745,1.23154274109138e-07,0.000108847146985677,0.000651279447140736
4.84798517339159e-05,0.997208318790379,2.63220316096568e-11,0.000416671767934188,0.00232652956363035
3.59042758316641e-17,9.19943661917547e-05,0.0217361101862108,1.18332562632201e-05,0.978160062191334
0.782735597638193,0.214418516241169,7.49998333254628e-11,0.00284236431447952,3.52173115935955e-06
9.46178356672256e-19,0.000799083036967888,3.22749912931243e-75,8.97841895785761e-06,0.999191938544074
0.99614853775314,0.000453251060680009,1.22138634735508e-07,8.82057354832075e-05,0.00330988331206192
3.07365081148872e-06,0.00143134381820235,1.02627234734023e-07,1.27654606714766e-07,0.998565352249145
3.46598565115206e-19,1.38515217801236e-06,0.977991454148594,0.0214549466525218,0.000552214046705966
1.94478046926719e-05,0.000757568237650864,1.16782543956331e-07,5.18855043207243e-07,0.999222348320069
0.349482386431911,0.0224094847677767,0.000192408955494609,0.592311889998564,0.0356038298462544
0.992035399951323,0.00103797186645271,3.28056099286986e-07,0.00688270293588685,4.35971902377718e-05
1.29772554959194e-05,2.57270844015885e-07,0.977946456225841,0.0219908135009747,4.94957468448569e-05
5.18800211136613e-06,0.014851967819408,1.25767317024811e-76,5.17087421958648e-07,0.985142327091059
1.31679034558299e-06,5.09763748656788e-06,1.84570409491374e-06,7.23078183065433e-08,0.999991667560255
0.0512828029015947,0.496878825817853,0.000861189626539891,0.37476290620616,0.076214275447853
6.10112924307415e-19,1.29378095940715e-07,0.994487903000216,0.00325908118431211,0.00225288643737653
8.71466033453158e-08,1.3270162184657e-08,0.972127268357241,8.08040936666917e-07,0.0278718231850568
0.712994405470119,0.17774906529437,6.54836834372349e-05,0.0203892136883483,0.0888018318637255
1.67781239297239e-05,4.57560617216312e-07,0.983075120327111,0.0159708496386607,0.00093679434968128
0.998250082615204,0.000866080430979668,2.74920980840082e-09,1.56702368546402e-05,0.000868163967752369
2.23191949421981e-06,0.0196308931982873,2.33883873231686e-07,6.09015858718769e-07,0.980366031982487
0.987515242395902,0.0124792356328371,1.25674536927834e-16,5.25194703288974e-06,2.70024227907262e-07
6.05209942377871e-19,1.28946229102391e-07,0.997763513378053,3.96408807773637e-06,0.0022323935876399
1.15402899317739e-15,0.01373668704348,0.0212574324474459,0.0174574274595399,0.947548453049533
3.32491069676759e-17,0.470137477011591,9.94893967050435e-07,0.50101718700119,0.0288443410932521
0.285850532736612,0.0856265054908556,3.65050705526045e-07,0.000111936031457622,0.628410660690369
0.000105047092833506,1.10135975725976e-05,0.000190939060663806,2.20922874104473e-08,0.999692978156643
0.854534171580171,1.72450016184268e-05,2.36526494312682e-06,0.145445497625719,7.20527548908555e-07
0.0839267292048976,0.000746935841215922,4.81003813709238e-05,0.915053106095307,0.000225128477208404
2.03112507434972e-07,9.36422569773824e-08,0.0321739132806787,2.30098423447782e-08,0.967825766954714
0.149642277376361,0.713476922150031,6.58471397276205e-08,0.136248308369856,0.000632426256612161
5.47892196606467e-16,3.78889956600419e-05,0.019543915964098,0.00021103850138701,0.980207156538854
0.0823455883099141,0.00140420454440329,0.166065017150687,0.285155577162843,0.465029612832152
7.30227318034484e-05,0.011658470884348,4.78169843476279e-05,0.00049706280338751,0.987723626596113
6.65643013106143e-18,0.0132869469677758,5.85436870147042e-07,1.77831719384506e-05,0.986694684423416
0.976853884644016,0.00390840244220253,1.54873881945612e-08,0.0192361218657174,1.5755606755635e-06
1.11638474331114e-19,1.02332839505021e-09,0.999877941606426,0.000108857199140715,1.32001711048909e-05
0.970365904768382,0.0256518374085679,1.93065644781384e-06,0.00137441213251562,0.00260591503408708
1.6527581728645e-17,0.000421286912862379,0.678714355399354,0.00267328739589915,0.318191070291884
0.00210353238721223,0.997878444693573,7.12723709694237e-86,1.17126875839345e-07,1.79057923391107e-05
9.05176925860076e-17,0.00666506547803158,0.174691903856598,0.380808548587836,0.437834482077534
0.979650213404106,0.00219600423633218,1.02763889550433e-74,0.017132253843778,0.00102152851578397
0.0260714932334954,0.865171063842492,2.69007722162281e-75,0.019187051457236,0.0895703914667762
0.758557935617162,0.166011999256616,4.00676793364971e-06,0.00264635914821862,0.0727796992100702
0.0795967871758039,0.656643298006012,8.30697594402045e-08,0.00348894205802013,0.260270889690405
0.0293706754570828,0.0939987509468939,1.53229986813112e-08,6.32209549657767e-06,0.876624236177528
0.982044567597889,0.00710866381607566,0.000517467283944782,0.00517407078330622,0.00515523051878398
0.0147757777496121,0.979966164243174,2.31965951313923e-10,0.00488341400695384,0.000374643768294458
1.38251415585985e-18,6.75300534067505e-08,0.99605232799963,0.00356412049566379,0.000383483974652939
9.38070700214053e-19,6.22441246802468e-08,0.953161765181162,7.06116017251336e-05,0.0467675609729879
0.00420582115223693,7.65676147501982e-05,1.2039606323876e-08,0.995717592714009,6.4793974439276e-09
3.18832546197566e-19,6.88988782996623e-08,0.977697038550704,4.45769700996215e-07,0.0223024467807164
2.65416765921174e-19,1.83203192808939e-07,0.000279611063375879,0.99971984749821,3.58235221085433e-07
4.21627280938431e-18,9.18822292117955e-06,0.129803217523925,8.0861756710331e-05,0.870106732496444
0.0134393457142185,3.66441745475101e-06,0.100150891835399,0.88623051967837,0.000175578354557856
3.26160927081657e-15,0.000114256658284213,0.0566104039892292,0.938320318615497,0.00495502073698639
0.252522060451564,0.000104434256883685,2.20806578337733e-06,0.747370552806327,7.44419441980074e-07
1.38289436512404e-20,2.72442898833808e-09,2.19053711265445e-05,0.999978091799543,1.04901062778891e-10
0.102518532218721,4.84905669611067e-05,0.772245849306051,0.0644533959169045,0.0607337319913623
0.305988381492158,0.688905731639634,1.28292660597785e-13,0.00510464189513063,1.24497294925657e-06
0.994661415617327,7.67967173770012e-05,1.31681054256011e-07,0.00521242366095432,4.92323232874229e-05
2.22569484494938e-19,0.000298983564677952,1.70103156267573e-06,0.999699208281924,1.07121835096669e-07
1.05064730121601e-05,0.999381173613146,4.21553733856396e-17,8.6439969233354e-09,0.000608311269845187
6.24288239442487e-20,1.61867329436699e-08,0.998179610686262,0.00181770705104128,2.66607596404468e-06
0.0772549538073627,8.30461065023979e-05,0.00697721819069155,0.915590566277901,9.42156175420948e-05
3.517918791525e-17,9.32397317412122e-06,0.496816856969146,2.39347161432391e-05,0.503149884341537
5.15507292398923e-05,1.5329381806447e-06,0.920666561825457,0.0686186971301256,0.0106616573769973
0.258545468544665,0.00573150366930176,8.02671087873121e-10,0.735723004457811,2.25255513390436e-08
0.0125112786923329,4.59182171474802e-05,0.011877920127067,3.34339699936522e-05,0.975531448993459
0.00113516111745778,0.798310354445063,8.28683008405433e-08,6.94766096055039e-05,0.200484924959573
0.761744742296561,0.00275185166299109,0.00606631385196923,0.00113898811332215,0.228298104075156
3.19944890875534e-16,0.000548468613316804,0.00428665838512382,0.98598082363646,0.00918404936509936
8.40092100474611e-05,3.24498973259064e-08,0.947149131913212,0.0527568538671187,9.9725597249841e-06
0.00190452069207301,0.0155221429853293,8.5104857637223e-05,0.000184753350118937,0.982303478114841
1.35671250115066e-19,3.61338672806179e-09,0.00671951618223542,0.993280476258787,3.94559087343591e-09
2.28180118779891e-18,3.42648294095746e-06,0.0456040490794073,2.42917156924598e-05,0.954368232721959
0.00101348521640821,0.0536118462208854,1.71360910417239e-75,2.61286476336273e-06,0.945372055697943
3.04118944265567e-05,0.000131272683165766,5.43175371600697e-05,2.79659478642054e-05,0.999756031937383
9.19600650519997e-06,9.59449660744693e-08,0.952149417539805,0.0476312488882897,0.000210041620434026
0.0313266551358067,0.444089981273707,2.13647131700567e-09,0.524131367084734,0.000451994369281079
2.59180765416774e-06,4.09011286440351e-09,0.01791491226832,0.982082467843444,2.39904688661111e-08
7.03175644736875e-18,8.68004127073063e-08,0.000369432466721948,0.999629805125244,6.75607621566513e-07
0.000117469224164446,9.20983167559007e-06,8.95116284855663e-07,0.999871975237232,4.50590643230087e-07
7.16170906713713e-17,0.0001146838698546,3.04599743630384e-06,0.999880947459278,1.32267343141726e-06
0.302711029602584,0.00386500422033971,0.000181631868243904,0.00377036114817033,0.689471973160662
9.64399176682624e-15,3.69422813693838e-07,0.00726344771866144,0.99272237898799,1.38038705248285e-05
2.15293158243765e-15,3.61135332295362e-05,0.793613891150379,0.203354505762421,0.00299548955396882
0.496116128705389,0.351237720285657,4.95849891652977e-09,0.152580732887174,6.54131632808294e-05
0.247168022641431,0.0480757914795733,3.38850402038571e-05,0.00129263984681721,0.703429660991975
0.0171306063591487,0.00722115852671006,1.1936832237121e-07,0.975622717107485,2.5398638333952e-05
4.69978459739751e-17,1.99401704173982e-05,0.990950193160781,0.00545004418825151,0.00357982248054976
0.0568418396516408,0.0123603396562624,2.71752466682712e-08,0.930788599463951,9.19405289901784e-06
0.98655827888946,0.00148022495335496,3.76704437549793e-06,0.00139854095538997,0.0105591881574196
0.000111096643100811,1.89242849437025e-05,0.00363608621962511,6.36704632665286e-07,0.996233256147698
0.00125096628091896,0.226437300521117,4.44399464211609e-07,0.763792246388986,0.00851904240951365
0.00311983396904129,3.59299565898561e-05,0.00114163118735434,0.995690849907111,1.17549799038055e-05
3.29224017713161e-15,0.0104462168965056,1.34266959478339e-05,0.987154158361554,0.00238619804598966
1.85048374990772e-17,4.40803913953758e-07,0.973435250149699,0.00083945820667972,0.0257248508397073
0.00022198647148486,0.9806702332353,7.89753122602363e-14,1.6433814114232e-09,0.0191077786497546
7.2564115690451e-16,0.000477894775678859,7.44983116537843e-06,0.999506247560959,8.40783219584141e-06
1.58577254038686e-17,0.000270157529260176,2.65226951507931e-06,0.999724256498088,2.93370313633164e-06
0.937312598107582,0.00139619996010367,3.84381311095481e-09,0.0612904525200889,7.45568412581157e-07
2.24623386818368e-18,1.37303313894663e-05,0.154944201369459,0.000415713639525859,0.844626354659625
2.64548984449746e-05,6.05110496589875e-06,0.00707852617977686,0.992697991214938,0.000190976601874504
0.000131945798013109,0.00078081620012809,0.00713429970649566,0.0005348919932604,0.991418046302103
0.444645502158468,0.000233990022550318,0.160626668566383,0.0020751185041173,0.392418720748482
7.19152221236349e-18,1.06797770674726e-07,0.913301502018539,0.0866974725325549,9.18651135168782e-07
0.874684346788936,0.123302023571431,1.88018346108169e-11,0.0019602694791693,5.33601416618528e-05
0.555488470473011,0.00474998671995093,0.00011982306705596,0.439528959772862,0.000112759967119571
0.423784314612772,0.556691422035587,3.39271977958883e-09,0.00838181011439892,0.0111424498445218
0.00349420267289778,0.000678518981856973,0.0180737342850618,0.0187036936185475,0.959049850441636
0.00175215381231031,0.00015950800990533,0.149699078174005,0.000923375179640674,0.847465884824138
0.163537777181944,0.836101534727932,4.76992291692484e-13,0.000271359728104962,8.93283615422983e-05
1.10799289020918e-19,6.26622454899003e-09,0.998437353311781,1.99485427143761e-05,0.00154269187928062
0.766973045288816,0.146296905942512,8.05680609647367e-07,0.000185251725589156,0.086543991362473
9.49373091693757e-16,0.564177685895249,5.21821399581234e-08,0.00163283024024087,0.434189431682369
0.00201463773019628,0.252778887746883,1.14151762363492e-07,8.86769584687345e-05,0.74511768341269
0.410355504657655,0.00116505101528353,2.5597200607571e-06,0.588358453087258,0.000118431519743
0.00412943659355012,0.00114971101014446,3.07170202925268e-05,8.6664738941324e-06,0.994681468902119
2.69121678141962e-17,1.18791339387963e-08,0.619604104647254,0.380391036519467,4.84695414504542e-06
0.796119806386837,0.0708500722676512,2.57520496033901e-07,0.00019903818665845,0.132830825638358
0.387711904670049,0.612122579177766,3.07385271605216e-14,1.1685231799553e-06,0.000164347628974545
0.0748975293599189,0.0412184220538457,3.01327597350128e-05,0.000110926496282851,0.883742989330218
0.00382819000372713,0.0128710642311536,1.85226415446034e-07,6.98728479037546e-07,0.983299861810225
0.999618202771981,2.06052207913525e-05,2.55166135767865e-10,0.000361068640606555,1.23111454589739e-07
0.0281968066552306,0.367205888467086,2.90202417988277e-09,0.00116983641303265,0.603427465562627
0.657249736216598,0.000191236539520012,1.43095762887475e-05,0.342543612879802,1.10478779155462e-06
0.741982144119762,0.00170293076429716,0.000416807819874218,0.253303615994652,0.00259450130141415
0.779687947100769,0.107290149389708,2.83666072052866e-05,0.00129522974496819,0.11169830715735
0.00110116359762735,0.000511339091896709,2.20623721154623e-09,0.998387484155207,1.09490314785859e-08
0.0509340955995638,3.99015912546909e-05,0.879361642083615,0.0581861812761246,0.0114781794494423
2.56552783938897e-19,5.86439688575905e-08,0.865699561461621,2.22392593224856e-06,0.134298155968478
1.21301084157654e-17,0.000149024084271067,0.056912065009044,0.000230706952283254,0.942708203954402
7.31602257745224e-05,0.000350400118618132,0.164534105839208,0.00260513108230148,0.832437202734098
9.53052920357415e-21,8.66483238373448e-08,0.998245179537577,0.000253878745350615,0.00150085506874825
0.141598223890791,0.343782807806487,5.65677333695038e-10,4.85238700458557e-05,0.514570443866999
0.0564336770850268,0.00815817186534586,6.13672543436699e-05,0.934782308096672,0.000564475698611644
1.55295263852937e-07,2.94477019665126e-09,0.910047227440093,9.27702512854082e-07,0.0899516866173602
0.101596010067669,0.0972599129446385,2.42734886942354e-05,0.798581123644552,0.00253867985444652
4.49881027045267e-05,0.999937260978802,1.67643233341997e-85,9.42863696413816e-08,1.76566321236996e-05
1.60159479077154e-17,0.00104545354101925,0.259798367499752,0.174988284714939,0.564167894244289
1.20797197688782e-05,0.999654928494151,2.4986871104422e-18,6.89297421551453e-09,0.000332984893106037
0.000334753946387207,0.523206136183192,6.58073517877831e-08,0.0856900409651513,0.390769003097918
0.998809603884705,0.000114717100777326,4.40224054140108e-07,1.0617931693648e-05,0.00106462085876941
0.0738340356554123,0.00746251847033789,0.00051184400168669,0.00676603172654893,0.911425570146014
0.993796424895032,0.00156036009758163,5.99581652876439e-75,0.0016108617203063,0.00303235328707961
0.954060891102947,0.00573838912129299,6.90462855745759e-06,0.00780302569720581,0.032390789449997
6.73065084036653e-16,0.0171845040195258,4.04149248360701e-05,0.000341317148776639,0.982433763906861
0.872681489138217,0.0448009200091162,7.91145507830551e-08,0.0821544935036639,0.000363018234452671
0.00100550016192331,3.47386252853445e-05,0.000173224463757727,0.998782489215184,4.04753385012168e-06
1.31939598679885e-16,9.63085890967298e-06,0.794828620030963,0.000929463065488741,0.204232286044639
5.20617723055799e-17,1.36479677325436e-08,0.0329345313343087,0.967065423754958,3.12627651852544e-08
0.00169517281932564,8.89864777058082e-07,2.44616481672198e-05,0.998279299740337,1.75927392811706e-07
2.23496594355989e-17,2.37679180484338e-08,0.00579785807977067,0.994202077478586,4.06737248885381e-08
3.57853911484388e-06,9.82701611506559e-05,7.20181277966232e-06,2.12385399725434e-06,0.999888825632958
0.0303199901079877,3.05457706258471e-05,0.0234814208841451,0.945809466647125,0.000358576590116265
0.00637337757645641,6.83019432823091e-06,0.854854120727341,0.110232801348258,0.0285328701536169
8.59807844105432e-07,9.14249613870433e-07,0.00482055098439633,2.31338410751806e-07,0.995177443619735
9.0047362121629e-19,9.0563439138925e-07,0.202726581458592,2.38545887422882e-05,0.797248658318274
1.73252034861217e-17,0.000161017581774135,0.403096791375066,0.00526111601445965,0.5914810750287
0.994170500163927,0.000511164786668752,3.71620646467503e-06,0.00445267243929396,0.000861946403645876
0.173247471486288,0.638674799209247,6.53144454142584e-78,8.77955360873298e-05,0.187989933768378
0.00453835944266608,0.00347831953929347,0.000131461602240638,0.00988738199914077,0.981964477416659
0.0217599497962284,0.974598373794379,2.5649293786948e-10,0.00200292494968721,0.00163875120321272
4.23226440641443e-05,0.000148310926226601,0.62924844636705,0.00150131415713593,0.369059605905523
0.00989324845516121,0.990001027249853,3.12314362408417e-15,1.85733132083676e-07,0.000105538561850816
0.908725419869639,0.00050677675164264,1.45482643917874e-06,3.62549581968717e-06,0.0907627230564591
0.0661456408800852,0.88765536002859,3.10886611484119e-08,0.00220687104056071,0.0439920969621028
1.30852349752507e-16,0.0135487425268963,0.00119530109076998,0.132700254817825,0.852555701564508
3.46785749158206e-17,2.557355119784e-05,0.590732682026611,0.24730839187188,0.161933352550311
