0.0285108955240884,0.00463900048530155,8.63032066755971e-06,0.908828287488995,0.0580131861809475
0.333600823356645,0.00416821337770671,7.26190292395047e-05,0.624010834746258,0.0381475094901513
0.174576363808259,0.425271416222187,1.30149369593773e-08,0.40015195119124,2.55763376815368e-07
0.0468955158388589,0.117559787058485,3.55839669585227e-05,0.631500446874717,0.20400866626098
9.75584536231703e-05,5.31322942950777e-08,0.00113738668809899,0.0338284083264648,0.964936593399519
0.0276040115505925,0.00121683088594927,2.28801788402058e-05,0.971079303334536,7.6974050082412e-05
0.00249545819747655,9.774530550134e-06,5.32000758891736e-05,0.996895762766728,0.000545804429356003
0.000871925592447054,0.99283213555769,1.18347745093322e-13,0.00629593880446214,4.52825870030121e-11
0.000161799225818606,1.34711332792584e-08,0.000332719556916542,0.0448001843286419,0.95470528341749
0.00048724858404859,7.38648309802309e-05,6.95729654636768e-07,0.832874707523214,0.166563483332102
0.0710527996452636,0.83188416495788,4.90114997348847e-09,0.0867555817724363,0.0103074487232702
0.028173785470126,2.48931661242308e-06,0.667159248616207,0.118972625962656,0.185691850634399
0.111812232928878,0.00114681334306027,0.00140424400120022,0.586116596459167,0.299520113267695
0.220782156705425,1.94828919931661e-16,0.776117385635366,0.00164839068983356,0.00145206696937504
0.0472609923082281,0.942165307032022,6.94458945253729e-08,0.0105731042514539,5.26962401865531e-07
0.000181973733149989,5.98142658199385e-06,8.30250905668351e-06,0.014535135089967,0.985268607241244
0.00268669502238183,4.62580760665802e-22,0.997312046686566,7.27369989997246e-09,1.25101735240898e-06
0.0172405942484327,3.95682601382301e-20,0.982635146398447,3.06119048797365e-06,0.00012119816263232
0.58608723569638,0.00131612679206564,0.0261324127568686,0.117346100638626,0.269118124116059
0.448439066716637,6.61133010276926e-18,0.539983736143326,0.00821238801017113,0.00336480912986587
0.000189934714347041,6.07845631443337e-08,0.0139456745606255,0.00103806356932016,0.984826266371144
0.0155131179295558,3.06305713874974e-14,6.63488043983161e-06,0.984022692289286,0.000457554900688239
0.0159897576434394,0.619314034913678,2.14701448148773e-08,0.355209973380071,0.00948621259266646
0.675003359170565,5.37538852762105e-05,0.0613764705056222,0.167684756093869,0.0958816603446681
0.827425305679907,0.153598633139497,5.72758892164321e-06,0.0189560201308,1.43134608741301e-05
0.94565066963612,0.0536667373398729,3.68450284609365e-06,0.000535170766440962,0.000143737754719515
0.887616898071587,0.0119494776147121,0.00735908450548323,0.091791981077796,0.00128255873042199
0.458038473917409,4.01747054319557e-05,0.0111892259972698,0.526916120435383,0.00381600494450649
0.00874515594640271,0.00668512588731635,7.6616113490968e-08,0.984231128203274,0.000338513346893998
6.05265305965878e-05,1.04504922101567e-23,0.999933699325671,2.00504740522311e-10,5.77394322704172e-06
0.0256689190331885,3.52452393029376e-16,0.0118405956617521,0.961036138783904,0.00145434652115555
0.000125794701083862,1.68390155052368e-09,0.0266133600908827,5.37834064452599e-05,0.973207060117687
0.000382049110291386,0.99617148713585,2.10214710708356e-13,0.0034464200539472,4.36997007937525e-08
0.000226851530919547,1.11795043264711e-07,2.17135551707916e-05,0.0223696970745855,0.977381626044281
0.595762835541125,9.69942398788938e-16,0.00997346676687679,0.358067270176166,0.0361964275158321
0.000676506073413163,0.00331212679143312,5.29370026214848e-08,0.995377469005341,0.000633845192809922
0.0121858829255776,2.86902069965118e-22,0.987813914170701,8.28426307482163e-10,2.02075295092554e-07
0.28358222265828,0.00595604021906026,3.76111201715511e-05,0.701485806720999,0.00893831928148951
0.00919304151023085,0.171448993545682,2.08207015661087e-07,0.0512046008864579,0.768153155850613
0.0793097777812659,8.30457770546613e-20,0.920664691649069,1.46087062195463e-06,2.40696990429825e-05
0.000308240820343522,0.998958451820751,4.59980455639958e-15,0.000733307289720478,6.91806807512412e-11
0.0145396437095599,0.985374688096375,2.88869930305290e-11,8.56594496865234e-05,8.71549209350655e-09
0.00917650336970394,0.82399912860209,3.04381395070237e-09,0.166813356025463,1.10089589285951e-05
0.339075972638398,5.07578891150333e-05,0.00700630320851012,0.00181627966700231,0.652050686596975
0.64740374086591,6.27726083287523e-13,0.000603964931587665,0.342210453772271,0.00978184042960386
8.59501956847981e-05,2.87485889605362e-07,3.51447144447846e-05,0.018152949731616,0.981725667872365
0.00115487262518733,3.44639429034928e-05,3.76801795352117e-07,0.998472798455125,0.000337488174988882
1.69330059454913e-06,7.46483115429932e-09,4.67676988238316e-05,0.00376251719860942,0.996189014337141
0.0131717514006291,0.000482705674767699,0.000132074156429311,0.866548807402582,0.119664661365592
0.979774185436509,0.000256883693704025,0.00252081662735514,0.0171131236991115,0.000334990543320163
0.85057387244062,0.00860611445855763,0.002802498517858,0.120614193124978,0.0174033214579863
0.0385086627106747,0.961429574824745,4.45646609323234e-10,6.15642148739316e-05,1.97804060160985e-07
0.0447213071729376,2.35834571889699e-19,0.95525759604761,6.26489967660029e-06,1.48318797757615e-05
0.00957651495963812,0.987353886916289,9.96710978801886e-10,0.0029203069920914,0.000149290135270251
0.00987201556711586,0.98852767012429,1.6265831037068e-11,0.00160018968601814,1.24606309877356e-07
0.00437244181154854,0.000597884104704262,1.62547162876798e-05,0.0159733616126273,0.979040057754832
0.636934617810339,5.64889422088441e-06,0.297092770492039,0.00124927561481121,0.0647176871885893
0.04098426258239,7.90964149610703e-08,0.946413158050095,0.000489589731801123,0.0121129105392986
0.00127328944520529,2.10310940541503e-09,0.843672444027351,2.76529750865809e-05,0.155026611449248
1.9426096987111e-06,6.57770270287062e-10,1.20046218725892e-05,0.00133372599812511,0.998652326112533
0.956991461338751,0.000315701851734439,0.00386682013283929,0.0264873450349681,0.0123386716417068
2.11266349172066e-05,3.36726090795806e-08,0.000738595729464023,0.00914358692290611,0.990096657040104
0.0170249725303582,0.970668381827404,2.76457585857562e-10,0.0123066444295882,9.36192215797688e-10
0.0513596809333193,4.00726926601459e-17,0.529550037322046,0.122623694974322,0.296466586770313
0.759835039018534,0.231795893313999,7.2515530249255e-06,0.00836163307245484,1.8304198654647e-07
0.0192215871111802,2.4924880716375e-07,0.248883863874701,0.0713414711490585,0.660552828616253
0.0377674581546014,0.0203594129489828,5.15163959939244e-05,0.306756404490619,0.635065208009803
0.0011318220315849,0.997937282374122,4.53746403201312e-13,0.000930873499838357,2.20940014633478e-08
3.44669704245583e-05,1.75429145457405e-05,1.2086127177694e-06,0.513165692796119,0.486781088706193
0.027183007568106,0.967196760933035,1.00291824058677e-07,0.00337707026230934,0.00224306094472524
0.241660769623238,0.728778875897952,1.13858147007209e-06,0.0233590284519397,0.0062001874453998
0.00441686288916872,1.4110503123368e-05,0.000241384618975301,0.839056277352645,0.156271364636088
0.359742411842881,3.35540088223683e-07,0.57749280151649,0.00984131684070349,0.0529231342598371
0.0734710336770733,0.902475061298635,4.30630383235841e-09,0.0238418988864587,0.000212001831529183
0.0271343465995229,5.54279179324258e-18,0.954752872033132,0.000719612914511945,0.0173931684528332
0.0174489880482181,0.982353175437937,7.31725134663639e-11,0.000197836240031033,2.00641604813538e-10
0.469958965057904,2.52833329494838e-16,0.404141275063907,0.118606794063206,0.0072929658149837
0.13519424696885,0.829150647440663,1.65666019409259e-08,0.0356528754999798,2.21352390485753e-06
0.0852394993814527,0.188371296193886,5.8450693346678e-09,0.726286299543611,0.000102899035981014
3.62250348621726e-05,0.999136292142277,6.53480856114854e-15,0.000827476912747546,5.91010642203778e-09
0.020512478128425,6.29833492084776e-18,0.0709382221886788,0.528844434440101,0.379704865242795
0.00257194550927322,0.997360502402738,4.60605451202441e-14,6.75520739814299e-05,1.39612753655328e-11
0.168355763979432,2.59870872979407e-06,0.82396939589679,0.00205199451406431,0.00562024690098331
0.00748903180370502,0.990404411599592,7.38238426375108e-10,0.00209781214251576,8.74371594873455e-06
0.80708042247862,0.183603282512108,1.15701270156489e-07,0.00930492172790345,1.12575800987882e-05
0.956099408343991,0.014254276460898,2.28150857853033e-05,0.0293110148453081,0.000312485264017214
8.5260779430608e-05,1.65933413164671e-07,0.000148264767394492,0.029337634165306,0.970428674354456
1.58629238818839e-05,1.91453552673131e-08,0.000241769240171456,0.0128247554546492,0.986917593235942
0.0024876425026205,3.97731916731163e-07,0.00205769044256687,0.0396446993192868,0.955809570003609
0.0700490390797143,1.61407600502655e-07,0.929446932386508,0.000404660283285909,9.92068428909854e-05
0.000971612553090577,4.31782935447937e-20,0.905545918421257,0.000276580113095842,0.0932058889125567
0.0151231480508749,0.0206832165630935,1.82057493915203e-06,0.964134346979271,5.74678318209173e-05
0.00546562407106224,0.00010303976835903,2.88044754227667e-05,0.991217225069284,0.00318530661587161
2.14811150369175e-05,0.996320018775548,1.872826921761e-15,0.00365848954117665,1.05682367713813e-08
0.232523125313156,0.0034879181020023,0.0056021760774592,0.74890988147628,0.00947689903110244
0.000337486255293716,9.90206477470319e-06,1.96308059584229e-06,0.964625609221638,0.0350250393776975
0.0269404637747403,0.6140835156515,9.74234303193036e-08,0.343060999732877,0.0159149234174516
0.943845610505661,0.0468226709219467,2.07967401010992e-06,0.00932443858791084,5.20031047158639e-06
0.778015935061966,4.66554955039459e-13,6.93442366319199e-06,0.221960190246592,1.69402673117192e-05
0.978283916153328,5.3487507643731e-15,0.00202170785916652,0.00802435266751533,0.0116700233199851
0.005594393108854,1.79563658484673e-09,0.816699815840522,1.87472206006398e-05,0.177687042034387
8.04306700767348e-05,2.28988505828702e-20,0.253266905572215,0.000353037664175112,0.746299626093533
0.958101475695404,1.16748037319696e-06,0.0378692170083995,0.000124791897919475,0.00390334791790409
0.0019463383760424,1.98829642226089e-10,0.995349449859806,2.13617310846882e-06,0.00270207539221355
0.567108259761694,0.432652686473906,5.4248442081033e-06,0.000156660981411154,7.69679387808043e-05
0.0182306945884095,1.13965920180634e-15,0.00164439295388104,0.933504813464872,0.0466200989928362
0.00754814263424786,1.38916488381018e-18,0.989449181100591,0.00122704098142899,0.00177563528373221
0.748019020590528,0.251349128306108,4.77472530637623e-06,0.000596365723033963,3.07106550239448e-05
0.00259715277733721,0.942942068422313,2.73065500258307e-10,0.0512872566805503,0.0031735218467336
0.0540252346489697,2.05743392581616e-15,0.000181841630837503,0.945560335082596,0.000232588637594759
0.0445492013862203,0.00718305955484074,1.19890823167623e-06,0.946650501976528,0.00161603817417897
0.000173132221308796,2.68758545697151e-05,6.99854873206714e-05,0.0485493931940563,0.951180613242744
0.19876169170168,0.0413972023618819,2.80545155445708e-05,0.759410755715466,0.000402295705427534
0.00180360545704373,8.05125962181661e-05,3.31901181567277e-05,0.95496511255349,0.0431175792750914
2.57783099243033e-05,1.13572360084771e-07,7.65134081280075e-06,0.00453897685485183,0.995427479922051
0.00425144373485354,1.35034774480186e-20,0.967252215234718,0.000107875736900142,0.0283884652935284
0.998228950866526,0.00163960663246139,2.42675886860578e-06,0.000128422961440396,5.9278070295356e-07
0.0356290056551039,0.963981630607378,3.20153208018082e-09,0.000381059377216838,8.3011587686525e-06
0.0668473795488562,4.46268700504655e-07,0.328430938449608,0.0306568727902281,0.574064362942607
0.363273427254548,0.0259843007189145,5.5234241723047e-05,0.0584888236761676,0.552198214108647
7.91692055295157e-06,3.4891217018782e-09,0.000106251668712561,0.00243316807089437,0.997452659850718
0.70251942906177,1.53562818501238e-15,0.217039607462187,0.0647921336915453,0.015648829784496
0.00240458758624915,1.4182095489464e-05,0.000238853187311053,0.116985843515151,0.880356533615799
0.00990372587581331,8.27712330935635e-06,0.00396571828218412,0.961107646752412,0.0250146319662816
0.016260504091602,6.63117022414715e-08,0.932146086422381,0.00149644453883995,0.0500968986354748
0.305396014879127,0.678204803359007,3.90175477482752e-06,0.0163890442748137,6.23573227725053e-06
0.0605085454871007,0.000585706110119151,2.65482414198401e-05,0.938206957902685,0.000672242258675873
0.000889952541089165,0.998500406634674,1.01900029428854e-12,0.000609108915829067,5.31907388738158e-07
0.998121768472065,1.90274386659717e-13,1.91447100303527e-05,0.00167548472954962,0.000183602088164685
0.955944340424596,0.0389611656304468,2.9454906455559e-07,0.00503907502268681,5.51243732057895e-05
0.159971930164183,4.26636172598724e-06,0.133142296812717,0.468639253513876,0.238242253147498
0.950640309201071,3.30553416187307e-16,0.0402503544853552,0.00708984067559525,0.00201949563797837
0.000180881313340157,1.51696083283572e-22,0.999786809082736,2.00966189293264e-08,3.22895073048889e-05
0.229893762916315,1.95824215577641e-14,0.004147825930907,0.7208586110574,0.0450998000953578
0.184813206278867,0.0784348810726134,9.33038169156414e-05,0.61026524040964,0.126393368421964
0.00120696608769009,9.24684792727455e-10,0.959120772837921,7.83777540678595e-05,0.0395938823956367
0.0274822598684857,0.0675979195365112,5.63649638211568e-07,0.8236380479673,0.0812812089780645
0.935509930944873,0.000192043416940641,0.00711726938904943,0.00548783457509479,0.0516929216740426
0.117165977376853,9.31254619938693e-15,0.000867396014533584,0.191489515688791,0.690477110919813
0.0456654405120565,0.947998166675291,1.81927111241302e-08,0.00547550201920441,0.000860872600736632
0.89584881719929,0.0064549821562117,2.75440858562996e-05,0.0903014099736235,0.00736724658501886
0.0591181279317931,3.17532039965437e-14,3.2367350620587e-05,0.923319333521401,0.017530171196153
0.852053899197722,0.00296150606244196,0.000626964218521542,0.0582475464057969,0.086110084115518
0.000817878988343691,8.89463693948524e-05,1.40768234574088e-05,0.137383371650073,0.861695726168731
4.10100933675187e-05,7.28760610488431e-09,0.00247902476617378,0.00469642925276977,0.992783528600083
0.978919437551099,7.26022930885779e-13,5.83346451330093e-08,0.0210803828277359,1.21285794090665e-07
0.00194541584354973,1.32707237601629e-20,0.921838526612834,5.26442315781814e-06,0.0762107931204589
0.57964799202593,0.0274262761758912,0.000200175090348608,0.0821746788886779,0.310550877819152
0.00421363159739128,0.000857362598136866,7.3162045958677e-05,0.00980218099224975,0.985053662766263
4.68386469314785e-06,2.80705091253113e-09,7.64867441787442e-05,0.00264171461211574,0.997277111971961
0.000154900593350262,4.09821263962782e-06,5.10340055332554e-06,0.896937138723682,0.102898759069774
0.0169878033206974,6.74525136644258e-09,0.807990811577692,0.000109966641071418,0.174911411715288
0.578429074485652,0.0724152525426119,0.000494741132631919,0.347647035276576,0.00101389656252782
0.00989467079275245,9.66229267742895e-22,0.990097442236825,4.98158317344021e-08,7.83715459085221e-06
0.162634755484151,2.69172435992769e-18,0.837132503141757,2.37150178859e-05,0.000209026356205603
0.000154128527072512,2.1496751509129e-19,0.000360763550801153,0.00400210470116019,0.995483003220966
0.837152202639096,1.21372654969176e-14,0.0120382784946155,0.071076011677934,0.0797335071883429
7.71196806751079e-05,2.52660023132628e-07,0.00036513562359614,0.0536454145868519,0.945912077448854
0.0196777985591812,1.31277285332041e-16,0.0158898118019012,0.103924707994171,0.860507681644746
0.00630167955928919,1.73764763908919e-19,0.952492131444003,0.000547489180112898,0.0406586998165946
0.205540248365248,0.0602892479159058,0.00012733288415557,0.734008258585822,3.49122488688088e-05
0.00432429467263233,0.993041564387017,2.62870748707548e-10,0.00262379809562609,1.03425818537188e-05
0.999050711738021,7.35004246164761e-17,0.000922515439337255,4.18521420812401e-06,2.2587608433821e-05
0.00783024256742685,7.20703808244416e-20,0.847258060544233,0.00151801276250911,0.143393684125831
0.568683279498282,8.22570080848674e-15,0.00410403303761093,0.406867151319205,0.0203455361448935
0.925690520245394,0.00159892326635666,0.000419510696110362,0.0715586116338705,0.000732434158268082
0.000670505496415458,1.03683425451063e-09,0.545452467682897,1.8487441821816e-05,0.453858538342031
0.000219102468079738,2.69008483665097e-19,0.0098055187345897,0.0399757418324201,0.94999963696491
0.00182937102710613,8.47448236527358e-05,6.19589741942317e-05,0.940424561907259,0.0575993632677884
0.00068152686570492,8.69708833412256e-21,0.499254645807475,0.000167641346620332,0.4998961859802
0.831377247018356,0.00301225715906083,0.018224760357881,0.14552920271211,0.00185653275259291
0.304077211760884,0.572208072707736,1.15281841956241e-07,0.123505340953021,0.00020925929651764
1.30846698917873e-05,0.999811422753516,2.37597347631888e-17,0.00017549257627356,3.18317178790916e-13
0.00667901412381242,0.000582914506635631,1.28322560920746e-05,0.435612814343239,0.557112424770221
0.969211582907133,0.0290410161048367,9.94342915444383e-05,0.00142014746880924,0.000227819227676533
0.0329741872062529,0.0702782657260362,1.57850274533577e-06,0.896067994004271,0.000677974560694395
0.0764357889220664,4.35099298330411e-19,0.923458017697717,1.65766658924021e-05,8.96167143246485e-05
0.316176732531328,0.00324034010661182,0.00146096314482612,0.65791216630947,0.0212097979077641
0.746865389481314,3.43151868996336e-05,0.177567133427431,0.0101927320012333,0.0653404299031221
9.18578933607993e-05,4.85526041614588e-22,0.996216241626228,3.96738835592264e-07,0.00369150374157531
0.035304453060889,2.74356448848563e-07,0.821639311183665,0.00111996686749473,0.141935994531502
0.00166360319488635,7.04769410956039e-07,0.00568231333171205,0.0305823845875829,0.962070994116408
0.117634578143042,3.88895389110132e-14,0.000914227614742812,0.150454938871523,0.730996255370653
0.879656416998806,0.0989110860220439,2.18193744266159e-07,0.0211953102542604,0.00023696853114525
0.000691041913714666,2.23183983322679e-06,0.000242799424301977,0.715340260639137,0.283723666183013
0.183227799502339,0.0126757471661938,2.58902821958857e-05,0.554559744969014,0.249510818080257
0.000789134750639115,1.9505219758673e-21,0.917319351803546,2.46389901788047e-05,0.0818668744556365
0.310160869219098,0.00118785076512003,0.020768988781213,0.0794532706966801,0.588429020537889
0.000558401499928471,2.68405511183718e-07,8.98185959021276e-05,0.00112968493477298,0.998221826563885
0.0451574489290655,1.12105437631408e-07,0.948552141635729,9.71984959145453e-06,0.00628057748017678
0.022737937801247,1.59670733998516e-07,0.0447974700323163,0.0170268291538587,0.915437603341844
0.779654289665761,1.08980126819494e-06,0.220037369077032,2.24847170156774e-05,0.000284766738923103
0.841571880753893,8.88087973168091e-16,0.00778003400607431,0.150607007928643,4.10773113890337e-05
0.0771414464855361,0.00563260497679308,1.95428633975494e-05,0.903624497954848,0.0135819077194251
0.00603665497696979,4.04730647987146e-05,0.00644261260335098,0.859801861357841,0.127678397997039
0.00111842927037442,7.33799251827599e-23,0.99886778358947,3.73484962024516e-08,1.37497916596597e-05
0.110149705878961,0.00119503215657876,0.000387548412217207,0.359898600150425,0.528369113401819
0.00154091258932683,1.30408241709519e-11,0.998450116301867,1.31289049296215e-08,8.95796686089533e-06
0.000330604357362584,3.11807004656725e-22,0.975947544950213,3.43753445282792e-06,0.0237184131579712
0.47324083839374,1.84813898763689e-17,0.414645358456296,0.0186938055314688,0.0934199976184948
0.162463793766696,2.49713226628435e-12,1.26328749526345e-07,0.837525163873842,1.09160282153173e-05
0.114839792882297,2.81752082847087e-17,0.445330831680352,0.347066447671607,0.0927629277657433
0.00115433497168385,1.3198847450308e-07,0.000516440384130255,0.0278393504641418,0.97048974219157
0.0432712977236212,1.2124079401884e-14,7.92723852147552e-06,0.910011449682815,0.0467093253550303
0.00440054419373999,0.994960695245042,2.35770065875655e-12,0.000638752172826743,8.3860340014088e-09
0.000212230339500247,3.88087327264912e-20,0.0747722206189075,0.000664937905659499,0.924350611135933
0.00251819275753742,2.8940903120516e-05,3.71444533211511e-06,0.990998066506203,0.00645108538780677
0.00493264497749133,4.48057286936226e-18,0.683440229469801,0.00806969823602518,0.303557427316682
0.371658695519132,0.0294277193633755,6.12093512672995e-06,0.589723299805801,0.00918416437656496
0.00262270588501537,3.32619226426538e-07,0.00146469031343291,0.0250709766320124,0.970841294550313
0.630507250486659,0.353165590778767,2.01135643757589e-06,0.0162679026181806,5.72447599558339e-05
0.417915771391436,0.000265437515345705,0.0152597759958806,0.00291780940402995,0.563641205693308
0.222415425082843,0.770623003022217,1.92088395713811e-08,0.00696000613636888,1.54654973175108e-06
0.00455597160160564,1.17622857958995e-17,0.00255152559497766,0.0312480005098086,0.961644502293608
0.00588960749502597,5.21574186138098e-08,0.0432728324284138,0.00718789416533638,0.943649613753805
0.050972043039878,9.22267631205426e-19,0.935275926166413,0.0126635871775021,0.00108844361620704
0.0421741884724033,0.0026773055680262,7.63516333975946e-06,0.953903663804822,0.00123720699140886
0.0130468161461018,0.0122988319255307,5.78237300075871e-08,0.974346722959845,0.000307571144793001
0.138574368155094,0.00091304767289641,0.000706424666179491,0.809353115901492,0.0504530436043382
0.0174759512417447,0.959096701660877,6.3687738310278e-09,0.0233051624845902,0.000122178244014109
0.988605490126443,3.22230099103843e-16,0.010788838230736,0.000388876753065039,0.000216794889755524
0.00470646341711068,7.92048486099927e-18,0.00458469636106924,0.00099293339041966,0.9897159068314
0.837359235931803,0.000933960436420453,0.00114229098691277,0.100462226560362,0.060102286084502
0.00080874948446417,0.88763242444243,6.27929019071974e-11,0.111558167460415,6.58549897396195e-07
0.643313350491155,0.355991996327142,6.53436427481187e-07,0.000678019749659149,1.59799956162361e-05
0.726750127742795,4.63409526664503e-07,0.270860441626163,4.81694179281318e-05,0.00234079780358722
0.000655187803377803,1.12542471185068e-23,0.999344705925043,7.02289740971333e-11,1.06201349862922e-07
0.00103534052304702,4.7130615416417e-21,0.998791054945557,1.71503310847934e-06,0.000171889498287877
4.74351152859073e-05,1.57528259144184e-07,3.07670718022975e-05,0.129731237789575,0.870190402495078
0.000254660994895189,0.999453591228253,3.61118735145705e-14,0.000291747740483089,3.63326943746367e-11
0.0104918770917777,0.00015333334091727,1.97433535430524e-05,0.983406841285925,0.00592820492783705
0.0212219821966455,0.0839899345112072,9.68913981129716e-07,0.846028997229314,0.0487581171488523
0.205453042541239,0.724442831214766,7.60577694900134e-08,0.0677953480313058,0.00230870215491923
0.00277446327271861,1.79388659674206e-07,0.0034798071454416,0.132962812135858,0.860782738057322
0.000560491619143498,9.20314086630224e-08,0.00496365562949518,0.00691807953371922,0.987557681186234
0.0677630710039708,2.81342380091099e-05,0.00656073758331481,0.920832026891112,0.00481603028359304
0.0371989377194952,0.366731301314661,8.79875969636065e-07,0.577788038456034,0.0182808426338398
0.147252240442499,0.000978633911451963,0.000232783625263364,0.851227745876495,0.000308596144291293
0.00337224744487122,1.75094168424553e-06,0.0252314162675809,0.0612091453100904,0.910185440035773
0.0532702059052305,0.946481745324432,3.48338557437561e-12,0.000248047425947883,1.34090594517286e-09
0.0298147853960352,1.93008656499043e-06,0.358989712410269,0.118199180597574,0.492994391509557
0.0225181120433529,3.15180878015342e-05,0.000550461725514059,0.437281045496157,0.539618862647174
0.00022809672576305,1.34237881765947e-05,4.48757307840996e-07,0.96041810065785,0.0393399300709023
5.9448248179232e-05,1.62812405530328e-22,0.998744071186916,5.60784385209501e-08,0.00119642448646668
0.000669639547158267,8.02623866088353e-17,0.00166647413743004,0.220354991446083,0.777308894869329
0.00764703963097437,3.35158988170989e-19,0.989681697033129,0.000126552610553521,0.00254471072534368
0.755976833706587,5.0712031176049e-06,0.116520089586249,0.00656047562209901,0.120937529881947
0.00707273055380387,1.47321071196241e-19,0.992791578433899,1.37947911561837e-05,0.000121896221141364
0.00118552474383878,7.13087422266148e-17,3.44483722991222e-05,0.994854142939775,0.00392588394408657
0.000323109695521071,4.82740092979557e-07,4.11723339307986e-05,0.191935723848033,0.807699511382422
0.999171299959177,0.000633155459217811,1.17140658132671e-05,0.000150276204613906,3.3554311178239e-05
0.000311363836270562,1.43123398415245e-19,0.198511952279196,0.00290932350763928,0.798267360376894
0.008669771658233,0.000220806584929242,1.9949182292314e-05,0.00107624664399877,0.990013225930547
0.0383571309258415,1.52186053635518e-20,0.961544071461923,8.75020882725819e-07,9.79225913526922e-05
0.000937482985187201,5.08881659757396e-22,0.998909020367873,1.29538300547364e-06,0.000152201263934153
0.954446843214173,0.00107458837608386,0.00185938595220688,0.00957213383523879,0.033047048622298
0.0151661013811513,0.0101458144926037,0.000189183382017935,0.957021919232715,0.0174769815115117
0.0266215527950111,0.970549668909611,1.43597629758672e-09,0.00282875680182762,2.00575743584574e-08
0.000337150544691012,8.29081262057998e-20,0.662216983370676,0.000657092579884427,0.336788773504748
0.0269425702265966,0.000179763965064096,0.000246877662967603,0.855627381068543,0.117003407076828
0.983393474463989,1.74692001385768e-05,0.0118833482986431,0.00314944808731913,0.0015562599499103
0.00220736158146341,0.997103387304659,1.72893300111755e-11,0.000688119433956888,1.13166263138598e-06
5.2928731325809e-05,5.42227420727671e-06,2.20477865856664e-06,0.0227388644149076,0.977200579800901
0.990249965878424,0.00967785156727928,7.83033651676098e-06,3.08586010221081e-05,3.34936167577868e-05
0.986826303661177,0.00010350388167745,0.00903136847133638,0.00393251089764748,0.000106313088161211
7.70608323993529e-05,3.65188538658191e-08,0.000413485958641568,0.0523117938681369,0.947197622821968
0.95206540597754,0.0279721865593637,6.1596783235615e-05,0.0198441823244328,5.66283554276959e-05
8.13304472972043e-08,1.87525594478844e-10,9.34973713808292e-06,0.000278052438006095,0.999712516306883
0.00629824171603153,4.99375606972997e-17,0.0107617813894261,0.31131000088853,0.671629976006012
0.00121698017235489,0.000188919568025146,8.773508150468e-08,0.99420307620553,0.00439093631900884
0.000279982711131192,1.86430886450277e-05,7.23964134785779e-06,0.972721263124547,0.0269728714343291
0.962532234568343,0.024390168862906,0.000261565635655628,0.0123206370063661,0.000495393926728905
0.00102183085683249,8.8706927310662e-21,0.994707483576891,1.20413519229034e-06,0.00426948143108436
0.840631750941325,0.157369009665584,0.0001712068940657,0.00180774413712663,2.02883618986597e-05
3.06225364444681e-06,1.61599013294847e-08,1.68067735715916e-05,0.00596039854456929,0.994019716268313
0.000116889417390986,0.999499075571409,2.09061288169337e-14,0.000384021474735822,1.35364433395762e-08
0.00331815957873254,7.57988049282043e-08,0.0315931179615138,0.0138423647745042,0.951246281886445
0.163569397074258,1.30805803325548e-05,0.800116462111245,0.0042034345717449,0.0320976256624197
0.970318588667787,0.0125253987495797,6.01447653931559e-07,0.0171397489483202,1.56621866593063e-05
0.00339920907876205,1.88602445082259e-05,0.00014286149149137,0.901895763437336,0.0945433057479026
0.0067173939074504,4.61553047990114e-17,0.0218494490573447,0.909566334239058,0.0618668227961471
0.0131723233023039,0.0770096330390339,1.41792911440535e-09,0.90981479794803,3.24429270298692e-06
0.340951753716412,0.000591978577354419,0.00675778945270376,0.0187044048961538,0.632994073357376
0.0207287436885999,0.00285613604430199,1.71905310996361e-05,0.971872182310942,0.00452574742505679
0.041272179476277,1.07347703524006e-06,0.829183698823002,0.00844450441232626,0.121098543811359
0.000145515753401259,2.04269182626171e-18,0.00226910864270818,0.00108292461741018,0.99650245098648
0.714165933394686,3.25575523188881e-18,0.285466354083309,1.51639324600809e-05,0.000352548589544921
1.29983583025504e-05,2.15516704021626e-21,0.0258170216426584,0.000140187318069105,0.97402979268097
0.150618520574951,1.26488648371673e-17,0.84911868472529,8.90285653711404e-05,0.00017376613438753
7.75073399046472e-05,1.72265209586904e-08,0.00203762381060206,0.00493356421005492,0.992951287412917
0.00228738190107593,1.96629390210601e-09,0.871812070064581,4.94356035641023e-05,0.125851110464485
0.252358061891644,1.21332661885461e-05,0.739154450128751,0.000655241895885424,0.00782011281753078
0.443989251834722,3.03365423750672e-06,0.537262221157919,0.0164189909494428,0.00232650240367929
0.00093529780778519,1.52980258873345e-23,0.999064638466781,9.67877030562941e-12,6.37157546126502e-08
0.00202485141268304,4.64719184410108e-17,0.000399825163094541,0.161688371284418,0.835886952139804
0.995125399312732,1.31421296324349e-14,0.000218877967988311,0.00465267168466899,3.05103459772018e-06
0.757486038187077,0.0532358847548421,0.000401961912092011,0.0110586799117301,0.177817435234258
0.104877994673532,1.63441073462362e-08,0.894993417059688,7.63505222731884e-05,5.22214003989021e-05
0.00584402070039354,0.00216914977017,1.27299485030684e-07,0.991930568678459,5.61335514928321e-05
0.00217246183253946,5.9957817508929e-21,0.990454395761459,1.91065487114804e-06,0.0073712317511304
0.99886880187048,0.000761267971164982,0.000222129926641907,4.70920739268152e-06,0.000143091024320624
0.000200486996309466,4.75159458949112e-09,0.0148430407136111,0.00213671871449706,0.982819748823988
0.000905745446123314,1.18483918084299e-18,0.0151985958657934,0.0417317646214864,0.942163894066597
0.954016249928979,0.0459811543243456,2.52363194720812e-07,1.47885761113819e-06,8.6452586974476e-07
0.00102639244406965,4.09746484601094e-06,0.000126971535794507,0.0357112164388087,0.963131322116481
0.00660929668672214,0.940497714383896,6.72130610408049e-10,0.0521323676995336,0.000760620557717492
0.00691988325970342,0.0177671960935907,1.05178561862973e-05,0.954504359675796,0.0207980431147238
0.00214821245385512,1.69199427702199e-18,0.834592530477694,0.00129922521745892,0.161960031850992
0.00195336668764711,6.52624687430868e-09,0.709249238719826,0.000117279493320736,0.288680108572959
0.25978745185467,0.000585031797321756,0.00209812747764757,0.254813284508459,0.482716104361901
3.95603117192837e-05,1.09635870855897e-24,0.999959253929048,4.707154623723e-11,1.18571216125583e-06
0.000574371083225918,5.93989270778397e-08,0.00359451345671779,0.00914476714939485,0.986686288911734
0.19238985371042,0.000235503756282799,0.0013924388190032,0.308814538840371,0.497167664873923
0.00441839736178743,6.94797075788073e-06,0.000660644504426402,0.712696355303721,0.282217654859307
0.0172045809693419,5.67009071057396e-10,0.976111253673701,1.23149444122569e-06,0.00668293329550685
0.977591586556629,5.89843818331815e-15,0.00289237032925778,0.0195130988379665,2.94427614101822e-06
0.00879238788532141,6.6821721937125e-21,0.990498082205364,1.90710012142237e-06,0.000707622809193173
0.00721958215786281,1.68091455106339e-20,0.96531271876035,0.000299314788336151,0.0271683842934513
0.00410602745928746,7.39285792607144e-22,0.995821113323857,3.60728452287645e-06,6.92519323321811e-05
0.0696316098795978,2.78835447922506e-17,0.926565059673631,0.00309662093288128,0.000706709513889687
0.00402592808305526,9.09174759363196e-05,3.58795600887863e-06,0.439904613470002,0.555974953014998
0.219041379291037,6.68180293703128e-08,0.775070596994593,0.000885670929344313,0.00500228596699668
0.000708591258822343,4.01790871495322e-09,0.939558252557666,5.46653601939101e-05,0.0596784868054087
0.995977281801916,0.00162098049222276,0.00176632962298254,0.000407342844135609,0.000228065238743131
0.7140430398796,4.38920700356061e-14,0.000459716032701858,0.248295828768592,0.0372014153190622
0.989120412506435,0.000169188149750902,0.00554753192609193,0.0050031765792273,0.000159690838494613
0.00218609278396516,3.5279618864182e-06,0.00544311203273538,0.185804733643563,0.80656253357785
0.287898805901611,5.34182237949425e-05,0.131254719719389,0.576743241537837,0.00404981461736837
0.0765957255825602,0.923276015811892,2.5223632903947e-09,0.000116879757606644,1.13763255779598e-05
2.57979787844148e-05,1.21705355815537e-07,5.52854359957753e-06,0.0498454635581605,0.9501230882141
0.0882131515598465,1.01895727646479e-18,0.908578238481152,0.000947253082449606,0.00226135687655184
0.981568135736663,0.000494666924531184,0.0131663287215176,0.00237775447496158,0.00239311414232704
0.897985089538921,2.21302513520089e-05,0.051650360882639,0.00786589083494014,0.0424765284921477
0.000476535017892468,1.94637276951297e-09,0.130488749811893,2.32892812188616e-05,0.869011423942623
0.000961101496379253,0.941980923075454,1.32243622540831e-12,0.0570577891027081,1.86324136209193e-07
0.971046966602597,8.27083387130581e-06,0.0237895406802857,0.00512917764262615,2.60442406196663e-05
0.992901642865064,0.00013581724720864,0.000689659376650245,0.0062128731433705,6.00073677070243e-05
0.452110159711715,0.547061185374015,2.47999143685359e-06,0.000643093243850248,0.000183081678983156
0.000782286136348658,5.57971387146149e-19,0.00846461535752613,0.187955318445021,0.802797780061104
0.00580164466579157,3.55926337047991e-08,0.361044925036155,0.00212164827313326,0.631031746432287
0.000393588395345977,7.67671770669736e-08,0.000667978043155616,0.0820937210812682,0.916844635713053
0.459465322019275,0.000397518520762608,0.00457431187178448,0.149772669183009,0.385790178405169
0.000432120562215363,4.62146561656244e-22,0.999560075129713,6.50199739107602e-09,7.79780607365575e-06
0.0182473567176698,0.981735908204375,3.3116001103779e-11,1.67273342219638e-05,7.71061696765191e-09
0.932048883940592,2.5412028046321e-05,0.0645081949088761,0.00177717266222553,0.00164033646026032
0.00439031650344376,1.85422695186335e-05,1.55819663942243e-05,0.9949009318287,0.000674627431943405
0.0342979548372127,0.00268413181181138,0.00023101035385066,0.361276560444436,0.601510342552689
0.00661077980681638,2.30095488882101e-07,0.0983322470502689,0.0343965479886128,0.860660195058813
0.61324819863019,0.363373629200276,9.29594550811452e-08,0.0233765475979363,1.53161214277823e-06
5.69868821056544e-06,1.05310874865605e-08,7.0492851520399e-05,0.00610383080107785,0.993819967128104
0.500814573316998,5.98030533839714e-13,5.89657311473476e-05,0.144913684144885,0.354212776806371
0.287356710158055,0.000570678586448039,0.00147924826140807,0.508220724105227,0.202372638888861
0.0685282888417132,0.0142411592557662,3.2165763931148e-06,0.915698260304716,0.00152907502141164
0.390508553921582,8.61310896659473e-06,0.016289891577154,0.0215807479663717,0.571612193425926
0.00246202350263017,0.0375657072459812,2.12603325977398e-06,0.702685754501732,0.257284388716397
0.000247957292014101,5.57190705377068e-23,0.999733035841482,2.48575948501283e-08,1.8982008909013e-05
0.193689717177368,0.521937644332433,3.9282731020889e-09,0.284343023096285,2.96114656401505e-05
0.0155123124955146,0.982001264906382,6.77938194539485e-12,0.0024863366121281,8.59791962154777e-08
0.0076703392659815,0.000191372042405612,1.0780985166518e-05,0.991097609441094,0.00102989826535253
0.00106443337369436,1.1020894362601e-05,6.65932514024292e-05,0.701532340314854,0.297325612165687
0.908155797933922,0.0682814283149453,2.85186498358608e-05,0.021330608917302,0.00220364618399476
0.120977252919186,0.13902791518647,3.49020094560162e-08,0.739890524962921,0.00010427202941484
0.918195247133034,0.0813877896458454,3.7018436998218e-06,0.000360624587358035,5.2636790062775e-05
0.100536591525973,1.24883686436307e-05,0.0495657603637947,0.00728895629826808,0.842596203443321
0.0090226146065277,0.000786535503904794,8.69551319480137e-06,0.339011110368684,0.651171044007688
0.740093637703004,2.3302816126847e-06,0.25986302826418,3.24352487325272e-05,8.56850247128018e-06
0.0166363356594726,5.58771664838007e-20,0.920135504318907,1.16618969480578e-05,0.0632164981246724
6.10572116424393e-05,5.54175050217964e-21,0.0258856479242878,0.000104604201498751,0.973948690662571
2.07164531124286e-06,7.00022666083347e-09,6.1621429358508e-05,0.00134569034278119,0.998590609582322
0.0135246836204194,8.06693663261748e-19,0.28074908902618,0.0536681151073317,0.652058112246069
0.000242572487283392,1.22075368110983e-19,0.0124523229047609,0.00732530487077736,0.979979799737178
0.00874472295835941,0.00168348793313238,6.05997400985882e-07,0.988761056029283,0.000810127081824501
0.892027002978512,2.00041388976374e-06,0.107840484536497,1.54377701619415e-05,0.000115074300939541
0.000147141975640663,2.36202916466e-09,0.000424093476349529,0.000323964508405653,0.999104797677575
0.925402461605516,3.57986086717647e-15,0.0709792327948521,0.00340709848476179,0.000211207114866175
0.000368379881367083,0.99882213195838,2.23710372772661e-15,0.000809487820693154,3.39557894104666e-10
0.000622290361438794,2.160283753022e-19,0.523105213972295,0.00157680477822346,0.474695690888042
0.0354046710679063,0.0268750896255622,2.37639475263775e-08,0.937716155691485,4.05985109900001e-06
0.00447284969996607,1.68629262083691e-06,0.00309494608037752,0.410675024349543,0.581755493577493
0.0964691797864671,0.891164162168533,4.45489546955224e-08,0.0115598509994823,0.000806762496563007
0.0356265677350362,6.4644639805762e-05,0.00323168940999071,0.641072620714051,0.320004477501116
0.0685351502107318,1.90545926377536e-06,0.0837417881389924,0.733336578193763,0.114384577997249
0.0502446009952191,3.86006116594366e-05,0.0114204790953752,0.0296675230885683,0.908628796209178
0.662241629537955,0.0138577119098471,7.78368953207211e-06,0.312170682189376,0.0117221926732902
0.877871074872396,0.0409575339513077,5.70255643348551e-06,0.0655889683239353,0.0155767202959277
0.108684620000293,7.0795259794751e-07,0.859537775535667,9.63913234984507e-05,0.0316805051879429
2.61324610158908e-05,3.20061698167254e-09,0.000456192442055291,0.000587468146686682,0.998930203749625
0.0101612439986944,1.08519316953733e-21,0.989836430614681,3.16060298213126e-08,2.29378059524305e-06
0.0601969121676625,9.11491825854989e-09,0.93977170876898,4.01421300307248e-09,3.13659342265325e-05
0.000308668711138032,1.77146638807702e-12,0.999687000402237,3.99442000330538e-10,4.33048541131993e-06
0.00010307109088689,1.40591690976415e-05,1.7756504146777e-05,0.139513728036266,0.860351385199603
0.00112818309669463,2.44804827452666e-21,0.998732627449343,4.37524767737847e-09,0.00013918507871482
0.0385604000459242,1.21564833991767e-07,0.900120549144484,0.000287858984301929,0.0610310702604562
0.000417463299215811,1.00496722513156e-06,0.00191138111588432,0.0637835640303552,0.93388658658732
7.70087760865123e-05,7.50523812353671e-20,0.0724587635706658,0.000426766332684338,0.927037461320563
0.000183867116787592,7.81116713909104e-09,0.000755215354190671,0.00278874813004879,0.996272161587806
0.256996577317041,0.629846926992329,1.13607714614169e-05,0.0953182792052936,0.0178268557138747
0.871939018557205,0.123096016449837,5.48030034823391e-07,0.00302366906820003,0.00194074789472237
0.0269333804816067,3.65952688716325e-17,0.0723884784739755,0.245213398492601,0.655464742551817
0.53133755388321,0.00342002455093847,0.000804249585487272,0.436798668857941,0.0276395031224226
0.0115805907299842,1.43301222261356e-20,0.978924282755399,7.29833070748388e-05,0.00942214320754257
0.000206748980060947,0.999548036922173,3.39116198326807e-13,0.000245199298763495,1.47986633563749e-08
0.0167049295617973,0.981193319446143,1.09655169822378e-09,0.00198276265270628,0.000118987242801408
0.034796272279362,0.288935688900451,3.01173888969432e-08,0.67548667810465,0.000781330598148621
0.00803204661929414,2.07075788513067e-07,0.019957653528164,0.00630934709445567,0.965700745682298
0.0149716111029891,8.04597727726956e-18,0.126826072279105,0.462037688640181,0.396164627977725
0.000211954692545175,7.29264780133483e-08,0.000376002152950848,0.148778986020743,0.850632984207283
0.00179552100599258,2.11809724870144e-21,0.998042083361485,1.41652243874521e-07,0.00016225398027869
