0.00700856218864536,0.000998337026188284,0.210460096178243,8.62590592833088e-06,0.122925918432948,0.658598460268047
0.00106650787000973,0.00795263889695947,0.184833539323938,0.000100159914919112,0.0427758321928148,0.763271321801358
0.977362427971239,1.50296018545776e-05,0.000148751874821551,0,2.53134876295007e-09,0.0224737880207365
0.0222248268420117,1.350250922659e-05,0.943633972957914,3.32462934318801e-08,0.00404877015465273,0.0300788942899014
1.02096669775341e-08,6.46432431835563e-06,0.00064002153607767,0.00856532188575466,0.978430026190168,0.0123581558540141
0.0015939440150669,0.0198738238517305,0.00173026475272431,6.42766005905464e-07,0.00207721471721077,0.974724109897262
4.04460333951411e-06,1.94433050960676e-05,0.000345208226995325,1.79721121251969e-06,0.0196481517478356,0.979981354905521
0.998386096393544,3.36317868978541e-06,6.51508472966745e-06,0,3.02045864160181e-11,0.00160402531283163
8.79431152390825e-10,3.65521482950671e-07,0.000361216759692777,0.00103034860316502,0.992102609299803,0.00650545893642547
2.55629543058956e-06,5.20207237481732e-08,0.0340806846514723,2.8316948904428e-06,0.943690527862842,0.0222233474746407
0.0151025388293695,1.60080445003943e-06,0.98322679942567,3.33650671394796e-11,0.00043159115050469,0.00123746975664083
2.42210390420483e-06,0.0387374610813331,0.000347223535112825,0.822134978076013,0.0315576502912136,0.107220264912423
0.000977524703102247,0.0031351283403345,0.240555177327614,0.00052419593342219,0.401288673426928,0.353519300268599
8.42795153100138e-06,0.473983742844248,0.000571929717570504,0.512110157259441,0.000439736328821017,0.0128860058983883
0.893252168433023,0.011098342084222,0.00701408934919258,1.73254704169195e-08,1.91989598246403e-07,0.0886351908184938
1.65444403095188e-08,2.53660903204866e-08,0.0190962566393881,0.000297019802328958,0.980283224783736,0.000323456864016488
2.49467394106583e-11,0.912488573890216,2.17671789868488e-07,0.0875110861252833,6.81341612849839e-09,1.15474347788418e-07
6.41845849736077e-09,0.665030883207883,1.2810935072882e-05,0.334852456345414,1.03163501119911e-05,9.35267430590885e-05
0.00091781769512934,0.0144713827146528,0.960916704250032,0.00014097483170992,0.000921533832127286,0.0226315866763486
5.94936345152335e-08,0.975211358959334,5.88258369612753e-05,0.0200439696571172,5.09715115489322e-06,0.00468068890179805
3.585034891831e-08,0.000123454270570494,0.011948686743475,0.705483804534729,0.28111535857463,0.00132866002624686
0.175383528572695,0.000287739404332639,0.0044468148704011,0,0.000201240472472086,0.819680676680099
0.00801635796341097,4.4839754697572e-06,0.897558649009227,3.37793029876721e-08,0.047006615840325,0.047413859432264
1.19212568177076e-05,0.409711699656167,0.000421901365292415,0.0859353705964094,0.00824753938745567,0.495671567737858
0.678630000098596,0.0357677492192772,0.264612238433199,2.63805781000635e-10,5.18801768708948e-07,0.020989493183354
0.00227496269221956,0.000879029919184148,0.996745455988056,3.73564293536055e-09,1.84687780478424e-06,9.87007870920624e-05
0.00129499920770145,0.971103009500824,0.00104861530131935,7.04705549037448e-05,4.76707280284082e-06,0.026478138362449
8.2984176630364e-06,0.198693919606305,0.00787854898252504,0.00288357996523937,0.0125050699130121,0.778030583115255
0.181203315488923,2.83014939441954e-05,0.0544291775439444,1.57105883337819e-11,8.73333197742645e-05,0.764251872137704
1.43464263657721e-13,0.0143856054213254,1.16305475245927e-08,0.985614379194051,2.62728156973894e-09,1.12665109655266e-09
1.64284978940072e-05,0.0148517781005046,0.000114967672038424,0.0015713254944895,0.00805523433637476,0.975390265898699
2.0501215075686e-11,1.80943749421934e-06,0.00215295007610933,0.535103088080606,0.462727205816528,1.49465687621319e-05
0.992147104053546,9.33338230493527e-08,0.00678608730644763,0,2.26646682871035e-07,0.00106648865950059
5.3913216388308e-10,5.23701054121702e-08,0.00134800454510652,0.000108893139575639,0.99815052735781,0.000392522048270226
0.00376323824377466,0.0384752918871072,0.0388894987881453,2.52302897264764e-06,0.00147076840764503,0.917398679644355
0.0836546629728933,6.93496348858631e-06,0.0454304187425948,0,0.0120643906165054,0.858843592704518
1.54050884851933e-12,0.999108461679794,1.24353117204118e-08,0.000891525222342956,6.31040480014465e-12,6.54700171952914e-10
0.0024795342827975,0.000811808178439863,0.0297185552443732,1.44231045911891e-06,0.00186428474869569,0.965124375235235
7.79574190368807e-05,1.77166528541802e-07,0.91338452748223,2.23959670923671e-06,0.0862746423484761,0.000260455987019268
6.53369746713748e-10,0.972841297828959,2.57577236117775e-06,0.0271549745465143,1.35886945509858e-08,1.13761010106794e-06
0.999838765982985,1.74006001711193e-08,4.13577647225047e-05,0,5.6965349463955e-11,0.000119858794726465
0.992838834581107,2.35725215435988e-06,0.0068701165979197,4.92082645384197e-15,1.09759046864602e-09,0.000288690471223445
0.846855241954629,0.000782982528130139,0.0070678924503596,1.0966460129273e-11,3.05058791261995e-05,0.145263377176788
2.49064169500173e-05,0.0299719843474397,0.944283621024558,0.000310185248086143,0.0244923053708031,0.000916997592163136
0.0635410674817314,0.0160338569484195,0.145975011431048,2.30068992991756e-05,0.00260701982515385,0.771820037414348
1.08035215880534e-09,7.5645448678062e-09,0.000526628215362715,0.000207999280451639,0.998744835106558,0.000520528752730502
0.00014610524080279,2.91896197417133e-05,3.775435459061e-05,8.63418598737683e-09,0.0049403836091458,0.994846558541533
1.18016747168688e-11,2.97224495603588e-10,3.77478677047925e-05,0.0009163239591815,0.999013020801881,3.29070622062052e-05
9.16535718776531e-05,0.000563698042252349,0.000839008046184412,0.000162300751564896,0.0200127418604795,0.978330597727641
0.0140139983239034,0.57754229155459,0.313897701623487,1.63206981423184e-06,4.48062561089584e-05,0.0944995701720964
0.0253056910642031,0.161822734269703,0.308491759414159,0.000695642460340174,0.00735279876946598,0.496331374022129
0.991641509175026,1.01582755115872e-05,0.00831778619273339,5.10656590737751e-15,1.02954686348467e-10,3.05462537688859e-05
3.2927485203063e-09,0.977335337711914,2.85003644681223e-07,0.0226588003361081,1.96254986054709e-08,5.55403008647239e-06
0.0261671191402616,3.42073677443042e-06,0.973421135709431,1.93589134757337e-10,5.11232209792192e-05,0.00035720099896401
0.988099159147803,1.4263148848437e-06,0.00949189122689065,0,3.82878736771482e-08,0.00240748502254829
0.000230725949761396,1.05461999398273e-05,0.64724251088466,0.000108630945754238,0.343303354978714,0.00910423104116984
1.17422389265365e-05,0.40076423986625,0.580749507186233,0.0114890908052248,0.00229899850556638,0.00468642139779932
4.04422527589004e-07,0.712417666155746,0.000276093972527025,0.27241482299177,0.00184056797027531,0.0130504444871535
2.38080230771012e-10,0.000363858358120307,0.000278904287334786,0.997472438671994,0.00186185141144748,2.29470330228033e-05
1.81332863586156e-12,1.8205642607136e-08,6.5853407141855e-05,0.00232763629577164,0.997571007149155,3.548494047534e-05
0.000736174140512164,0.351142964986598,0.206393329412409,0.0148224021726378,0.102331593027555,0.324573536260288
3.90018778014773e-10,1.7172817839837e-08,0.0001494036395831,0.00208963695933598,0.997316207030747,0.000444734807497641
0.995364940965846,8.48020827086937e-05,8.87683183537609e-06,1.46088894054515e-16,4.31142544827827e-11,0.00454138007649557
6.22825554383821e-06,0.0137706435954789,0.0286713782214905,0.30551788976593,0.200711987578894,0.451321872582663
0.987162684152887,0.00272140910831036,0.000921525433719794,5.72728405126861e-12,4.92523547952192e-09,0.00919437637412056
1.70394970954264e-08,0.000604888768161357,0.000266252501367925,0.445188055518627,0.497951959722634,0.0559888264497123
0.000377882186352857,8.64956424311179e-06,0.946879744423703,3.12530633511502e-06,0.0448443811722718,0.00788621734709401
0.971968030022142,2.97287385878691e-07,0.0274000965693238,0,3.73149674436154e-08,0.000631538806180482
7.13687550707342e-06,5.9608400278455e-08,0.0199377012830018,6.61892281449461e-07,0.965607558406861,0.0144468819339484
0.0102421970552161,2.70610683152997e-07,0.989580265652354,3.82889804913373e-10,7.28305853186743e-06,0.000169983240324876
0.00979166963652999,6.58717348588646e-05,0.987427958667278,4.51614215832757e-08,0.000205737451010539,0.00250871734890082
9.60756285221749e-07,3.49801984164712e-05,0.00129287830115794,0.00159199564583634,0.862513514894563,0.134565670203741
1.67462377510808e-08,0.887832517677203,0.000359810946300829,0.107956152732294,0.0007202719363131,0.00313122996165118
0.336657948575921,9.90312963345989e-06,0.649666113263571,2.10980725943483e-10,4.3935066142734e-05,0.013622099753751
7.55187931042287e-06,0.488870376175364,0.000566530210636751,0.501023827164426,0.000179121179426011,0.00935259339083734
0.991197440101036,0.00392339618025235,1.62911931752885e-05,8.83085870987586e-13,3.67535869279303e-11,0.00486287248789929
3.70712350524434e-05,0.825406850180402,0.000256558972840565,0.00220868999145486,7.58170322438578e-05,0.172015012588007
0.99202999205552,7.43182588569163e-05,0.00133478890075273,3.86403176871796e-14,7.10524948437e-09,0.00656089367958255
0.305140497251397,2.85716377134801e-05,0.00389953238370036,2.32086444270593e-11,1.877798784984e-05,0.69091262071613
0.997831277046382,4.13177861495774e-09,0.00030507187107442,1.88850065661514e-16,6.37086226300849e-08,0.00186358324214242
2.79921096622613e-08,0.00919739951627606,5.85322703207666e-05,0.268133613080816,0.221756012373336,0.500854414767141
0.999969689963936,3.49823451997981e-08,2.46046419078259e-05,1.65059326481428e-21,3.23429356571507e-14,5.67041177839289e-06
2.14643200917671e-06,0.88618840024565,0.014610860073408,0.091330444922072,0.000586578141124781,0.00728157018573643
0.155265571961253,9.63689524227434e-06,0.843885562410172,0,2.73151922226012e-06,0.000836497214109758
0.234313080239524,0.036750896005171,0.670995659805795,7.07396032303765e-10,6.72724406912777e-06,0.0579336359980453
0.0794601012775398,0.00528251842562428,0.72982908404514,5.83553040900766e-08,0.000405951208183684,0.185022286688208
8.27324083586626e-10,1.85011540643684e-07,0.000655770552142218,0,0.997781831864396,0.00156221174459678
2.13786101901638e-09,4.35579351673771e-08,0.000375038123858033,0.000159950481760839,0.997303007692203,0.00216195800638205
9.15505451262738e-08,0.000704140679224924,0.00790594284801665,0.0745905542683865,0.878574546551368,0.0382247241024586
3.09652082823994e-06,0.816816473892254,0.000178842313093963,0.167116925108079,2.12380868455667e-05,0.0158634240788989
1.34523774014438e-11,1.92853476776545e-05,7.56296845245522e-06,0.998676953114031,0.00127844235457409,1.77562018128917e-05
0.0740288795079819,0.000430053151639205,0.00050840737196348,1.13191981414382e-09,2.37328725035148e-05,0.925008925963992
0.00027588457498234,9.06345748991099e-05,0.0110883712155503,2.28991879448783e-06,0.0275734885289376,0.960969331186836
0.997222686939643,1.29471481398422e-09,0.000452278515496875,0,1.11832045031189e-07,0.00232492141810037
0.000641566984549758,0.0793023023795164,0.00572702284762129,0.000642380248685996,0.0076326999393643,0.906054027600262
5.27362897069829e-06,3.08155646651378e-06,0.00613354315075496,2.56634182789384e-07,0.923352646839356,0.0705051981902686
0.0974175655670956,6.48578121699997e-06,0.554881021393108,2.09440212091898e-08,0.042974365223655,0.304720541090903
0.975090625031763,0.0041717393301469,0.000622918592920557,3.35768560476125e-12,1.47784414869441e-08,0.0201147022633704
0.0187564199315654,0.233564965608244,0.00112905678982663,9.54325087371241e-07,2.94738508423831e-05,0.746519129494434
0.000251243170664335,0.0787233742568194,0.859987078663722,0.00507422498950759,0.00953220989379581,0.0464318690254908
1.02249227858825e-10,0.00643631254627313,0.000181355838984264,0.992017242027875,0.00135635544385398,8.73404076471358e-06
8.30398695302797e-12,6.83674997865144e-07,3.91660330823656e-06,0.984617365754813,0.0153646462250025,1.33877335743536e-05
3.51770521426974e-06,0.0687952896363543,0.929486930417906,0.000566173681861926,4.7539220359596e-05,0.00110054933830374
1.10806177146053e-11,0.00139110672782901,6.41674409186343e-05,0.998475901486624,6.69780769240707e-05,1.84625662376032e-06
0.20916996436834,0.10271229064588,0.68783003910633,3.24697789000389e-08,8.67163274246241e-08,0.000287586693342958
0.000761224963135412,0.00214031831456998,0.0221665078222131,2.8518462848116e-06,0.0137554321323482,0.961173664921449
1.11236186263974e-07,0.177191156543375,0.000347476324784493,0.81689050916196,0.000868927444254604,0.00470181928943981
0.000671688766781755,0.00017743661008255,0.999133767942187,0,1.87930087950313e-07,1.69187508606448e-05
0.320859029625389,1.57270054346538e-07,0.65253042350454,2.60990452575564e-11,0.001002129340103,0.0256082602338147
0.00193923945291351,0.00285430985094257,0.000120335422077967,1.08273737171773e-07,6.45104718760254e-05,0.995021496528453
0.0441291875744685,0.000475624901667699,0.0964955712287888,2.41803212150219e-09,0.000188429881164124,0.858711183995879
7.10792160926993e-07,1.05484640320949e-07,0.0242530464278806,2.24568768159752e-05,0.973862175618385,0.00186150480011691
0.140178437995122,0.00319746428664794,0.238097000439306,8.07793552396844e-08,0.000183925727313968,0.618343090772254
1.97683201328442e-05,0.000135335997365888,0.00419629445784151,0,0.691330964628687,0.304317636595972
6.31392145468653e-10,1.38990237155175e-08,0.00174327217159971,0.000284896058245445,0.997821995057369,0.000149822182369884
1.07276564632087e-11,0.0233279575511342,9.49032373278266e-07,0.976522532217142,0.000134172667753636,1.43885208692553e-05
0.029794927604777,0.96334173947503,0.00405569357544599,1.99883454533538e-08,1.43202009239707e-08,0.0028076050362005
0.814090690335047,3.06965063315549e-05,0.185093812335979,2.47707772648737e-11,4.50332835083292e-07,0.000784350465036658
9.28978080691709e-07,0.204345724966683,0.00365545562409108,0.456080966741714,0.167828496351137,0.168088427338294
0.000106165112788683,0.00105857175185838,0.980116281820741,0.000131971243711109,0.00833663537618712,0.0102503746947141
1.09563327700409e-09,1.73597808674334e-06,0.000314309401428512,0.00465731009283621,0.994431340491306,0.000595302940709541
4.76870189466604e-05,0.976880121746136,0.00224682696092873,0.00106015717521536,7.45380368598673e-05,0.0196906690619132
7.9422877170218e-07,3.5721394352941e-06,0.0731636434948582,0.00441104531765339,0.911425812002733,0.0109951328165483
8.05782267013409e-06,0.000278198083101201,4.14169586780701e-05,3.30593596415467e-05,0.0122763168833875,0.987362950892522
2.57655149194429e-09,0.00117062730277058,0.000315256932398426,0.991973861620005,0.00536846747340505,0.00117178409486985
0.979197901198619,0.00207794786009018,0.00904581569530989,6.19754300005689e-11,1.51015539527958e-07,0.00967818416846539
0.00012420182913563,0.000812507804506583,0.000380706236630305,6.60998771046263e-07,0.000473181605050838,0.998208741525906
0.966311663018601,1.18107483966883e-07,0.0335756045659083,2.61419545859282e-16,5.42247745082417e-08,0.00011256008323201
0.264867141442095,0.0495349095195398,0.678972524469936,7.78878915914278e-09,6.77372704286623e-06,0.00661864305259757
0.213853569597596,0.00419830380388602,0.748502417110746,0,1.88709824845557e-06,0.0334438223895238
1.92067768278655e-06,0.00334008840171106,0.0454345557834804,0.00489706279675825,0.0520020329403582,0.894324339400009
0.000331430222882397,0.695667187383978,0.00733565487118092,0.00201426065239026,0.00022024887355908,0.294431217996009
4.56130095716907e-13,0.00449550540049887,9.9486572809912e-08,0.995504309573554,2.77594626953624e-08,5.77794554341905e-08
0.000120918395729167,0.0238523250120923,0.000645671676263545,0.0087632036496045,0.0423523935388757,0.924265487727435
0.00434278802230315,0.00630098509289533,0.559247261851673,0.00124571917947947,0.0266886677778183,0.40217457807583
4.03150145182737e-11,0.00179984062364925,6.24346180641393e-06,0.99781819314607,0.00035205417312156,2.36685550375261e-05
0.000733330678796381,8.47705490188176e-07,0.99535798663508,2.49109007109016e-09,0.00165284752032994,0.00225498496921341
4.85689103957595e-05,0.00231122923093619,0.989963884389042,0.000446778463887751,0.00320639225093818,0.00402314675480019
0.000658703142101691,0.000799973258139583,0.623533831011817,0.000810077277964784,0.133610089449595,0.240587325860382
0.0272450532162649,2.5263112316392e-06,0.972614629061617,2.49339240278857e-11,7.36164958045928e-06,0.00013042973637179
0.00960453956460167,0.227201994435219,0.428710423246616,0.000199943579772995,0.00399528527536606,0.330287813898425
0.000854465884128475,0.000128780840412049,0.000378155142420524,1.51109995651288e-06,0.00243571315922414,0.996201373873858
0.00108663002246007,0.00500488251450963,0.979310731329149,5.80623613184091e-06,0.00814443273021195,0.00644751716753728
7.47328704133564e-05,1.30414941962055e-06,0.147074341977466,0.000103720104172626,0.809774380274707,0.0429715206238217
1.3659357129001e-10,4.3713311499278e-07,8.51959032177883e-05,0.0265350278266219,0.973139110709559,0.00024022829089293
0.529513667909578,0.0659233422545875,0.00160486114645326,2.21794581715863e-10,1.29406892242135e-07,0.402957999060694
1.21372469715985e-11,0.000208518938654363,5.94966156701073e-06,0.999637345672778,0.000147042454641738,1.14326022184235e-06
0.00216971319719746,0.00262661078211533,0.973492057683772,1.35424027892524e-05,0.00293934377265306,0.0187587321614729
1.23992427238866e-05,1.0380043927778e-05,0.851918820522299,0.00193921282933115,0.140264903833424,0.00585428352829479
4.34673818114939e-12,2.51947894339136e-09,8.41596367573152e-05,0.000782779095582927,0.999110068120935,2.29906228992521e-05
3.25568779439972e-06,6.13333760677602e-07,0.00010876878205619,1.07249310595369e-05,0.637085112668291,0.362791524597038
2.63929332392982e-10,0.0256551527224599,0.000214820996845065,0.967273685221168,0.00675873941310699,9.76013824909622e-05
0.0637738714181468,0.00454924994254075,0.338773473625754,1.43215238617379e-06,0.000318400301824946,0.592583572559347
4.98788934737746e-10,0.993575404612824,6.75022144243997e-06,0.00641742796011906,6.49707742794467e-08,3.51736051810926e-07
1.10568902597839e-07,0.881199083774723,0.000698857728497299,0.117910267650795,1.32135108379165e-05,0.000178466766244302
4.03138052016723e-09,1.03895845510645e-06,0.0119827902676122,0.00143370990222553,0.986024550283291,0.000557906557035351
0.00203623772802298,0.128028895846773,0.653657305423146,0,0.00634896206554804,0.209928598936509
5.93975995792084e-10,4.74480515506773e-08,0.000183721441016768,0.000869905830736255,0.998222334586684,0.00072399009953584
2.58111549701223e-05,0.0704473552699645,0.0253276538286302,0.0955458817843301,0.245975370605977,0.562677927356129
3.96255043874148e-10,0.00996927292854034,1.54686097832181e-05,0.98873544065148,0.00110722759883371,0.000172589815107374
0.275390564681059,0.00230550734264673,0.000839114645511303,1.62444473699042e-09,4.57187206220595e-06,0.721460239834276
0.858750124979792,5.85922932239534e-06,0.121150362443257,0,2.56165364352329e-05,0.0200680368111933
5.04282771305641e-06,0.997109390130066,0.00276900289132776,6.74938092458422e-05,7.55148394703974e-08,4.89948268081278e-05
6.47964179296529e-11,0.00421259305149297,0.000310041454482074,0.986956796310242,0.00831123887193699,0.000209330247049143
0.00140157192599992,0.167987273399751,0.0897207745676031,0.000225341617937188,0.0569291796350904,0.683735858853618
0.0580323915053342,0.0538257323670381,0.536405931786579,1.00916849213124e-05,0.000116562180860122,0.351609290475267
3.83426229182621e-11,0.000194317183088218,0.00016861542634568,0.996675043661873,0.00295873413852773,3.28955182285283e-06
1.70983163504343e-10,2.69581212321701e-06,6.88922234558835e-05,0.0375933256934105,0.960168165041418,0.00216692105860972
1.1200127946953e-05,7.06693015676608e-05,0.00582254206325617,0.00033312539533338,0.692785056175718,0.300977406936178
4.14532215545218e-12,0.000162525206846319,3.74045703157634e-06,0.998935510299331,0.000891694314349824,6.5297182963923e-06
0.00554520674982504,0.39993019167796,0.0239948905936479,0.000301784956603857,0.000728813209418684,0.569499112812545
0.628996799952299,0.00167303225455423,0.0422043427224207,1.69594488257139e-08,0.000281435651515725,0.326844372459762
0.999929195443365,4.77876705761576e-10,1.58265011178033e-06,0,3.07172217414627e-12,6.92214255742668e-05
2.31403595280458e-05,2.57593790480672e-06,0.0470735033184957,3.29533618477684e-05,0.892130809728818,0.0607370172934059
0.147940083278336,0.797460309177272,0.022721166034566,2.58366348562246e-05,1.23705876913134e-05,0.0318402342872782
0.100831767999583,0.000765755632240641,0.321389014011986,5.00259718713768e-08,0.00479375959051087,0.572219652739708
1.92236877195776e-08,0.889053865561216,0.000446493527579348,0.110425744159196,6.25877292840491e-06,6.76187553926956e-05
0.00130495488009126,0.00259964318586319,0.326009334496542,8.35477856466892e-05,0.0319197888745303,0.638082730777327
2.50480350415458e-05,0.529175898221298,0.226838170683761,0.187465951180604,0.00495766956373319,0.0515372623155627
2.30027390580241e-12,0.000343368999984671,9.94943116398706e-08,0.999653836097292,2.53116436879033e-06,1.6424174309067e-07
1.89297015292912e-07,0.0260287300632573,0.00897575309502393,0.847418092468382,0.113743257000049,0.00383397807627277
4.36509416189342e-08,5.7138510162206e-05,0.00574156252356463,0.0506749841092134,0.897773998097048,0.0457522731090704
0.00026827089795848,0.00206978435223504,0.12819542319087,0.0413836604969895,0.556850383744837,0.271232477317111
0.0932913307248515,0.000768595105328921,0.904347526846157,0,3.74285974515581e-07,0.00159217303768815
7.50039184428517e-08,2.01124063017448e-05,0.00016014061433773,0.00244697597737384,0.90364254409973,0.0937301518983381
0.00159271980336328,3.36290466517686e-05,0.894152859682319,2.25179971871519e-06,0.0310285108907528,0.0731900287771946
1.88209735360388e-12,0.00222990748361666,5.38669002449139e-06,0.99761831512603,0.000141422813901236,4.96788454562937e-06
0.000198286040019051,0.00851513906996612,0.677293144006856,0.00149028044729232,0.256453218328474,0.0560499321073923
1.01394244491722e-08,9.12786698040555e-07,0.100577104842405,0.00123581876235101,0.898030926685659,0.000155226783462144
7.96663905689227e-08,0.108958548830562,0.00661481791375594,0.884361569486224,2.43801101819508e-05,4.06039928852325e-05
3.04998123119471e-06,0.02403941831594,0.065954290631784,0.0652354434082623,0.228220600807805,0.616547196854977
3.45165846946867e-07,0.944332418731315,0.029301173212646,0.0263065749098566,1.56182074056999e-06,5.79261595944902e-05
0.000667684041765999,0.649078617804478,5.13640050055615e-05,1.97509990192761e-08,8.08700601854205e-07,0.35020150569715
0.00286148269044419,0.00301138149728966,0.457771428998486,6.41995719700127e-06,0.00902937196024572,0.527319914896338
9.64028023681782e-06,0.00015609728263053,0.0164182003113353,0.0166263121444715,0.556144597011168,0.410645152970158
2.75404309019013e-12,0.211182629657379,3.34210828030758e-07,0.788816600194591,9.78069832461884e-08,3.38127464665544e-07
0.000395930617840434,0.000606834186900353,0.294124723918886,0.00182266473890421,0.0771749246428649,0.625874921894604
1.63096998431494e-11,0.637194443374654,8.87115088403634e-07,0.362804346802698,7.52535563375386e-08,2.47437694450218e-07
8.35264251691157e-14,0.000344676377372897,1.34975666251416e-07,0.999652570041621,2.21072975435946e-06,4.07875501726067e-07
9.44365094318521e-06,0.538799217012914,0.242493165218975,0.0416831464547139,0.043500676738447,0.133514350924007
0.610710666840288,0.000370858605290704,0.00835132363935878,0,8.48022469588515e-06,0.380558670690367
5.58561368865693e-07,0.377650412586442,0.000400652876700581,0.241320321271245,0.0504225523182399,0.330205502386004
4.34704259299515e-09,2.38894661601658e-05,0.00324567671512566,0.011030843776761,0.982746008919954,0.00295357677495637
0.000153112355990744,0.0113430905382134,0.00723016223956526,1.72523071678678e-05,0.229871718636929,0.751384663922133
0.991419298007439,2.00204312752426e-06,0.00811179278822041,1.82019068454757e-16,1.44319355933643e-09,0.000466905718019851
1.61178989379987e-11,2.3045101799492e-05,2.22660864336009e-05,0.947116455812236,0.0527714368317436,6.67961516694347e-05
6.28731211090111e-05,5.82158839468899e-05,0.00163793100599733,7.27249877980675e-07,0.107623567976692,0.890616684762377
7.93509378177283e-07,0.00274871063880967,0.0137457114043719,0.812538116249362,0.160033877277521,0.0109327909205576
0.126244278345433,0.00029712346145934,0.833489171822929,1.25113239906004e-09,0.000379793589588911,0.0395896315294566
1.80936558029775e-08,5.77884882100952e-05,0.0158575325171427,0.0118599009547452,0.964635689065864,0.00758907088038164
0.817393642712819,0.00291687349085255,0.151384411747412,2.14186688834176e-10,5.11804766379519e-07,0.0283045600299631
1.78860089456904e-06,0.00135070847335281,0.900405403654616,0.0940908554375415,0.00378664112185526,0.00036460271174032
0.899699046309691,0.0081670230346738,0.0761878446284185,0,4.22608411274228e-07,0.0159456634188056
5.96666526096933e-08,0.000858964769421271,0.00610276821279238,0.0584480139779779,0.926673894339302,0.0079162990338541
2.29237488147174e-08,0.00691759698942636,0.00864220540254063,0.466717675831079,0.511075869216468,0.00664662963673757
1.30405558486593e-07,0.967380376442129,2.08919478952404e-05,0.0123464210756662,1.04252533372037e-05,0.0202417548754136
0.00313783531798647,0.000917609377112886,0.099262569768998,4.73536896619661e-07,0.00442390914175798,0.892257602857248
0.423752535396741,8.79834078396753e-05,0.022480548986607,3.11692012542111e-11,0.000257736231006035,0.553421195946637
0.00184668191514374,0.00237206146525186,0.0189873911940043,5.98795738437667e-06,0.0296930372329504,0.947094840235265
0.384975727198365,2.83275765756752e-05,0.595338363703521,3.43444926548744e-10,2.59459227616208e-05,0.0196316352553323
0.00377828933436336,0.908928732785563,0.0836670168167523,1.4271598490932e-05,5.57500397352071e-06,0.00360611446085698
1.34994257765518e-07,0.00158374860479373,0.0174321892231983,0.892163067555775,0.0829599252429331,0.00586093437904228
6.10212134230354e-05,0.00253516050681461,0.970957756999619,0.000104177090321432,0.0060740378617211,0.020267846328101
0.974602869306757,1.23531071506214e-07,0.00020778537053259,0,3.50268509653791e-07,0.0251888715231293
0.084713049009523,0.0871505501392396,0.807826025551798,3.12123315522609e-06,9.69668068327565e-06,0.0202975573856011
4.66775854240833e-07,0.999082998355418,0.000564044591331817,0.000245492268572461,1.80605831173486e-05,8.89374257057757e-05
2.83928652878804e-12,0.807541218813288,2.06856792682295e-07,0.192458570071565,8.8314312109496e-10,3.37237202922745e-09
1.42134396569078e-09,0.175722903623146,1.10052512628619e-05,0.824246887674307,7.65938037823136e-07,1.8436091901835e-05
3.94133046215159e-10,7.82313304366046e-08,5.44169408388525e-05,0.000473515225137887,0.99753133772581,0.00194065148274996
0.999965758202852,7.15443825573343e-09,2.34866210880107e-06,2.81681223691016e-21,2.61151776700616e-13,3.18859803401853e-05
0.000516843129351531,0.000201512384990136,0.0173298963432102,2.51443725050597e-07,0.0185828644928966,0.963368632205826
0.0275709406223964,3.56385948831165e-06,0.570526574833682,3.93074568184514e-08,0.0207318064309331,0.381167074946044
0.139984906334954,0.00012833530106829,0.800672201213634,4.2829713138584e-09,0.000382871054046983,0.0588316818133252
2.67618237737643e-07,0.00153839130217931,0.0019580663580048,0.00473250435865203,0.846920571730735,0.144850198632191
5.86215290609213e-08,0.00393853813310423,0.00389663467982557,0.0559591077257446,0.927047005008189,0.00915865583160712
7.09944326245746e-06,0.0548442282540648,2.1470612986524e-05,0.000543421487045076,0.000536554948296064,0.944047225254345
0.101641198379955,8.68836554926541e-07,0.862046007865497,2.89482640830221e-10,0.000261125115075549,0.0360507995134346
0.00128801710150385,0.00806414150876267,0.000836256430633118,2.39895211711597e-07,0.00100197302763584,0.988809372036253
5.46684480991887e-07,0.00131657810803584,0.00691501511160511,0.132956012125196,0.833269934941513,0.0255419130291687
0.995856794675509,0.000230715955382761,0.00331888392989514,0,3.17388151555421e-10,0.000593605121824889
8.07732529374541e-08,0.00210734615940217,0.00193232826418447,0.124677722582126,0.830062651405669,0.0412198708153654
3.86720958616516e-05,0.000749674641237968,0.0811525213347425,0.00240449859568855,0.527632149388934,0.388022483943535
6.28401761713404e-05,5.04791348080894e-07,0.000561341382551088,3.43844671931856e-08,0.11571597920564,0.883659300059822
2.59615011799014e-13,0.000809114372008671,2.85131537340053e-08,0.999190732481232,1.08838268861768e-07,1.57950776080673e-08
2.3320554985414e-05,2.57907210669573e-05,0.0147080519342024,0.000189562105534748,0.771659379495438,0.213393895188772
5.0924902835157e-05,0.790863687971452,0.123037717800696,0.036988379353757,0.00249236725410821,0.0465669227171521
1.70750836686394e-06,0.632281553956622,0.0497266736645287,0.300292628531424,0.00859273606004178,0.00910470027901658
4.70756110600192e-09,0.136921797440411,1.1225504716177e-05,0.863003947819342,3.73071330347206e-07,6.26514566389905e-05
7.13377753399916e-06,9.52709451734922e-05,2.87846588042239e-05,2.67843769125299e-06,0.0165249782919924,0.983341153888805
6.19317856404618e-08,4.2436110531828e-07,0.000581390998073715,3.6345203287412e-05,0.957015520501627,0.0423662570041208
0.0123381621669163,0.203238764118534,0.77802496884795,2.36950433010593e-06,2.01774572785618e-06,0.00639371761654178
4.09877960400756e-11,8.60661526591522e-05,2.23946063047421e-06,0.987905423379632,0.0118790746952484,0.000127196270842169
2.3383375850154e-06,6.1841871727881e-06,0.919866843315486,3.05686224323297e-05,0.0798832137951997,0.000210851742123815
9.11326688827662e-09,0.992700259265481,0.000928369653988301,0.00635205048793135,1.18665570094584e-06,1.81248236311314e-05
2.62934763057301e-11,0.0258291308952691,1.10063721345045e-05,0.974064623600575,8.6668723001794e-05,8.57038272646157e-06
6.48477457281269e-05,0.000834722723984438,0.98980124239339,0.000363218287065675,0.00423202486024695,0.00470394398958443
0.0450193123934635,0.000827401693724343,0.147262862695955,4.74997713926153e-07,0.0255796850460764,0.781310263173067
0.990829248709364,0.000107814966896431,0.00422133446823543,1.33384792449395e-13,8.76171650011935e-09,0.00484159309365424
2.37444395395197e-11,2.2139902251538e-05,2.02991018755099e-06,0.99949433744817,0.000472674355598375,8.81836004838385e-06
8.15475410134477e-06,3.68418118939718e-05,0.0402039269480286,0,0.856545636933958,0.103205439552018
4.09319890407181e-06,0.979144964299487,0.016423694534337,0.000978513035515895,0.000154122471194397,0.0032946124605614
0.896883147982568,1.57557753779083e-06,0.0998914456850408,4.56598084143642e-12,2.55127998008934e-06,0.00322127947030747
2.16265862576855e-05,2.67338712266428e-07,0.173208485097477,1.0052303412345e-06,0.818683960307935,0.00808465543927643
0.00253636908208515,0.207788721148042,0.789459885779007,5.60240012318831e-07,6.44831686509947e-07,0.000213818919167573
6.98988793159109e-05,0.930443695168413,0.000640713824318856,9.63881962273144e-05,1.64018209213058e-05,0.0687329021108035
8.1226907639515e-10,2.82545433288129e-06,0.000106261053135531,0.0460546443845297,0.943324322878859,0.0105119454168743
0.513379555362443,0.0777446392274162,0.179191225450729,1.07040383803865e-08,1.71517042472633e-06,0.229682854084949
5.16820710552681e-13,1.34643775370522e-10,2.43486313186552e-05,0.00444217950526386,0.995529422382963,4.04934529368786e-06
1.43025447474048e-05,0.00482520571210721,0.0328772073141654,0.00195299318178823,0.492459931644188,0.467870359603003
0.000974908760743261,2.05655298287287e-05,0.0113307066965179,6.20403139628888e-08,0.131128545433819,0.856545211538777
1.2280998424804e-05,5.28909559560551e-07,0.000210111994589652,8.29875871765628e-07,0.185493111520875,0.814283136700679
0.0100339861605138,0.869048756583219,0.0349750300886632,5.44619710686891e-05,0.000237101442260487,0.0856506637542748
3.70597185680791e-12,0.00210357958640892,3.25500750892101e-06,0.997886275029979,6.38066627100821e-06,5.0970612613123e-07
0.957494112217008,0.0022050399909477,0.0388306519886517,4.68336650107088e-11,7.49973149615398e-09,0.00147018825682797
9.85506483548228e-10,1.40509034897665e-08,0.000308343966063014,0.000480410031966247,0.998914082219601,0.000297148745959972
0.994141522923511,1.31260737627793e-08,0.00572569998953692,0,1.52616695702806e-08,0.000132748699208347
1.26290963025287e-07,0.00138321659138844,0.0271303249303585,0.193000051186043,0.741366892087205,0.0371193889140415
0.000585721365279985,0.322516943869423,0.110432028735429,0.102447158970119,0.0599198805353139,0.404098266524435
0.0910138717921694,0.360424543274545,0.114376501821501,4.16034878422161e-08,2.4631819925911e-05,0.434160409688372
3.74189593355423e-05,4.53702091766394e-05,0.0233502341064384,3.55076842094607e-06,0.738135328903458,0.23842809705317
1.61585740452081e-06,0.00504724903496192,0.000290393470426002,0.00230189310371117,0.0308920524325227,0.961466796100974
0.273544563430787,0.000158423268263607,0.0207989574677882,0,0.000280006446367777,0.705218049386793
0.000180069437050648,0.00157439698442452,0.988870342492836,2.43950632122828e-05,0.00382927088275828,0.00552152513971804
0.00827163059316903,0.000270856999006595,0.00127319572784234,1.19226076024082e-08,0.000167403212596809,0.990016901544778
1.01234241348965e-07,0.0353856061084681,0.00102772330841327,0.95440316937092,0.00272382219357564,0.00645957778438149
2.31852988649908e-07,3.35821132959716e-05,0.0361000976523706,0.116314141006387,0.843021690971842,0.00453025640311637
6.3458779844396e-09,0.982343563820057,0.000825938446109326,0.0168238073204642,4.01641120458912e-07,6.28242637134936e-06
4.87533988500762e-13,3.94856796090401e-06,2.13105845314569e-06,0.983472434776529,0.0165150982145209,6.3873820483639e-06
3.55606660370132e-07,0.9981732674277,3.05165668950043e-05,0.00148190525007682,2.46762973799545e-06,0.000311487518930404
1.50774596437412e-09,9.68488539756307e-05,0.000177965488371612,0.686183315519384,0.309497375218136,0.00404449341238708
7.4177764124096e-11,8.27173282579115e-05,0.000266047527801758,0.988877517877812,0.0107495943842129,2.41228077380986e-05
4.92166605356176e-06,0.916107706805038,0.0497594899259112,0.0315741499716591,0.0014812281024064,0.00107250352893161
7.1355384597263e-06,0.63920502960533,0.000534875647168397,0.0679706952582161,0.00114602275169561,0.29113624119913
3.09694388949095e-12,0.996878656466865,4.96574534469552e-08,0.00312129375683491,3.44032932902689e-12,1.12309764182929e-10
3.47995218453759e-08,2.61321595042068e-06,0.00451795102211067,0.000971122650653765,0.986710928299665,0.00779735001209823
0.0854683919099245,0.737106585298798,0.0104896606685017,0,1.50287458388108e-06,0.166933859248192
3.59363120831769e-05,9.10828508285674e-06,0.999432581491334,3.83440222223284e-07,0.000457264475266644,6.4725996010954e-05
1.25303752495415e-08,0.974618052779874,5.3597314225852e-05,0.0251931823861693,2.19509256089735e-07,0.000134935480099608
0.00329060537266604,4.40214605915834e-05,0.000329479123779868,1.45812549512301e-09,0.00042789853615672,0.99590799404868
2.08425511711916e-12,0.00393771456911712,5.74370212002411e-07,0.996060250352107,8.84846598249472e-07,5.75859881365884e-07
0.00265432475783142,0.196174392124008,0.801092904109405,1.76132395104944e-06,4.86952940090856e-07,7.61307318652831e-05
3.71095383153477e-10,8.44696521031624e-05,3.58413785087962e-05,0.723310045561156,0.274492294144962,0.00207734889217439
4.25617023080635e-08,4.44096436413607e-05,0.00043958884761545,0.0566419428591811,0.929716047347453,0.0131579687404067
0.0216938825458877,0.0300924267532678,0.948209680329076,4.58263150785585e-09,2.06018161180738e-08,3.98518732077207e-06
2.53421978615485e-07,9.24251184519052e-06,0.0346464518954397,0.000690600182991757,0.955659182843442,0.0089942691443029
0.144102339779908,1.14502315237355e-06,0.829307072710757,3.34109305349105e-10,0.000626267547385364,0.0259631746046875
0.0433009296069542,1.96917514162455e-05,0.428980179797891,8.4779940834858e-08,0.0142917638898403,0.513407350173958
1.72136064224187e-07,0.00195719579200138,0.0029708325600706,0.98342769979222,0.00969205111384335,0.00195204860580015
5.186556324917e-11,0.000163357295018842,3.74613028866888e-05,0.992999124320335,0.0067846630347811,1.53939951130639e-05
3.69464403372887e-05,0.000742419643354599,0.548446657207164,0.00328521496239789,0.285900712305791,0.161588049440956
3.36745411948442e-14,0.0140747871553775,9.70715671345748e-09,0.985925200286274,1.72541189263791e-09,1.1257462939953e-09
2.51035879757744e-07,0.000121478748498055,0.0131917068931143,0.00461918482276599,0.957786113789078,0.0242812647106636
7.52755462693125e-06,0.000113634690965481,0.0744554408986361,0.000486835112344885,0.883755385985896,0.0411811757575303
1.9507885776431e-06,0.00011805849289543,0.0011767802565703,0.000311794184685439,0.939864131114071,0.0585272851632
9.94536137548424e-11,0.18171040307186,0.000101086379118287,0.81812926699958,5.71741673706465e-05,2.0692826168089e-06
0.000170135130435797,0.953053401057732,3.71195070878699e-06,1.28991306685336e-06,2.82654391570481e-07,0.046771179293665
3.90757490709063e-10,0.0229663168271548,0.000117040559102093,0.976708382372662,0.000194928167419585,1.33316829043256e-05
3.85689983648442e-10,0.150751732567763,8.53340501305207e-05,0.848307321195621,0.00035211028795576,0.000503501512840244
9.95978032391622e-11,0.0757780233923817,3.81448047713064e-05,0.924089428994026,2.95393859030822e-05,6.48633233196284e-05
1.47882606967099e-06,0.991675279068117,2.99661189949383e-05,0.00405950294988688,2.64661526941998e-05,0.00420730688423723
2.29672699521656e-05,4.85407107096106e-06,0.106914963309173,1.22060130751024e-06,0.850764563074131,0.0422914316743655
1.40467325849139e-07,0.989557208068652,0.00385338661427069,0,0.000464685044549712,0.00612457980520207
5.16795065176685e-10,0.000128807470866792,0.000294642216139873,0.98951745918619,0.010035025443014,2.40651669937529e-05
0.112751591767218,0.319191636357962,0.561562400863799,3.52548925825206e-07,7.96363736378006e-06,0.0064860548247309
0.0103116039956413,0.00139414556014799,0.701107245658028,7.65252913273025e-07,0.00159338640723763,0.285592853126032
0.00428186297859857,0.777732055750401,0.00294580946284149,8.10222151148933e-05,2.04482457101161e-05,0.214938801347334
5.61082003163966e-07,0.000918246152855079,0.00102364182086045,0.214542071028336,0.603096179727573,0.180419300188372
5.53037858644443e-05,0.0575069093115113,0.00190055093504601,0.00166329875976982,0.0011275497832253,0.937746387424583
0.00908799516432591,2.72932261691156e-06,0.990901611034926,8.22279384889346e-13,3.24868906734054e-07,7.33960840250973e-06
1.35681255638687e-10,5.47683381902046e-10,0.000144048619833597,1.78715232188043e-05,0.999601819276725,0.000236259896857957
2.34263882380973e-08,0.947381552929796,0.000116441436420156,0.0506657717164293,1.51280384126238e-05,0.00182108245255385
0.0059139132728514,0.446430241834752,0.545245479099157,0.000108355589558868,0.000109227489127293,0.00219278271455328
5.61221697762881e-05,0.934518694663082,0.0227338635888429,0.0153797200791558,0.00248612241472403,0.0248254770844186
3.13492908187993e-10,0.000131909985882048,0.00449422556511404,0.622052161845815,0.373300807975179,2.08943145166978e-05
0.877301770906942,8.3008691522287e-08,0.00153063653873945,9.48397064033866e-15,2.20234221900394e-06,0.121165307203399
1.1739298305049e-05,0.983511547013516,0.0006670075836639,0.000413796493557524,1.2663103055077e-05,0.0153832465079022
0.000367182124794066,0.940534948359621,0.00887471506196997,6.79373138712112e-06,8.5855975406729e-06,0.0502077751246873
0.0141338810327894,0.00482760130756523,0.980880511082601,5.98240007468789e-08,1.85441530672592e-07,0.000157761311513585
6.23678669931965e-09,0.000494903639642779,6.26647969920574e-05,0.13724398827395,0.592596934724035,0.269601502328594
2.88433784979911e-09,0.0213589931177186,0.00163398660450597,0.905128245512282,0.0704903202047624,0.00138845167639355
8.55456714610992e-10,3.12817395572507e-06,0.000129705619212365,0.00176345364256094,0.989148805552808,0.00895490615600595
