4.155192156449e-05,0.591236211608088,0.000182136022062215,0.406742870672562,0.00179722977572353
0.000610568624723264,0.474373167406979,0.000289733934811294,0.0454963507872819,0.479230179246205
1.39933091284638e-12,3.51766770070947e-08,0.00661988500480791,0.993377350482988,2.72933412786062e-06
5.9424146390408e-12,1.3642794740545e-05,0.970290557087151,0.0293806433673583,0.000315156744807926
0.000299472388394254,0.999182869320054,1.41396109862968e-10,0.000515046267775759,2.61188238032463e-06
1.20613164795089e-08,7.49111608155354e-06,0.0581882437614,0.913376119444858,0.0284281336163442
9.68485751095326e-05,0.1680107759707,1.07787318978677e-75,0.831869705462203,2.26699919880261e-05
2.08873536101455e-16,1.58255558436147e-11,0.95299098558712,0.0470081309581578,8.83438896437583e-07
0.000226982709171351,0.999745091525719,3.04551687092034e-11,2.5346325597085e-05,2.57940905720467e-06
1.72404280998844e-07,0.997155077028101,1.08400008410215e-07,0.00284261434637359,2.02782123662607e-06
1.07758655431316e-07,0.232850325418568,0.124017894861569,0.636195076734909,0.00693659522629973
0.998450972524472,0.000332626284143782,6.65720351449382e-11,0.000948330527182858,0.000268070597629258
0.00105209294476852,0.646433127265839,4.43988765695119e-05,0.0735487776376145,0.278921603275208
0.954580618381445,0.000181952858483615,2.83852485844751e-11,3.38441719543502e-06,0.0452340443144909
8.78921162537443e-11,1.10536834636196e-06,0.0769849116664334,0.922978168345095,3.58145322329947e-05
6.27752461861133e-06,0.999918525766455,7.96361159027236e-77,6.76493045596488e-05,7.54740436683836e-06
0.999997389102804,4.90835241109634e-08,5.06853233353278e-86,1.80702384862167e-09,2.56000664857143e-06
0.997479152267249,0.00016497140763335,1.147144142894e-11,0.000182282405469165,0.00217359390817701
0.00833662181899924,0.309397239076085,3.87701846547398e-05,0.115752930266098,0.566474438654162
0.984740065583107,0.00172159405385194,1.28411346775504e-11,8.80090563524819e-05,0.013450331293847
0.000212355973877362,0.999760572109346,1.55515594465652e-79,2.50631409799589e-05,2.00877579650162e-06
3.40273379507666e-11,2.08137441140669e-06,0.856158081713794,0.141565005386802,0.00227483149096472
3.02485846615724e-08,0.993667143423559,0.0029471202641587,0.00243004091997263,0.000955665143724996
0.262978262557105,0.659392158967417,7.72967422882074e-08,0.0734761515424631,0.00415334963627228
5.67426464559111e-15,1.79962857591948e-10,0.999440518738919,0.000221664319971563,0.000337816761140673
4.45740310773746e-07,0.000556750886233196,0.498546580073807,0.041705015457623,0.459191207842026
0.0952506604741917,0.000929808281415745,2.40548862836538e-05,0.24645939367169,0.657336082686419
0.538130036568325,0.054501103470521,1.17000407310625e-07,0.00146026751507547,0.405908475445671
6.44687215456572e-09,0.000903972977510666,0.00686544258351324,0.992219598173583,1.09798185212945e-05
0.999995662778747,6.92443490294425e-10,3.34467329574992e-87,1.61970723927281e-11,4.33651261203379e-06
0.0650019849808607,0.913174731101489,6.73926649381083e-78,0.0216503985773501,0.000172885340299907
0.00209764324863878,0.997675157147884,2.06694079430283e-11,8.6059271053215e-06,0.000218593655702914
5.3354820275214e-13,1.36715198094359e-06,0.933236367339136,0.0667277318945016,3.45336138483588e-05
4.25767033553555e-06,0.999993400322733,2.26921430330236e-12,2.28432250177908e-06,5.76821605713287e-08
0.00159283929777028,0.00227763912316504,9.367222374117e-05,0.228830488027396,0.767205361327928
7.60926104065379e-11,0.000216581789136682,0.0151719479865522,0.984604631604935,6.83854328333542e-06
0.995732447185333,1.97182741931087e-10,1.32542524213475e-15,1.75278955942275e-10,0.00426755244220384
1.63188981397898e-06,0.0117438571557356,0.00883423863243621,0.947905965128777,0.0315143071932377
3.24020919642472e-08,0.842824329516437,0.0896953126804093,0.0615313719462301,0.00594895345483141
0.999531544584893,2.14207150814935e-07,1.84348608778256e-84,3.2882494130413e-09,0.000468237919706859
6.56091614597979e-19,5.00659067226011e-10,0.996157720383891,0.00384184595576035,4.33159689290885e-07
1.28979517490436e-12,7.71502275613613e-06,0.699381671981279,0.300223945411455,0.00038666758321951
1.18741411564797e-14,8.61705764044955e-09,0.397044465275758,0.602954758071469,7.68035702576575e-07
0.001845574321096,0.000789884915843142,9.74244607160477e-07,0.000796964990194183,0.996566601528259
1.19099238882971e-05,0.00141100314722673,0.0136171797114436,0.940459745869467,0.0445001613479739
2.71306604510545e-05,0.996101355926608,2.59307783334117e-07,0.00289951294722855,0.000971741157929045
2.82551322128027e-09,0.000636536090938588,0.000116379538312952,0.999244270842929,2.81070230666844e-06
6.15300597553866e-06,0.999966758939648,6.41916153322151e-81,2.70680354864947e-05,2.00188902770417e-08
3.74772616858581e-05,0.00074289196574041,6.82055188688262e-76,0.999201371503671,1.82592689027198e-05
4.49733365285085e-07,0.000222642338698671,4.26169643604559e-05,0.999609870814756,0.000124420148819564
2.5551714182936e-05,0.0147020607993651,0.00107446097240255,0.969971806622456,0.0142261198915936
1.48275630322529e-16,4.36445209047959e-11,0.996806255270841,0.00319351508702,2.29598494306544e-07
0.999828927214076,1.1074584517137e-07,2.74859280186941e-83,2.25228133344551e-07,0.00017073681194521
1.61958109039522e-11,0.000191237794917629,0.985050929133306,0.000920307067652144,0.0138375259879279
2.37646029454513e-14,3.38060129273045e-08,0.989211926845359,0.0107259500752539,6.20892733507013e-05
1.07578947544648e-07,0.964037870673471,0.000624636031311687,0.0344940436735088,0.000843342042760503
0.589509455987153,0.02231559681835,2.58363607871934e-10,9.61537420997852e-06,0.388165331561924
0.569396445192787,5.22717063201206e-05,4.0224933834397e-11,8.02705957106876e-06,0.430543256001097
0.0245040884241829,0.955327407330978,9.52510684726342e-06,0.00708272547009027,0.0130762536679014
0.00213510674896499,0.997849451698013,4.6733566627633e-12,2.66980417688808e-06,1.27717441716362e-05
0.199976746319586,0.0258323418074675,1.59475750818477e-06,0.00157687665582411,0.772612440459614
3.9076521219483e-05,0.993302964447563,1.57504465241313e-08,0.00662536684255227,3.2576438218782e-05
6.94878894429657e-09,1.50112255396825e-08,0.127350917492539,0.191058845768941,0.681590214778506
0.012316180681495,0.888625253726801,9.04174104859667e-77,0.098758611398695,0.000299954193008468
4.27646558345392e-15,7.22764877916054e-09,0.997668279179318,0.00142882335940213,0.00090289023362688
0.000120459003834929,0.983292520635062,5.35649091913059e-78,0.0165761638918585,1.08564692449501e-05
5.25798377363234e-07,0.927258053051205,0.00801387827827941,0.0587725645244318,0.0059549783477061
5.2275249215066e-17,8.88664177029468e-10,0.99941061478852,0.000584701364920691,4.68295789538503e-06
3.77140631308717e-07,0.855186595809906,5.10793746422494e-05,0.144690290482338,7.1657192482655e-05
1.44973900377234e-12,1.02513662136751e-05,0.995618443535784,0.00421394030858939,0.00015736478796354
1.52172040176119e-08,0.001825727726323,0.286126884291577,0.657687737019449,0.0543596357454471
0.000196499163021999,0.805158455776388,1.54053662099594e-06,0.194341056320057,0.000302448203912048
0.9573287172695,0.0161045711942366,6.34445421235097e-10,0.00251180783948885,0.024054903062329
1.67288357759596e-11,1.44065704905784e-05,0.493380306267752,0.506550740589554,5.45465554746919e-05
0.989939684980731,4.69693925683392e-06,1.16210818207659e-80,7.46546407919004e-06,0.0100481526159325
1.35405131894697e-12,5.71972026441861e-08,0.705752762357928,0.293875797867582,0.000371382575933121
0.91376050098922,0.00375547228306243,1.69878622832282e-09,0.0814344024031345,0.00104962262579706
5.59200640516089e-13,4.15096313990454e-08,0.273238114210135,0.726760076276136,1.7680035388626e-06
2.470194549713e-10,0.000117387204700451,0.360462842087006,0.639049355626538,0.000370414834736517
1.71942513908632e-19,1.64300387535914e-10,0.998255689530408,0.00174420129174622,1.09013545206107e-07
0.179459388964193,0.819646824208057,6.38623530727981e-81,0.000893426376268424,3.60451481721357e-07
9.83582828867726e-18,2.91779517916634e-11,0.994346300353843,0.00565175468159168,1.94493538763805e-06
0.882541458378219,0.000430865474078108,1.88017348872378e-10,2.56804816895644e-05,0.117001995477996
6.09602932400944e-13,1.07253795340423e-07,0.996770000292372,0.000474448088523717,0.0027554443646991
7.01683384357542e-10,0.000122581416811238,0.840527425641868,0.0870844837714096,0.0722655084682273
1.71289521646881e-05,0.227429392161012,0.00253373736074244,0.56556907827385,0.204450663252231
5.43687427060001e-05,0.989574617776773,2.28152357782049e-06,0.00523636165442336,0.00513237030252024
4.46936596427805e-06,0.996846147665039,9.80543652754003e-09,0.00314077842500394,8.59473855640424e-06
7.92286063319515e-05,0.999914347897189,3.08390677147338e-12,4.80091876096196e-06,1.62257463389658e-06
0.309226242113205,0.653239561643082,4.40166053138575e-77,0.0281418901565871,0.00939230608712594
0.997934578301925,0.0020164790622869,3.15743165823092e-82,2.59293706533782e-06,4.63496987232702e-05
6.91537368043708e-09,0.000529618465885566,0.00296698376841457,0.99650105648548,2.3343648464935e-06
6.05714295288066e-05,0.0830603568891832,8.51200082635745e-73,0.915053315411048,0.00182575627024013
1.03293259744197e-17,2.77993737241814e-09,0.9936688445391,0.00633098381870585,1.68862256815474e-07
3.55134122429051e-05,0.00350442631753875,2.45856186387844e-05,0.996127121349079,0.000308353302500799
8.59883019695293e-07,0.997950857910258,2.28011117765968e-76,0.00204508905505777,3.19315166481754e-06
5.28593262194605e-10,0.0237421075233809,0.410893606605528,0.560974448639517,0.0043898367029807
1.18421823482101e-08,7.19065571255772e-07,0.023749810945804,0.971705637785927,0.00454382036051541
0.000641629579197235,0.0161079562105949,0.000281098852245414,0.968897454311558,0.0140718610464043
0.185774408601469,0.215326448008911,3.88479929027203e-75,0.0522575378652196,0.5466416055244
0.99866241601049,0.00124228569848143,1.13512790703153e-83,6.28773236637423e-08,9.52354137043782e-05
0.155129620056173,0.844854022551121,2.7744730300866e-81,9.11292894143928e-06,7.24446376440402e-06
0.000147267209544941,0.348219814248836,0.000206335683771563,0.0477565376872176,0.603670045170629
0.794400079835046,0.000100754004371838,3.48762370580646e-11,4.91419183988531e-07,0.205498674706522
7.52576601235548e-10,8.28508918124168e-06,0.913004511055993,0.000503042944966641,0.0864841601572829
0.00110152128811176,0.99675955575345,2.22804334250498e-77,0.00201707835383961,0.000121844604598754
0.98065311077275,0.00412681656435434,1.32898652791128e-09,0.0128622851075821,0.00235778622632668
3.28615262136874e-11,4.42033167916394e-06,0.992152578145575,0.00120814268492044,0.00663485880496419
5.18244028957366e-17,2.65716754022381e-10,0.998524645042416,0.0014686755825024,6.67910936510882e-06
6.3677416859073e-05,0.00136074961195143,0.00657324567742892,0.59578623557702,0.39621609171674
1.58574384058297e-12,8.72868890754695e-08,0.691041608956445,0.308923225480828,3.50782742522447e-05
1.00496274642642e-05,0.876575207074082,0.000209905930888549,0.119056888561902,0.00414794880566276
3.63292699550628e-09,0.000138989928508288,0.147478499612265,0.813174078025328,0.0392084288009714
0.00134235353606003,0.913027332254169,1.76603963239575e-06,0.00417303579301147,0.0814555123771267
4.42598228054177e-06,0.999988720996582,4.60555689236679e-80,6.83880848434554e-06,1.42126532203224e-08
0.999782674118363,5.10833589891809e-09,5.50818658821815e-17,7.55287623172821e-11,0.000217320697772197
5.10784365971045e-08,5.42567196490196e-06,0.0592922364210833,0.00471358953843809,0.935988697290077
9.13505929934704e-11,7.63075096531401e-06,0.990351442422533,0.00483014739686079,0.00481077933829062
0.99929255744135,7.19525355997764e-05,2.99453302192528e-82,9.16363553095714e-07,0.000634573659496983
0.000347455735425043,0.886549519887335,6.37997240123746e-05,0.0980203999979062,0.0150188246553209
0.0030321466273264,0.98214997012683,2.78447809050999e-78,0.0148162954759489,1.58776989485936e-06
0.989796767395,2.02010352478526e-06,1.31427427669448e-80,1.3918842557995e-06,0.0101998206172198
3.55882997759518e-06,0.999909292081389,1.05153555254717e-78,8.61022971851063e-05,1.04679144784627e-06
0.00569743175583237,0.303955061408371,5.20215947990641e-07,0.688993037624747,0.00135394899510195
0.731790086397971,0.262832607743616,1.21768363552075e-11,7.61921682828665e-06,0.00536968662940769
1.44327126479395e-12,2.3911042322443e-06,0.754688876675844,0.243424745240276,0.00188398697820399
0.000159897029051097,0.00507291530818341,9.05853082929436e-07,0.99449683731166,0.000269444498022534
5.49177244669743e-15,1.35892392334629e-09,0.999531714927386,0.000343434732043307,0.000124848981641169
1.57192775504335e-10,8.01370183454228e-06,0.587482945129948,0.412448264389924,6.07766211001135e-05
1.59907048274472e-08,0.000252898583690137,0.0806793443631345,0.00317341854605085,0.91589432251642
0.00131291966445941,0.997091915285419,4.31464101099427e-77,0.000169727853026279,0.00142543719709503
0.917255108949225,0.00268056299476692,8.79913840311783e-78,0.0784552611156173,0.00160906694039089
0.999965427015924,4.87189374141091e-08,3.4348229144462e-86,1.4293223508137e-10,3.45241222064841e-05
0.00177272186871207,0.0427113215593957,3.05346545234444e-05,0.934491178159036,0.0209942437583326
4.91987818607098e-07,0.00058862181820983,0.00538224804187244,0.992282908364305,0.00174572978779453
0.999368936354007,0.00059261159754792,4.83066954663231e-84,7.04528932206053e-09,3.844500315536e-05
4.96896441272564e-09,0.0139822625974152,0.623015945165218,0.335511916024255,0.0274898712441477
0.000114541380639478,0.998717393087166,7.0196134837024e-08,0.000382505825144861,0.000785489510915007
0.65576609819599,0.30352621184081,8.43513552852992e-77,0.0023532672775119,0.0383544226856877
2.87473195620495e-14,4.25658093685878e-07,0.999000925604522,0.000729942340140719,0.000268706397214572
0.0611760399194957,0.817304260024327,5.6353983614037e-76,0.118440049308275,0.00307965074790266
1.23492880323872e-06,0.00156682370253207,0.0850879128142062,0.84195803116615,0.0713859973883083
1.92314667955198e-06,0.00164808793134763,0.00183174610531736,0.00643497420098704,0.990083268615668
2.70471776971668e-07,0.997742854924484,1.41162830142427e-05,0.00218306123790163,5.96970828234218e-05
0.000405196169621716,0.999587127651927,2.36344565385433e-81,7.11800681795943e-06,5.58171633431112e-07
1.82342419123112e-05,8.36291176674416e-08,3.55036526412065e-73,0.00520969560306154,0.994771986525908
0.996937481437385,0.000305341976250938,1.54128931058293e-13,2.87688557585288e-08,0.00275714781735458
1.33133449525144e-08,4.17162521738045e-06,0.00906554818135828,8.12028296050959e-05,0.990849064050474
3.00362015503944e-05,0.754227876750248,0.00138842505812424,0.0416059881673684,0.202747673822709
5.36392258994138e-06,0.999994314143484,3.46580860430246e-13,3.08855426929508e-07,1.30781522117446e-08
9.71951640185663e-06,0.99934655700865,4.18510155437393e-10,0.000640947867112171,2.77518932613512e-06
0.347855087983481,0.641770733507618,5.09198108710012e-10,0.000286200099104292,0.0100879779005979
1.69823134455904e-09,0.00112776178024566,0.74921916035051,0.24852504568441,0.00112803048660366
0.965999393577548,1.39354587889224e-06,7.72260738186509e-14,7.71734067111487e-09,0.0339992051591552
0.109379203317312,0.000280537376946904,2.75958069844987e-09,1.3760113461522e-06,0.890338880534814
4.92413110641049e-05,0.999859146569254,3.33690009041994e-09,8.43902514678892e-05,7.21853131401427e-06
0.00160036106381062,0.990751715828846,1.29460330867517e-07,0.00517772056678146,0.0024700730802307
0.000224461790674754,0.996370811557881,5.56975206006468e-09,0.00339066222936597,1.40588523260877e-05
0.874970034812288,0.0139619091213612,9.0808562494569e-77,0.000777546076377128,0.110290509989973
0.999821032771706,0.000154201221380063,5.87297811670884e-83,2.55818110290774e-07,2.45101888037505e-05
2.06615460973985e-13,3.29296410622463e-08,0.817121427999359,0.182865578292932,1.2960777860894e-05
1.32502892259783e-09,0.00264985943739781,0.968308379182922,0.0205705661333754,0.00847119392127572
0.00471360992674114,1.72295645954149e-05,1.9544590423781e-06,0.000152983415159241,0.995114222634462
0.453978101273222,0.544784943426054,3.66456032286408e-80,2.5465829521773e-05,0.00121148947120236
0.000320158388108863,0.000341096210515311,0.000410668050581543,0.0807465008885992,0.918181576462195
3.16966795771552e-05,0.0137960575222318,0.000642584478191832,0.935802984478352,0.0497266768416471
0.999330904023994,0.000160124863516389,9.67442906744078e-83,2.68855465276372e-07,0.000508702257024328
0.0821049705050965,0.917801834226984,2.66987657063006e-80,7.0343614178864e-05,2.28516537403599e-05
0.0942525941799232,0.352359033384578,1.7660379168404e-75,0.545187708751092,0.00820066368440609
0.999934700869644,6.16696706126436e-05,2.00315072743681e-84,7.35891868326956e-09,3.62210082488571e-06
1.49716713114753e-06,0.00119927146970319,6.40346288443537e-05,0.998692217269462,4.29794648594709e-05
6.30166181600481e-11,1.10415500212802e-05,0.288507441940589,0.710568325091168,0.000913191355205559
6.12363440965205e-20,2.64561101868853e-11,0.999806135891045,0.000193635921284494,2.28161214048343e-07
2.43906209773019e-08,0.974764794790661,0.0041770262475146,0.021002394068426,5.57605027772988e-05
1.04847993713496e-05,0.00504180623091521,0.00247234790853647,0.977426612789423,0.0150487482717544
1.72064247524322e-10,4.94575459513074e-05,0.052337530349842,0.94753147486799,8.15370641524675e-05
0.00263264767454132,5.71601339002695e-06,1.69965726696647e-07,1.76677745344565e-05,0.997343798571807
8.6305421985379e-06,0.244477501420814,0.00381987693062205,0.729710276170781,0.0219837149355842
0.808350249045809,0.0657877768939715,7.49840761579092e-78,0.00500386322097511,0.120858110839245
0.999997890489603,7.21136531560262e-07,6.06564759405956e-85,4.79432272801052e-09,1.38357954291614e-06
0.035118788134169,0.877298296437453,1.15513143906674e-07,0.012590207050201,0.0749925928650328
0.000233143643714612,0.90468234266298,2.23245502609973e-07,0.0935643140067669,0.00151997644103616
0.258129209161531,0.655730044190311,1.30450837487599e-77,0.0861123041616531,2.84424865043753e-05
2.98532461254753e-10,2.1361202357173e-05,0.862138510939391,0.0220881134859877,0.115752014073731
0.00432148858433906,0.991188084091337,6.19039971672809e-78,0.00429377645499519,0.000196650869329054
1.43941650763117e-06,0.0295362991291365,0.0149950619033961,0.0175653638225463,0.937901835728413
0.999719096858756,0.000279154031919095,1.89132006613976e-84,1.95516339140753e-08,1.72955769062993e-06
4.79652681819856e-05,0.000216198104381364,0.000154489925477211,0.000188356032141013,0.999392990669818
2.95399084383884e-05,0.998391469371852,1.05043419994561e-75,0.00142491412357987,0.000154076596129672
0.91088700467512,0.0758742320587723,1.73733571804029e-09,0.00421315438536313,0.00902560714340899
0.00353335553105734,0.16454222133099,0.00020475375266439,0.030063368411498,0.80165630097379
0.92911391318622,0.0103331640786461,4.82516273380232e-08,0.0147936399637078,0.0457592345197982
0.00974270844777612,6.69104425397375e-05,1.60024021539267e-74,0.829746427242444,0.16044395386724
7.05086844778044e-07,0.0049637736861496,0.00620405133069556,0.985949568886151,0.00288190101015883
0.000158575873017832,0.989931420434636,3.48386636015999e-07,0.00925092095909869,0.000658734346611975
0.999989782319437,6.02848513561774e-10,4.7246531363145e-87,3.25016386074816e-11,1.02170452129408e-05
3.88929148683236e-09,9.00229100448821e-05,0.0399932965164758,0.95975258644387,0.00016409024031776
0.983084477884325,1.72561713504222e-06,3.95084847989618e-14,2.51059824627299e-08,0.0169137713925174
0.999948263790631,4.69126288437112e-06,3.03558025309758e-84,6.66513935775993e-09,4.70382813449054e-05
0.925442645394061,0.0162034360551465,2.45335544391277e-78,0.000330366462463088,0.0580235520883293
4.04874845018626e-11,9.95708755665628e-08,0.199619986491377,0.800349446095657,3.04678016025791e-05
0.551556670845166,0.334335572971175,2.0888518424175e-08,0.0394663674388976,0.0746413678562434
0.00413205687803405,0.995763281017117,1.70203806935206e-11,4.88610905580492e-06,9.97759787725024e-05
0.000191127060317127,0.0129206801436818,0.014323176164905,0.654827639524915,0.317737377106181
1.69697436402922e-13,1.28932272429861e-07,0.986635037793362,0.0132631310468583,0.000101702227337456
0.883341447185055,0.116633071773712,1.83558845317976e-82,3.70173802639151e-06,2.17793032065771e-05
5.07000751050529e-09,0.00230386781361336,0.000117531773667248,0.997496171056988,8.242428572357e-05
0.245758118711204,0.204193659917793,1.95195525557985e-06,0.266745250084379,0.283301019331369
1.15534637045408e-10,8.75468453780936e-05,0.0113253346509099,0.98850232875617,8.47896320071504e-05
0.0363669429059683,0.947215654727908,3.54748145595752e-10,3.42204135804869e-05,0.0163831815977952
2.0759171189337e-12,4.37560689351218e-07,0.961538866543831,0.0383938199987587,6.68758946452159e-05
0.0127986062619365,0.0365484667679247,9.08390631910064e-07,6.85289097201197e-05,0.950583489669787
1.25020457123894e-10,1.56726377201772e-06,0.0550117622058119,0.944985525266433,1.14513896261889e-06
0.219429458061126,0.776534696506763,2.25686988137282e-78,0.000399213541226429,0.00363663189088442
0.795408622529428,0.18493020379011,2.39130866861712e-09,0.00450842045825755,0.0151527508308959
0.999512986800553,1.77465572504185e-05,1.18881678788019e-80,4.49036672956914e-05,0.000424362974901298
3.41007850726267e-08,0.00042110044339867,0.0597851218359097,0.93581846420648,0.00397527941342642
1.70137003730385e-14,5.99539675749375e-08,0.103395744263078,0.896603956693488,2.39089449482619e-07
1.13793365028392e-07,0.180483407401667,0.00169303232076207,0.813625757264208,0.00419768921999727
2.61382904343881e-12,3.25248256996118e-06,0.881269152223669,0.118685725514711,4.18697764357882e-05
1.11493648945264e-05,8.17445355079791e-06,0.00505956337483659,0.169862095506856,0.825059017299862
0.484168038244059,0.01106115805326,5.89862051794938e-08,0.000131567590647751,0.504639177125828
1.8314843022488e-07,0.00211704185763635,0.238918087778306,0.725987634832731,0.0329770523828962
6.93320628471248e-16,1.29605881354831e-07,0.989946675172118,0.0100522896629121,9.05559088117367e-07
0.000239513270611318,0.0140821898500271,0.000170310193396971,0.0957029771555671,0.889805009530397
0.0157593148422364,4.27594129459902e-05,1.90642572521158e-10,3.69509652395578e-06,0.984194230457651
0.999978220501446,1.60246916473717e-08,1.0956296673612e-86,1.48640425114861e-11,2.17634589980165e-05
0.940839475835955,2.84572978967425e-07,4.58821035202563e-11,2.9808817305222e-06,0.0591572586634532
2.63066674536519e-05,0.99993862822526,5.38401516096307e-12,3.49572851448814e-05,1.07816756974632e-07
9.77943435678433e-19,1.05923797864581e-10,0.991802382903145,0.00819760519476964,1.17961617114524e-08
6.05395635313692e-08,0.0533564336778344,7.21256582599617e-05,0.946556627132644,1.47529916982097e-05
5.41999983578212e-15,1.31041236251314e-06,0.906776332039375,0.0932220830966625,2.74451594483606e-07
2.43456930878048e-10,0.000890501903043999,0.975967515153393,0.0042201094526411,0.0189218732474656
8.46265855434882e-07,0.180634605151229,0.00189357928368819,0.816085025921667,0.00138594337756023
0.0336437193611472,0.941352258436651,3.61886200998807e-07,0.00385411129239323,0.0211495490236076
0.857717843616112,0.0967358604651398,5.97897480315242e-09,0.0223913391530493,0.0231549507867241
2.81012141486873e-13,3.02778504010387e-05,0.963953430641956,0.0359926172643988,2.36742429629768e-05
1.01517455658357e-05,0.0017783235396051,0.00247071533442381,0.994381595398073,0.00135921398233198
0.0061212463349882,0.991532841966567,6.67818448571169e-78,0.00206892713150604,0.000276984566939132
4.81478752175402e-16,1.79957733881669e-10,0.997743963983294,0.00220528095951002,5.07548772374215e-05
0.0796164154789575,0.919724799391506,1.99574966072253e-79,9.13125039363187e-05,0.000567472625600193
0.000710056911674752,0.429466645205362,0.000377272529790292,0.215129773094677,0.354316252258496
3.12350026046755e-06,0.764261950781117,1.67750537134996e-07,0.235733431659231,1.32630885405164e-06
0.999989030925414,8.25093475224583e-06,1.83479306649694e-85,3.43976404486435e-09,2.7147000691882e-06
0.000275017543252467,0.994512857700313,2.0148132177208e-76,0.00517928626833139,3.28384881033458e-05
0.0361230193205286,0.000689312767721197,1.12853128188335e-05,0.0860447418062175,0.877131640792714
1.30880886052983e-05,8.41238558208699e-06,6.80258844814722e-06,9.69138651858953e-06,0.999962005550846
0.996954676011627,0.000154422066283164,3.2333020511444e-11,6.17064407325451e-06,0.00288473124568344
0.00204697255272355,0.819250393219221,1.05896881833403e-76,0.178602630797558,0.000100003430497061
5.66091941840777e-06,0.996473481806087,5.159659471016e-08,0.00345274259465221,6.80630832477086e-05
1.25520955309911e-05,2.78008324849382e-05,3.43562523673068e-06,0.999156011565392,0.000800199881355337
0.993880336087841,0.00608710737613775,3.05106644060958e-82,2.20546268265447e-06,3.03510733389305e-05
1.8242341932871e-06,0.985968941237951,2.8561021433801e-05,0.000106991951276247,0.0138936815551455
0.614769928419058,0.00138700121847018,1.50940748566548e-09,9.01414015754214e-05,0.383752927451489
0.999292173858544,5.89860974702338e-05,2.64851304568138e-83,9.23494767490773e-09,0.000648830809038356
0.000194617346824292,0.188503204812622,0.000237480161968321,0.00019818570053366,0.810866511978051
5.48196253467996e-09,0.0110114325085677,0.105154743736352,0.883035629287135,0.000798188985982999
3.94922492736235e-12,4.11101362162878e-07,0.440689064804904,0.558292838582766,0.00101768550701832
0.999943462148878,5.35233289726932e-05,8.64604247063134e-85,2.85598493381195e-08,2.98596230010944e-06
0.000147283435482077,0.998064483063123,1.30885386036506e-77,0.00174177222132225,4.64612800731287e-05
0.0842907780546222,0.909050279359122,1.47333418944149e-09,0.00176742782574893,0.00489151328717299
1.45046676741346e-16,5.50740808989464e-08,0.999196405576175,0.000797866096900757,5.67325284333927e-06
7.71266036926703e-08,0.662186553382687,0.00399226397037805,0.332641151300976,0.00117995421935545
2.17929937017454e-08,1.17062166733235e-05,0.0574357757911107,0.00407193937180632,0.938480556827416
1.79569787556426e-05,1.8674365438001e-07,1.60261870422103e-06,2.53939778080645e-06,0.999977714261105
0.00096576596182216,0.998919784551115,7.012528928399e-79,0.000112324102900265,2.12538416298383e-06
1.55253348988619e-11,6.31041482180008e-07,0.0156426016277314,0.984236139385286,0.000120627929975476
0.000243119398078076,0.999753884002382,6.27426925324604e-81,2.12466192023987e-06,8.71937620226151e-07
0.0105123790550855,0.970285808896329,2.09369378861002e-76,0.0121203311353854,0.00708148091319997
5.56126691987213e-06,0.00745258132791874,2.29064289539056e-06,0.992526815155845,1.27516064215027e-05
7.19395236641403e-05,0.679660283310573,5.5059956139884e-76,0.320232865299212,3.49118665506738e-05
5.25746546014015e-05,0.00326785476333798,0.0145740064232273,0.747423052011924,0.234682512146909
0.999985102567713,8.79393163863125e-06,4.25833726513927e-85,2.38378685190696e-09,6.10111686092733e-06
9.54619485781619e-13,5.79461483103402e-07,0.952083396133667,0.0478873523181339,2.86720857615277e-05
1.46057729169062e-05,0.0426172792471059,5.41964714610818e-06,0.957344500302885,1.81950299458376e-05
6.21085691261834e-18,1.66639763449281e-10,0.999541947896049,0.000457367105450173,6.84831861006854e-07
0.0138408893745506,0.981869002388301,9.63493417244445e-79,0.00415776053025105,0.000132347706897084
0.00317017224518576,0.973122747558942,4.51259009372411e-76,0.0224767571356848,0.00123032306018702
3.68125481079142e-10,1.59731054282013e-07,0.00687997453865678,0.993101770502348,1.80948598152454e-05
4.38860216599698e-05,0.977343195541109,3.86187071980374e-76,0.0224638459429187,0.000149072494312288
0.0384619128524195,0.746459569540827,3.46735096317036e-08,0.213162560884305,0.00191592204893916
7.94471176871805e-08,0.808166194831095,0.0046945079203273,0.18671792826159,0.000421289539870105
2.29521706909724e-06,0.981854251825944,0.000162603260982193,0.00531375212496176,0.0126670975710434
3.82332745219874e-09,9.05670145684927e-06,0.00373707484525582,0.99596714916315,0.000286715466810001
0.863292137463304,0.131055001607773,2.34238158732312e-10,0.00522553966494819,0.000427321029736435
0.00230651697473766,0.997673662005398,3.78431502039008e-80,1.36435895333288e-05,6.17743033050735e-06
0.00482217424482363,7.53026046852671e-09,1.92443026098244e-10,2.54416170188228e-08,0.995177792590856
0.996773496582766,0.00322449364531441,4.90172387804897e-84,2.07892687024118e-08,1.98898265090474e-06
0.98519015571763,1.65515774115025e-06,1.02106451323769e-12,9.73514335342603e-08,0.0148080917721741
0.177521813330565,0.822016680083019,3.49984880598928e-10,0.000270117912568158,0.000191388323863104
0.976723925000993,0.00720115658075449,6.08955832411549e-80,3.28991315417323e-06,0.0160716285050981
0.000220879087956268,2.13700510570683e-06,2.03088887657018e-08,1.77565290635297e-07,0.999776786032759
0.0158172378577102,0.981042208091947,6.13858742588424e-79,0.00242898076119783,0.000711573289145031
0.999684611509433,1.33382661408799e-11,1.17972642797179e-86,7.22739260588699e-12,0.000315388470001762
0.0485249803760409,0.951312438503131,3.82160931650054e-80,1.0261638265823e-05,0.000152319482561831
5.6382310392039e-07,1.21785009892242e-07,0.000726522900396619,0.000199197589888066,0.999073593901601
6.91763792325778e-09,3.06826606540812e-05,0.0908838228374029,0.000109171592327002,0.908976315991978
0.991998986771018,0.000116872859356781,3.81259583031491e-11,0.000399909761246842,0.00748423057025216
4.86380248005149e-07,0.172260093314603,0.000107772886100767,0.827471140812695,0.00016050660635259
0.999997547765155,7.98144302168306e-07,7.45048932173448e-86,1.11238355147702e-09,1.65297815927384e-06
2.86829741778211e-06,2.11991962796827e-07,4.72192938253503e-07,7.98250230578405e-07,0.999995649267451
0.0390988989790833,0.960890473964899,2.55118844568544e-13,8.94497154192492e-07,9.73255860812115e-06
0.0440709477169613,0.955761783659628,9.00483358359275e-80,0.000120123933465794,4.71446899450232e-05
2.99671227894973e-08,7.18970316043875e-09,0.00437890044184805,0.000134273497496322,0.99548678890383
0.000392965740532262,0.998575034353088,3.71102513973337e-08,0.0007248550271385,0.000307107768989406
1.71739807367188e-14,1.77010322323839e-06,0.97795429052557,0.0220363517397615,7.58763142792778e-06
9.14186778636944e-10,0.0716982036093238,0.80365763525128,0.122693328862696,0.00195083136251326
0.027616297069043,0.967380932493852,5.8957910098754e-77,0.00314532514368214,0.00185744529342293
0.313419161552872,0.686378296063977,5.55343965587066e-81,7.107316435353e-05,0.000131469218797743
5.82360645738318e-06,0.998357828034089,6.08760001063327e-77,0.00159825523334182,3.80931261113796e-05
0.999991700880145,4.6282712907617e-09,1.95611832209469e-87,2.44972344593303e-11,8.29446708594127e-06
5.6167204020732e-05,0.998624512371663,1.23631045770949e-07,0.00117780815699066,0.000141388636279866
6.83661234816032e-08,0.553733554276821,1.11045605925655e-72,0.446157756944463,0.000108620412592692
0.00170024023035353,0.967054028947305,1.15519564384801e-76,0.0281807337006313,0.00306499712171015
0.999147385461273,0.000414235879885265,2.89963309410116e-14,8.24302899443651e-08,0.000438296228523106
0.937754628010891,0.00817644059583844,1.91559523180903e-08,0.0161411387223503,0.0379277735149677
0.998365198060089,0.00105415690226427,3.32204174316492e-82,1.46367884092871e-07,0.000580498669762604
0.992967757996023,4.50103448025319e-06,1.06595059857015e-12,1.41896403906417e-07,0.00702759907202669
0.850481555484919,4.21702670753714e-07,9.87611639490943e-12,5.08094818317635e-07,0.149517514707716
0.794071938847199,1.29917200450764e-05,5.542379305719e-78,3.8483430473032e-05,0.205876586002283
4.81576731032348e-08,0.00551082090235563,0.362778864987589,0.519791409318419,0.111918856633964
0.495775266470635,0.109092569116502,6.52307442057151e-10,0.000122035822285856,0.395010127938269
0.012129173985956,0.972143235025024,4.90373136571007e-07,0.0151490511060441,0.000578049509839276
2.88642688679822e-07,1.11119336832431e-07,4.2311473990303e-06,1.0084985991805e-05,0.999985284104584
9.29303046919173e-08,0.000637651547046664,0.0271227883321795,0.970609632037575,0.00162983515289452
0.00650938447584867,0.0106328828420845,2.23257778384121e-05,0.00814272883277804,0.97469267807145
0.924846228752096,0.0636617806423546,3.01626110723891e-09,0.00520636674225339,0.00628562084703445
0.0591489432026637,0.456718774881431,2.05871397137522e-06,0.0199747594433383,0.464155463758596
8.75609525973726e-12,7.8363829521262e-06,0.956698896979711,0.000135488890323936,0.0431577777382572
1.4220830606939e-07,0.999969278009093,1.03021243439195e-09,3.02365592848698e-05,3.42193103995644e-07
0.953461516447796,0.0043479650848914,1.05716486131279e-08,9.16078452055952e-05,0.0420989000504587
0.000156408127499943,0.00183452736970302,0.000636536080725734,0.00318327544238081,0.994189252979691
0.28837939664237,0.0167418954488012,1.94783987090322e-08,0.000550947489552985,0.694327740940877
0.221039127584729,0.776011733080617,1.73381052930783e-79,2.4973865885993e-05,0.00292416546876802
3.75472030733022e-16,1.89020690737144e-07,0.929917958288993,0.0700808328412248,1.01984909132708e-06
0.0348661667224058,0.064005274324795,1.00824234440922e-07,0.00207965758767071,0.899048800540894
0.0222683604486326,9.67366519193041e-07,1.03781421241422e-08,6.67968798715072e-05,0.977663864926835
3.00189621088393e-08,1.00314986039169e-05,0.0606908754495989,0.000709193825503639,0.938589869207331
0.975151775257362,0.0246702206329346,4.27053096242572e-82,3.10784029676985e-06,0.000174896269407062
0.112646428304243,0.00764299217629352,2.46372888111343e-07,0.000596091036316647,0.879114242110259
0.687800482245423,0.309561276977776,3.86769256092376e-80,6.5018504890491e-05,0.00257322227191061
1.54851149728349e-05,0.997883658151742,8.0266841101358e-06,0.000722857581059447,0.00136997246811554
0.999990650450655,1.98219581126187e-09,4.4845540141866e-86,6.00671732140665e-10,9.34696647733168e-06
1.40821448036364e-16,1.4058671974993e-10,0.99928242238844,0.000703865784884511,1.37116860885755e-05
6.86023921005467e-06,3.08373545154906e-06,1.19684087880825e-06,1.21944637001014e-05,0.999976664720759
2.94598832510399e-08,0.000431995739724167,1.98102854495967e-05,0.999545335300389,2.82921455379799e-06
2.92489382044397e-05,0.999320717644212,5.27493817855437e-07,0.000270533095163712,0.000378972828602083
0.00132294025934241,0.983891758160745,6.10965922145983e-08,0.0144326836287706,0.000352556854550052
2.85143669149639e-09,1.18274950156175e-06,0.00365520765335564,7.05785762161391e-05,0.99627302816949
8.20595881416103e-06,0.999977363958999,2.22968744637477e-11,1.4183562154158e-05,2.46497736048561e-07
8.83137911463299e-07,0.00654390036025104,0.100963157000897,0.89032504116984,0.00216701833110063
0.000684290040546303,0.819125297834965,0.000132083416953024,0.0678751390477819,0.112183189659754
9.29009948325871e-08,0.000383638589388822,0.0143569777642934,0.983654908237594,0.00160438250772881
0.000110442658544765,0.00377142806847208,2.1644998333064e-05,0.000288519507475265,0.995807964767175
1.47071652314822e-09,0.927261255401895,0.0314881401488194,0.0397060338265584,0.00154456915201101
0.999709931628997,8.20271975714555e-05,1.39557789307199e-83,5.94615309426358e-09,0.00020803522727875
3.45608221007618e-13,1.35643645150756e-06,0.93905915548916,0.0605028229548721,0.000436665119170399
1.33891866148348e-18,1.08750410713775e-10,0.999427585957356,0.000570341684973965,2.07224891948046e-06
9.45683312179964e-08,0.00513234987671704,0.00234981217017221,0.991467519385515,0.00105022399926476
1.13709610974813e-05,0.855106905330875,2.21508644635588e-05,0.142424767866672,0.00243480497689167
8.27004975480973e-10,3.74575724869762e-05,0.467617316427159,0.00286638082217483,0.529478844351175
0.00933709701601142,0.423013862855737,5.59081298718101e-05,0.0529287637654046,0.514664368232975
6.38555593997415e-07,5.71737058003831e-05,0.0569336891578491,0.607485623998464,0.335522874582293
0.896699404229477,0.00251523479453575,2.10273226598816e-11,2.22039816578028e-06,0.100783140556794
8.30769907409003e-05,0.3401475405374,8.02134010607272e-73,0.499112097992775,0.160657284479083
0.719571781927283,9.46936241460189e-09,3.46656904030083e-81,1.58154087241428e-07,0.280428050449268
0.50632628305975,0.00143342603726341,7.91723552614209e-06,0.00691848471479297,0.485313888952668
0.00566907077019337,0.994104313278917,1.79930206405612e-79,1.90000611162397e-05,0.000207615889773025
7.93286071106023e-05,0.999617881933709,3.46642009888656e-79,0.000301977873438644,8.11585742127481e-07
0.380133422283707,0.619070278536601,1.67438365545788e-79,0.000765546824059507,3.0752355633365e-05
0.848131202129576,0.15186487959808,4.99706023722466e-83,1.34054419338336e-06,2.5777281513091e-06
1.916856955332e-07,0.0145949247670096,0.0180804620789128,0.961984097100517,0.00534032436786501
0.110827728759484,0.698357414706792,1.10220536658298e-07,0.0117988538115005,0.179015892501687
1.900154538256e-05,0.999975420676674,3.39099125386256e-11,1.66756080239203e-06,3.91018323161942e-06
0.811727968911449,0.0206149273256081,4.72989429228898e-76,0.164657158864098,0.00299994489884511
3.85762016558449e-18,3.2996149060831e-10,0.974696233311272,0.0253037468234837,1.95352824472971e-08
0.894293164233627,0.105391387616312,2.47535623292355e-80,0.000126590842964092,0.000188857307097615
6.71109857397127e-09,6.66841808116336e-05,0.192995848851633,0.80507409919654,0.00186336105991642
0.00587448136766227,0.959226224041099,5.58677689451535e-78,0.0345597628950568,0.00033953169618197
3.07614418751093e-08,0.0247169430323795,0.345520095877658,0.55121995731112,0.0785429730174005
0.00244339057835964,0.0449054695997514,8.69511552971499e-05,0.818217789119577,0.134346399547014
0.260759448790435,0.632398260525775,3.6719530561503e-78,0.000635689085335069,0.106206601598455
0.0119303668666626,0.345377938154441,5.72407001841471e-05,0.205602564281715,0.437031889996997
7.83399770372585e-08,0.000403911147411147,0.00225468037918412,0.997123006598724,0.000218323534703325
0.000517941121215072,0.00771865451759545,0.000860294692572467,0.401345604156288,0.589557505512329
0.193834210490136,0.259983397366704,2.89324743670235e-75,0.0593535574546401,0.48682883468852
0.0071489986571169,0.99262719593113,8.23510733318231e-79,0.000112252440465998,0.000111552971286982
0.996981510353498,1.03303614524922e-08,2.47759192937572e-84,8.00114803072386e-10,0.00301847851602566
0.00335237711225599,2.2459891315335e-06,3.44715521671873e-09,1.53108411061381e-07,0.996645220343046
0.997866137405391,5.43519802107552e-05,2.4161728818596e-14,2.39479741384808e-08,0.00207948666639979
6.30673356344241e-07,0.999703785556733,2.14915890776598e-08,0.000294405998183946,1.15628013778795e-06
0.64564233181134,0.000118921150034424,2.58252683697367e-79,3.10717518666058e-06,0.354235639863439
0.334226435249238,0.497924085124221,1.26680480820263e-07,0.101167979622196,0.0666813733238637
0.000351763782984383,0.999612642659376,3.2992421153089e-80,3.29764765806242e-05,2.61708105864434e-06
0.0135829061230901,0.98639525505348,9.24040570812427e-81,2.10991121677918e-05,7.39711262081832e-07
0.0266741552649173,0.973235366789792,1.96187383941429e-80,7.83686308875007e-05,1.21093144027989e-05
3.38603204665697e-15,6.17946417611328e-08,0.999109278302864,0.000858985915543494,3.16739869472636e-05
5.13900072711313e-08,0.00134032807283822,0.820361497252967,0.0930062529058495,0.0852918703783379
0.235653951226436,0.738780717168525,7.73291737871033e-09,0.00464942420010866,0.0209158996720128
2.98257984777935e-06,2.4876047823043e-05,0.00556101414797923,0.989574585601737,0.00483654162261299
0.907466150840984,0.0890254493737362,2.28960701063437e-11,1.25942713611621e-05,0.00349580549102225
3.5364685886087e-20,2.02677941997232e-12,0.999841575968329,0.000158219412892053,2.04616752235366e-07
9.72872702748247e-12,0.000119113879980074,0.973212114061346,0.0264406294054847,0.000228142643460573
9.73585673456272e-12,1.57131565795537e-07,0.734004664957531,0.265791377975808,0.000203799925360127
