0.00799443656227044,1.02991865991395e-86,0.0126243573192187,0.0104092750700393,0.902607668322983,0.000907072990103319,0.00023097649681673,5.29711721594475e-187,0.0336471153746773,0.0315770231372978,2.07472659362232e-06
0.040558330143399,3.23150491868284e-06,0.180223328060902,0.00428850033085948,0.164128114843315,8.01130289114198e-05,0.00137663743260334,3.90502306896401e-187,0.606910780949729,0.0020248764246691,0.000406087280693441
0.0440261512951298,0,0.00376697094569523,0,7.23695048890488e-19,0.952206813012447,1.47113767070353e-124,2.09062869109397e-10,6.23952194943717e-08,6.15869585684826e-195,2.14244521462742e-09
0.000695659048242667,0,0.00133092926221987,0.000623361886975563,0.0109387679950868,0.00415157622975053,0.981680395057473,0,0.000579274992896767,6.92182311378895e-196,3.55273545625562e-08
7.94894809378818e-08,0.000505200726420611,0.00228077050551284,2.76695515844102e-56,0.00391152461339545,3.2576013595046e-10,0.000691543888320502,0.991856506956886,0.000720830156619474,3.27695058282198e-05,7.73831775861681e-07
0.0118563274484051,5.63575206368098e-09,0.0203560942204176,1.13625688550737e-59,0.958990199064676,5.54925560510272e-05,0.000491140798898999,0.00448541607195888,0.00219851638219485,5.38127192823607e-31,0.00156680782164577
1.03341256423969e-05,1.78635834130426e-08,0.989121965197326,0,3.79422016215596e-18,4.76894081511327e-07,0.000130260772989821,0.0106732986756073,3.41752850755239e-05,2.84662401116958e-05,1.00494558241831e-06
0.18238815890933,0,0.000112189384586507,1.5912419850336e-94,0.00336276526419447,0.814136205350955,5.97244602026261e-07,0,8.29433868075947e-08,3.09589451678644e-223,9.02945596490782e-10
6.37365221424363e-08,6.63392791556248e-05,0.000670924794912352,8.73875864535547e-57,0.00236311001870014,2.30379313316358e-11,3.88717783797232e-05,0.995383591515037,0.00147375819677904,3.31434883124181e-06,2.63086448735934e-08
2.37093897881369e-07,2.81471601931482e-08,7.75506292897684e-05,0.91445893567311,0.079060054708266,5.04146202281644e-07,0.00430351599755222,8.06865840994605e-187,0.00209917273666684,2.18056817693205e-225,8.67855291212838e-10
0.00228278912584483,0,5.62847885527992e-06,0.0482229448478072,0.0397810464105926,0.0164390773741637,0.88664521411788,0,0.00662329889211744,2.21715024581129e-36,7.52739220941941e-10
2.48874639415657e-05,0.00270494204169744,0.00238709117990202,3.29496806616761e-68,4.40936825558243e-05,1.47635242987577e-09,5.42193830343181e-09,0.00274957661771617,0.000499626093113367,0.99150264797532,8.71280474630372e-05
0.000465719811361811,8.78916756157642e-227,0.00318424825924969,6.33162235089978e-65,0.0125689539670606,8.06698794159805e-06,3.95566112998472e-123,0.00154406935088426,0.861350266878012,0.120870336766071,8.33797941912776e-06
0.00117338682896451,0.00481323959336345,0.00358045567910298,0,1.06824406639566e-23,8.76342812312553e-10,1.13188407197735e-06,3.08443782517296e-05,0.000669349300904351,0.984563036865576,0.00516855459342259
0.989457296522974,0,0.00854114223141272,0,0.000128547488901787,0.00186972646446491,1.80452443938697e-06,0,7.5470298681957e-172,3.79621545199807e-191,1.48276780761988e-06
6.37228116474883e-09,9.17991720040443e-05,1.14035068316729e-06,0.997557285418115,0.000231994768860731,5.0749681309578e-10,0.00180276406622643,1.12454346455185e-187,0.000315008861754978,9.3591561943083e-38,4.82577189166723e-10
6.16570858434098e-06,0.00236580106584843,5.64406628931685e-08,0,1.13091178645399e-28,1.22616053409995e-16,3.03640651728906e-12,1.73460055967024e-31,7.54758610602818e-05,0.000639680375746643,0.996912820545061
0.000249693025214561,0.0335817059402277,0.00156827626059411,0,1.32370583817945e-08,2.12359827769071e-12,6.91723342550421e-09,9.8643872206929e-05,0.00842307394031808,0.0670059567411447,0.889072630063879
0.0255964934461806,1.10335536855209e-225,0.00786281594800931,0,6.03892620930398e-20,3.78391692998113e-06,0.922995128073132,2.13557964930972e-212,0.0424652770153429,2.03605824364067e-192,0.00107650160040501
0.00160275589676253,0.00210771497137196,0.00131134069806222,0,1.36288999861476e-05,9.52211457207992e-11,2.9607734844743e-130,6.75364593018764e-29,0.0405576764388606,1.09642968712036e-190,0.954406882999735
1.84215205038184e-05,0.909169997504896,0.000344307052010873,2.87683764945074e-56,0.000954723382094656,3.20788895154179e-10,0.0251999716859506,4.30471360325961e-24,0.0639988014871721,0.000181723658770151,0.000132053387812944
0.0146932025011252,0,0.650105928217244,0,0.0838554156555504,0.239637071590403,0.0117078524952846,4.42842847847713e-189,4.06569584374018e-172,8.33346386471214e-193,5.29540392859722e-07
0.00124899864246398,0,0.000155036305070556,0.185833175159483,0.799581974134833,0.00584269782251665,2.67341649018208e-122,7.87039052258043e-223,0.00733811620137538,4.48330092641864e-34,1.73425811618847e-09
4.93412574530553e-05,1.36670609511095e-05,0.00440793552238658,2.94963014650144e-70,4.52188664579526e-05,2.52069223885638e-09,5.38310874400549e-10,0.000321733649755648,0.00789250721659133,0.98707100233256,0.000198591034841202
0.951545343805586,0,0.00247705864347491,0,3.78404027175511e-20,0.0115437454636509,0.0318820694202661,0,0.00249439122852004,2.61294065371801e-192,5.73914385016312e-05
0.351296676906724,0,0.00019651375966274,0,1.80577239876513e-05,0.000159738092494926,0.63997445580432,0,0.0083314865538523,2.69470923709228e-194,2.30711589593697e-05
0.00615141915041573,0,0.00074912712659925,0,2.934890784699e-22,2.22478363415271e-07,1.18074658061053e-07,7.03955366896065e-226,3.48393066308493e-05,0.992690829238671,0.0003734446246619
0.00290463452291046,8.47461646326617e-85,0.917512787959618,0,1.74891967567511e-19,4.9388334092841e-08,1.46607280450607e-124,0.0336386629588146,0.00803496236161583,0.0156021277423273,0.02230677506638
0.00158685201995443,1.43905980226014e-234,0.00221632366106007,2.84259012496758e-07,0.965556464427958,0.0297744311101722,0.000502329435087122,8.28231934255202e-215,0.000363312344570622,9.77901599317093e-196,2.74218503331984e-09
1.03467471942499e-07,0.856111716610256,3.44089902217959e-09,1.904804860879e-175,7.22314470845563e-15,4.2597498596072e-19,1.11368198970064e-13,6.69864800483339e-32,1.59072767809059e-06,9.0646738849244e-05,0.143795939014727
0.000223459899322775,1.62232226180851e-05,0.0600279490125248,0,0.0158887958741647,7.57365147777519e-07,1.3050641070201e-06,0.0205445498956148,2.98960107266432e-171,0.903031459358921,0.000265500307579294
8.11988786399334e-09,0.998935154095067,4.2168301144335e-06,4.75402561501536e-103,1.62873164118642e-06,2.5707422014016e-14,0.000243652785051191,1.36653816123328e-24,0.000813020215533303,3.7648713956452e-08,2.28157396601399e-06
0.00247362446131683,0,5.69573102656762e-07,1.42397455033399e-90,0.0165234685058315,0.978936089185913,0.00206393891408887,0,2.30935893520652e-06,1.24506809766921e-36,8.12337408470576e-13
2.19471047025669e-09,3.93019673531947e-06,1.37985046111535e-05,0.827711389714642,0.00115807003798276,1.98220929550743e-10,2.42298013010745e-124,0.158672218000565,0.0124400962324028,4.91193356848047e-07,3.72677277035008e-09
0.0375354179740445,1.22437456484848e-308,0.225574019464329,0,0.039195630507172,0.00061401639692384,8.09492293141524e-123,0.000462367160208901,0.643579677430977,0.0520342927527152,0.00100457831362951
0.000282841816095607,0,0.00108014444516953,2.06444419303762e-88,0.960086232366072,0.0109295586827389,0.0275523448313634,4.3655223222988e-05,2.52192216822404e-05,4.53372638599082e-34,3.4136548469466e-09
5.12791980650157e-07,1.44065231729251e-06,2.27227134106757e-10,0,2.68359240560365e-32,7.68269081103146e-19,1.32386694438794e-14,6.72341048039323e-35,2.14379200008525e-06,3.42136542211537e-06,0.999992481171039
0.022092972665497,1.36069233270818e-87,0.889600358150201,3.43745676263671e-58,0.0742828514270528,0.000120900182497083,0.00155179921938041,4.79255608384197e-189,0.0123477232299286,1.3342997822997e-192,3.39512544341798e-06
6.9807406061734e-05,0,2.83109491024529e-07,0.330570887450194,0.00480876878345074,4.76410119288696e-06,0.661481693733997,0,0.00306379508745338,9.74088838091397e-37,3.28158682672052e-10
5.61288303875207e-05,0.00124419836517525,8.11398156221446e-08,0,4.09141114805550e-11,3.34308433463524e-14,9.902979225997e-11,1.0645201720446e-08,0.000131356854906512,1.41191803805751e-31,0.998568224024536
0.00135736124518996,0,4.71934090688122e-07,0,0.000538474264299435,0.998082026487142,2.16660691089844e-05,0,5.93550608341403e-177,5.54760794205779e-39,1.69100973384704e-13
0.467630728199112,0,7.41483680817533e-05,1.40566471534561e-257,0.000257059739732001,0.529826860612353,0.00220093550822475,0,1.02666917827597e-05,2.54371918610391e-195,8.80713775025962e-10
0.0441646405199363,0,0.00374973525873346,2.87923668915618e-06,0.314742460800709,0.613374183030827,5.21685882583719e-123,9.93876866053292e-225,0.0019397177501128,0.0220261765457601,2.06857232604852e-07
0.000988100863482189,9.1506808559615e-226,0.000179365865545374,0,2.3848496361241e-21,1.04032789914823e-07,0.77855811128125,0.00126121730659251,0.21777876804359,0.000194206941743756,0.00104012566500638
0.0396667587600938,2.15917882407567e-07,0.813287370060936,0,4.50170501572459e-19,0.00552202411837485,0.100107889001496,1.14955201584037e-188,0.0408334414753097,0.000366818889276231,0.00021548177663097
2.48977924413576e-09,9.93731127805965e-05,1.93006668338754e-05,0.933489646627945,0.000336161397776679,6.56368442684047e-11,2.90355709640341e-125,0.0654320666923988,0.000623290312676863,1.58398699233711e-07,2.35472780089273e-10
2.45018826868552e-05,4.07964543650935e-12,0.011009831401242,7.51916211509548e-05,0.9872100016545,1.92310544904245e-05,6.29470948174142e-127,0.000799699068913981,0.000338310456349673,0.000523191575457933,4.12811284814102e-08
8.42437912865512e-11,0.00122061234250571,2.82942194059716e-06,0.599586433383218,0.000177240384133431,2.28502429377668e-12,7.56102298817004e-05,0.398906627341995,3.06335002951186e-05,1.30741665079975e-08,2.35335642774053e-10
0.000336524841916885,1.91225099077998e-06,0.983243294660051,0.000335495449479619,0.00920418910583088,2.40349911181805e-06,2.22738087608889e-06,0.00126491854595518,0.00560646385557037,3.9362456906047e-191,2.5704102175024e-06
0.914691004767492,7.10239430877766e-228,0.00817410491031717,0,0.0422678161075388,0.000165163640152448,0.0173089651603543,1.63727445906331e-213,2.45314697145227e-169,6.48553218534794e-34,0.0173929454141451
0.0469814983073376,1.4022342119217e-06,0.0373903627989388,6.16575987491177e-66,0.0201192238838913,0.000526755918564427,0.000727859898320744,9.41154898952465e-189,0.825862671859495,0.0646284963034807,0.00376172879575941
0.822925820847001,0,2.94974677969443e-06,1.93315547364295e-09,9.29030855921398e-06,0.176819854082012,0.000180238473487327,0,6.18419611556962e-05,2.14875787332026e-196,2.64784915207468e-09
9.2279098465619e-05,0.000289285196777453,2.24012265055316e-07,0,7.0112643681924e-10,1.64996122369772e-13,1.26197067663415e-12,4.19577424196961e-08,0.000262907295491618,1.3133775943138e-30,0.999355261736704
0.00355871429928028,0,4.60984082062827e-06,4.41441518354256e-06,0.000256462675295875,0.00167351275662569,0.992708171526833,0,0.00179411328466078,2.36283459324375e-37,1.20129997564557e-09
0.238390345055132,0,0.0017488713017088,0,4.07839924673421e-20,0.733092196451783,0.0267672130184767,0,3.36750662248857e-07,1.03736719758783e-06,5.50396794944131e-11
7.67199959568146e-05,4.04801852912158e-06,2.13418839783452e-05,0.946733785548486,0.0050815304982589,3.38541213964016e-06,0.0440250347513286,3.51765206287164e-188,0.00405290356911248,1.23444356287417e-06,1.58786467509659e-08
0.00616832410984061,0.000315357972703374,0.00653690451808559,1.23640526247332e-159,8.75470532213458e-06,5.0676546404521e-09,0.112283130271294,2.89269538113438e-27,0.679793642407218,2.16846488433878e-192,0.194893880947882
0.000238935199931683,0.00557375238098446,0.0133898158646198,0,3.66497794863704e-22,2.89295058903216e-10,1.82252865479237e-07,0.00407157110354669,0.0187272562766458,0.900770210812632,0.0572282758194788
4.28601824007272e-07,0.999365220636125,1.18728376369959e-05,1.03320288089417e-158,1.86616758743934e-07,7.02874513811566e-14,1.6804962616367e-126,5.90363304922114e-27,0.000285436388195982,2.3046211304404e-06,0.000334550298258834
1.37133428385906e-10,0.00214231220767839,6.89604177523438e-06,0.041209028224285,4.03867018873738e-05,1.25600780917463e-13,1.02471049686532e-126,0.955644212036875,0.000957098393916858,5.13242186430877e-08,1.49321044361436e-08
0.00303409453723979,2.59332845651265e-05,0.0357514418264393,0,3.07790942021473e-20,1.79861554154926e-06,0.000504917429365199,1.85724786088537e-187,0.908706432144508,0.0515304051002502,0.000444977062091027
3.80424601449235e-09,0.000936961950001683,4.1546051213253e-05,0.259085657357496,0.00124135023245906,5.68469401400007e-11,0.000165857555432595,0.73821101582844,0.000312804008703948,4.78860083450084e-06,1.45543253608769e-08
0.0630598008175409,0,0.00808691892644989,0,4.88785899249953e-20,0.928830686773185,1.79126969580708e-05,1.21466927897375e-230,6.33646667867523e-175,4.67015475947246e-06,1.06311069504021e-08
0.000490951949779717,0.00804551815186756,0.0260459847371562,0.00650436271735583,0.0109975117881692,2.03731879597132e-07,0.000472123454563907,2.91883905984991e-25,0.858746131692614,0.0851638855949375,0.00353332618167686
0.991996636257244,0,0.0030950426249716,0,2.87127590098344e-05,0.00432313597594409,0.000556009513680589,1.71677681324297e-228,8.94011906318675e-174,3.66029530228165e-220,4.62869149683288e-07
8.44601346993413e-06,0.0559525674242239,0.0357334079478341,2.30098361573148e-155,0.00590777379048382,1.06481341469232e-10,1.40145996797039e-126,0.714263274702826,0.171370575486307,0.0164686004238079,0.000295354104565968
4.41120597997292e-05,3.54113465249575e-07,0.000319082063461242,0.0105529595516993,0.00479356541317164,8.98486090960096e-05,0.982888105879366,1.08039151618581e-188,0.00131025583328875,1.69321597870396e-06,2.3260673497346e-08
0.0455505165977416,0,1.05700747369334e-05,0,0.00645741737199645,0.878350722086281,0.0696275834083151,0,3.19043642190172e-06,2.86772414974409e-37,2.45069798839407e-11
2.30453838925451e-07,2.43364085715868e-228,2.04080702895804e-06,0.157015226600292,0.83170443613442,2.72769718850612e-06,1.50256535399773e-123,0.00986294426230355,0.00141239348803443,1.20444672364655e-35,5.56894167510014e-10
0.00442627223224039,0,1.07003421623857e-05,0.000207103346739118,0.000144223877279568,0.00118633287246237,0.993941833708726,0,8.35283486645822e-05,5.17078605265393e-09,1.00939648751439e-10
0.0032003444400153,0,6.20920072642547e-05,0,8.76891350217708e-20,0.0006324498965364,0.993548404358729,0,0.0025465066107812,1.01062035206644e-05,9.64831532112323e-08
3.05300390098196e-05,0.000123442121345744,0.00197999394716836,0.115119478626594,0.246948604859776,1.03782502031222e-07,0.000313699813710981,0.620275712001468,0.0152065115706036,1.49869237660437e-31,1.92323782126047e-06
0.000725733432795325,0.00754181192992623,0.000586702387322139,2.57507844851927e-309,1.95697876533313e-05,1.38972814894779e-11,1.15768631255802e-07,0.00367018794044072,0.0328252453801366,7.09331389385052e-30,0.954630633359197
0.104951782472741,0,0.0042250581513228,4.36378650653991e-67,0.0417881460045071,0.608210407658322,0.229954898490992,0,0.01086969643177,1.6312906313196e-195,1.0790345553988e-08
0.00665681615313065,0.0188425670833912,0.00271778117296075,7.5420612514994e-124,9.64301299055007e-06,6.60145240255761e-09,1.07631005405001e-07,9.53087644499789e-05,0.0116082966901649,0.877692436927304,0.0823770359631502
0.875417678230501,0,0.0116266601297015,0,7.38822740486034e-22,0.0929912603278864,3.66300165581661e-07,0,2.33240932358774e-174,0.0199639198751191,1.15136626338508e-07
0.0073731112167413,7.33987930833442e-226,0.0142645373530791,7.19133132342519e-125,0.00131183656661266,2.09515109220525e-07,4.54086082952921e-127,5.82408861380393e-28,0.0124180254406867,0.908965316704025,0.0556669632037455
0.119146164271565,1.29465520513232e-235,0.0039570767535801,0,1.68630618185673e-19,0.874314650168634,0.00245448871305112,3.62517623616726e-195,1.22958943572552e-05,0.000115299590447025,2.4608365435823e-08
0.0471882373698122,3.20042834740768e-13,0.613980895205749,0,1.49717874061625e-17,0.336352862882792,0.00209138564604419,1.13691920624805e-191,0.000313320570995384,7.32973416277338e-05,9.82659983040215e-10
0.000372545144047395,0,1.15409328768949e-05,0,0.0039615222666287,0.995476405581097,0.000177986075342074,0,1.02262683163894e-174,7.56655660730382e-38,7.8080835382146e-15
3.27383930689583e-06,0.00133562687837102,0.250921111922578,1.58457608164451e-59,0.000261080970004176,9.82696043741205e-11,3.46351818286224e-08,0.617631293095111,0.00336575089764627,0.126124060634713,0.000357767028818672
0.135347181900984,0,1.09522014243617e-07,6.62043607546398e-263,3.04212109235245e-05,0.864613666012695,8.61685024832017e-06,0,4.50268405062564e-09,6.68970283383104e-227,4.502004085036e-13
0.00346906761365792,0.0186494905147122,0.00695037727569729,0,2.50554570145956e-21,1.47346246411249e-09,2.21399000214931e-05,0.00258794088597227,0.0321868552824198,0.0793132837047528,0.856820843349304
0.00815339537221514,0,5.11350811686907e-05,0,2.53836113901692e-21,0.00355621219492015,0.988237455280685,0,1.79983182608432e-06,1.15504158289184e-196,2.23918526254282e-09
0.943211678219833,0,0.016729344689046,0,1.71451195522984e-19,0.00681899416945795,0.0292345542540951,0,0.00397773682085044,6.99076597960887e-06,2.07010807373791e-05
0.241258538932188,0,0.0012742429109726,0,0.415641309188367,0.00624848149345414,1.18004867602244e-122,2.14700002938312e-224,0.335566445007672,9.19672095242172e-32,1.09824673463382e-05
2.02413553854548e-08,0,0.000404553245798575,3.70510429731615e-85,0.00200789774032931,2.39583465229843e-10,3.61496130050539e-125,0.996547184924769,0.00103659578648714,3.60327700690558e-06,1.44544670655317e-07
8.48189500749458e-09,2.62614908995068e-225,0.000205687538634838,0.896696428061526,0.00449477297326385,2.62586769943629e-10,7.09370007125439e-05,0.0982993982891407,0.000232300233262859,4.52553704059964e-07,1.46052730373124e-08
4.15348701177523e-06,0.00638693520364114,0.00270616443592578,6.29625964295669e-253,0.00155731962761206,2.89034635990079e-10,4.31297230421436e-124,0.920962582840338,0.0683568079129202,1.88440905534534e-191,2.60362035161389e-05
0.000166087735860835,0.000949475618592719,0.00199220221260642,0,6.98122925471201e-23,6.66162535453643e-10,4.65443466828707e-07,4.36197012029383e-29,3.34646782338906e-172,0.992658546783236,0.00423322154007505
2.56016054529255e-08,0.997855685865927,1.82618307141824e-05,0,1.2935734471326e-24,5.0087787259664e-14,3.7440090091373e-08,0.00201172084660959,5.55654304072373e-05,4.48427367517972e-05,1.38602478448728e-05
0.00822010575326915,3.53458553013674e-91,0.824577898292658,0,6.82439295111551e-18,0.133251556007754,0.000158926079412795,3.18868803011131e-06,4.22220237274689e-172,0.033787778701754,5.46477121927481e-07
0.000538240483216366,5.88012562369911e-08,0.159997466226944,1.56719647428018e-253,0.810271385572867,8.45422648064492e-05,0.00881373380313087,0.0199635646601018,0.000328297441358532,1.28197317817016e-192,2.7107463183124e-06
0.000205901160953773,0,6.01106574894827e-06,9.09987700348399e-92,0.0119192748440091,0.98771817624568,0.00015062362844998,0,1.30551561194927e-08,8.11375498267935e-39,2.02240038604144e-15
0.0258359655080315,0,0.963292435148748,1.00345277387247e-57,0.0059422209607234,1.38457448595851e-05,1.41158442809199e-05,7.60012644926003e-221,0.00165403990635018,9.90593422272138e-191,0.00324737688700712
1.94593249516692e-06,1.40976161253146e-309,0.000159690866652039,0.332659922088561,0.631588681032164,1.68269980022505e-06,0.00156138462426677,0.0325452288096903,0.00148143916909462,1.51998167277909e-33,2.4777275423134e-08
0.00320436651801789,0,0.000603112823790248,0.263650006154903,0.706591203932355,0.0229198457209508,4.43063890891179e-122,1.26951821825419e-223,0.00303146472348337,6.86850290850778e-32,1.26500551264186e-10
0.905838417930684,0,0.00170988259603424,0,7.0240707334719e-20,0.0358362399247592,2.5935358657207e-05,5.2597903541446e-228,9.38725834601114e-05,0.056495248766636,4.02839768966855e-07
0.0202768997586144,1.51513688573421e-89,0.00957743335585804,0,3.02306456031519e-20,0.000128324739411301,1.01828514451111e-05,2.46786388397566e-07,2.90059337806349e-171,0.969970941843988,3.59706642951656e-05
0.0291974732499845,0.000531441510217024,0.0113731270775333,1.19192393996919e-251,0.00018939192390552,2.05487284856025e-06,0.0149021032619066,7.46614601958627e-189,0.932365669408812,0.010205714865128,0.00123302382966472
7.21258867253294e-07,0.903731062794971,5.19124125535703e-06,1.02885579541743e-68,2.67032780133882e-07,9.6479608464818e-14,7.88569589980411e-127,1.54545504408319e-26,0.073178047038764,0.000211126311810301,0.0228735843214552
1.31867948345585e-09,0.987135022288907,5.48791361980225e-06,0,4.00450208936657e-24,4.36820234107363e-14,2.88613102468999e-07,0.0128260975591577,2.72513305437308e-05,5.59611744544476e-06,2.54858500442912e-07
0.0273349080344612,2.50185229178459e-224,0.00182562278906105,2.16478776757667e-308,2.57356907334553e-05,1.10796490203272e-08,0.0677290546341728,1.0516084768829e-213,0.869545196559577,3.51623684774206e-05,0.033504308843868
6.44505057903279e-07,0.993704496169669,2.28549297062169e-07,3.23465620427504e-123,7.11715346660484e-09,2.10140679787726e-15,3.58344891875794e-07,5.78096580050155e-28,0.000211469797674548,4.97990510902703e-34,0.00608279551625385
0.993450294913028,0,3.0584608524893e-06,9.1904358182159e-09,5.10306398832466e-06,0.000710879031807078,0.00248654684460564,0,0.00315019677298844,0.000116724631342677,7.71870909510763e-05
0.00171206613582262,2.12868366270444e-227,0.932751811377109,0,2.3710316715097e-18,0.000191021341661381,0.0604268934034705,0.00388658192594769,0.0010185734792846,5.6009379930295e-192,1.30523367039581e-05
6.95792003918765e-05,0.0394270789762538,0.00222389905142928,0,6.72049574065353e-21,1.45944027071911e-09,3.83810702017425e-05,4.42724190200062e-26,0.00469425951230259,0.0386402816096117,0.914906519120369
0.0187216272965953,0,1.2055449391913e-05,0,1.10789595513855e-06,2.25433054651674e-06,0.98116160777181,0,9.78118328822379e-05,1.71385757210062e-196,3.53542281877698e-06
0.000471025271423552,0,0.000403002920932295,0.000312355980297138,0.0479942831403252,0.18102524968691,0.769552176875512,0,0.000241899166685126,6.95122756524567e-09,6.6874455407129e-12
0.0107341377231086,5.88954549476623e-89,0.921004130650874,0,3.76784767382413e-17,0.00223503373491319,6.28687642610872e-125,0.000566372029067351,0.00210274576603399,0.0633383643508209,1.92157451814183e-05
0.110239222299895,7.26778551367044e-231,0.211432440077717,1.88128133138383e-59,0.544146489787935,0.00672786344079203,0.121816237236804,3.88149222963068e-190,0.00563602443696236,2.14837540476441e-193,1.72271989425535e-06
1.10735928043848e-07,0,9.44312625130316e-06,0.986550014839495,0.00308613133761131,4.91377539164609e-08,0.0098170107932928,1.08867990833205e-220,0.000537139961477553,9.76676910225626e-08,2.4004994174235e-09
0.180590649389774,0,0.0139665102046079,0,0.684040367204712,0.0111774008433473,0.1086302462618,1.61563915655783e-223,0.00157732009970774,1.79658906735799e-33,1.7505996050634e-05
2.14294321530955e-05,0,0.0222001607756337,0,0.0488820791486375,8.18385171409858e-07,0.0284834287943659,0.900409195834214,1.92854819043673e-171,2.87690356337538e-221,2.88762982445678e-06
4.89836933745339e-09,0.000126285723867917,1.18369904326428e-05,0.997735783385488,0.000688491669164974,9.72770381460547e-11,0.000391802096380662,1.03075177329409e-185,0.00104560662559321,1.87302690854037e-07,1.21073491327684e-09
9.0340408205719e-06,0.791602783273156,0.000772859885699448,0,1.99132844734745e-25,3.86559812812329e-15,5.4244872817852e-09,0.0204025159816941,0.000331760974732226,0.0948554474223441,0.0920255929970628
0.997620467850616,0,8.58463014909123e-05,0,1.12089874555637e-22,8.27068948654558e-06,3.86562688368386e-08,0,0.000587747063361556,0.00162446788288075,7.31615558953405e-05
0.465912860237369,0,0.000138993117996188,1.48380763328546e-05,0.000433700314090922,0.263232542265501,0.268272105933632,0,0.00199494217710893,2.09119155704092e-193,1.78779692230685e-08
0.000573970010580162,0.0128421556253504,0.437843579019261,3.11759150499114e-158,0.000569633800978006,8.16119316514921e-10,4.247716285904e-05,0.445580923305492,0.0516742485169305,0.0168900504067736,0.033982961335656
0.00291860268324043,0,0.00134238546070873,0.00258454458183966,0.00661469989939609,3.33790311033934e-06,5.72446283290929e-122,3.25210361305756e-246,0.9865246551908,6.81170875501972e-193,1.17742809043277e-05
1.6128457888765e-08,0.00100035782996658,9.18832005587837e-05,0.00755817619185676,0.000694175045122887,8.67377809816919e-11,0.00019366131067258,0.989532771310811,0.000925868993883275,2.4174944649302e-06,6.72407467990058e-07
0.0377073339192917,8.4428178829388e-225,0.119414380678316,0,0.000125554698168101,1.46943463177803e-06,0.000232568709263398,8.30386617916757e-05,1.21496286111079e-168,6.70919922876739e-189,0.842435653898537
6.25675743226471e-05,0.0023830449896019,0.00411955605340708,0.863772053386041,0.0478468653737653,1.50399305470006e-07,0.0283931447446195,6.68312259569919e-185,0.0534204722223415,4.7577015924137e-194,2.14525659569186e-06
3.86431564590766e-05,4.36266311684038e-07,0.984945470164616,2.7141320770082e-58,0.00646664721257534,1.14560805018539e-07,1.45042546984599e-06,0.00686981585403027,4.95225288117493e-05,0.00162536218023121,2.53765068954737e-06
1.88101210341357e-05,0.964066697920557,0.00863907651105372,2.65520680604574e-120,1.17465697415649e-05,1.34079161037854e-11,1.94163577416545e-06,1.49831899461936e-25,0.020158165927808,0.000473275217199924,0.00663028608342387
0.421204971428706,0,0.000934990700853672,0,0.00888221176395061,0.554702751561504,0.0142707389661931,0,1.37251180297621e-171,1.72029408356794e-32,4.33557879278476e-06
0.0046777763000912,4.63055202046664e-08,0.775495373500034,1.91471206214586e-254,0.146951393223699,1.06331190810329e-05,4.16879151734814e-05,0.000252889150149492,0.00249992610997993,0.0700534249062448,1.68494700264706e-05
0.00303336827056437,0,1.06872654876387e-06,3.64878116059907e-08,0.000473919882058486,0.921567575658474,0.0749163274604267,0,7.70351240621849e-06,1.52018134572308e-38,1.70988359174716e-12
0.829644321656194,5.97091542497519e-231,0.000563459869979182,1.25650000958568e-256,0.000244331587429709,0.0187537949117567,0.105257288758853,4.9766757580674e-192,0.0453284038543897,0.000155474707576797,5.29246538217872e-05
0.948506670989956,0,0.00236059616514834,0,0.000715007410158625,0.00431190043500228,0.0432133083771171,0,0.000889298620548453,3.39223955171758e-222,3.21800206932923e-06
0.000111737413882363,0.000179309157709855,0.976112760189375,0,2.32807486006888e-18,2.36013138360313e-08,9.24232532375983e-123,2.70599535886861e-25,0.0227887227349767,1.85639941887954e-05,0.000788882908553232
0.0634158721292247,5.66427289363189e-85,0.459178234156565,6.78177622973625e-123,0.000393452052146584,7.62394042959635e-06,1.25165076256822e-124,7.25234986213185e-05,0.437756318603628,2.02875016365893e-189,0.0391759756193841
3.09188036807446e-07,0.951368647772918,1.45815789426075e-07,0,4.96313570646691e-29,1.60061134220126e-17,2.27153992170042e-11,6.99169671392511e-31,4.52006789258405e-06,0.000127488937735954,0.0484988881949123
0.000885152435616494,6.95615025003501e-05,0.982740152164051,0,1.72504116024451e-20,1.07401042139464e-06,1.00184000922759e-06,0.00437099709969453,0.000935429582512245,0.0109453478039256,5.12835612696888e-05
0.290969238260392,0,0.516174406683235,0,0.186107088996289,0.000521967044475564,0.00596200025493967,0,3.76578996539756e-168,1.67773556819951e-190,0.000265298760668572
6.17068206513929e-07,0.96880289554098,0.00024814625785942,0,4.65358350809808e-24,1.27490392924067e-13,4.75184463553803e-08,0.014527766386918,0.000420912838900406,2.68736408116782e-191,0.0159996143885621
6.06734164103585e-05,1.47870880335736e-90,4.90799355209682e-06,4.5785059482494e-253,0.00976767899089225,3.0052888907738e-05,0.990029071367943,1.44329522567443e-190,0.000107614192413774,1.21416495155188e-225,1.14988091760628e-09
0.00703454173645041,0.000297207925732488,0.0190181449145271,1.78419026331029e-220,0.000749624626240907,5.54351422298834e-07,0.485233612941667,1.4095961529544e-211,0.487017381966055,2.39689451732548e-06,0.000646534643388039
0.0274266623580165,3.73196680378597e-84,0.190972658875808,0.0587395407378384,0.0118032372045803,7.27386752450793e-05,0.146866009356746,4.85575556727477e-187,0.564082603641963,1.97360911230055e-192,3.65491498028418e-05
0.00618789437534076,0,7.56216555256428e-06,0,1.1738094804292e-20,0.00361335018884524,0.990009920018956,0,0.000181272828920491,8.94853626905938e-197,4.22385064265076e-10
0.0703493054904656,3.91159087139767e-07,0.000479527969472066,7.629979063439e-05,0.00632619967229995,1.71870072159258e-05,0.000230287276433721,8.10291318900021e-190,0.921779495560359,3.49147821509229e-31,0.00074130607403259
0.00103604880830439,1.67130800062286e-08,0.923577354935061,1.08865561589817e-05,0.0506451330959246,0.000539854931449582,6.64509536152716e-05,3.06900671356861e-188,0.0051404903606487,0.0189834999195905,2.63726167399297e-07
0.0697175587203356,1.51759367307823e-227,3.66774170283316e-05,0.00168241509173022,0.00473583082340657,8.06390201109136e-06,0.0342332957329859,5.96024018560418e-189,0.889508884140752,3.20056660601762e-33,7.72741717497368e-05
4.12118531017155e-05,5.60481061655367e-05,0.00121071502392184,0.69771250245987,0.184881840054525,1.53990279308283e-05,0.105485071627226,5.792820902365e-187,0.0105971984134658,6.35741670834026e-35,1.34337926416424e-08
5.10121115653976e-09,0.0084123125562383,1.55648147822102e-05,0.104208149507082,0.000257114926415616,7.28833925814108e-12,1.11958473897012e-05,0.88654298539044,0.000488802305607514,6.37219251132091e-05,1.4761843143906e-07
0.929718881473379,4.75382813092187e-233,0.0603926639629576,0,5.70806007093087e-20,0.00836376332762795,1.1785328288662e-05,2.62407900784762e-194,9.48017194026547e-05,0.00141514149294943,2.96269539498217e-06
1.880555333097e-07,0.997202414267256,5.05386005428132e-07,1.78009687215116e-69,9.97789605108749e-10,1.67850051042184e-14,6.92645607560390e-09,0.000280625750343408,0.00194943144616981,9.88264623969083e-05,0.000468000708032389
0.0914782830840041,0,0.00558393701644043,0.0159299404833779,0.00113474153245512,0.000113137517360088,0.0147708128016441,0,0.870926539695289,1.91898063627233e-221,6.2607869428894e-05
0.000350223685721515,0,0.00357420618068668,1.46425414002203e-54,0.000612004109968684,1.30441749071461e-07,0.990716489172538,0,0.0047459269455688,7.22269714280545e-07,2.97194052950115e-07
9.16056254248136e-11,0.000677598878498497,4.21571766349756e-06,0.630528051695387,4.99198215876476e-05,7.38211076946393e-13,3.2086155198513e-05,0.368613658351831,9.44633868934961e-05,4.22873148414595e-09,1.67186488534528e-09
2.0943326424113e-06,7.17835625461285e-07,0.0179801003594963,0.0470954807056318,0.658636883818092,1.23822316087219e-06,4.02168687287799e-125,0.276060270591954,0.000223212482485789,7.72867313462303e-33,1.6509120145292e-09
3.20626881602626e-06,0.289032461416782,4.18765342033046e-05,0,6.37141576011586e-23,1.15423499497553e-12,1.94750807888848e-128,0.0171966785343255,0.6004983707628,0.0113203037474878,0.0819071027344316
0.0595663619645657,0,0.144170372686458,0,0.124537423388345,0.00222465303069361,0.669006998772623,0,4.54797361001394e-171,0.000444400709273694,4.97894480402607e-05
2.17887005653334e-05,6.24527906624885e-85,2.46119785902797e-07,8.5191653514208e-229,1.08774599706406e-11,6.73973779979608e-15,1.62134139794213e-08,2.11554760370923e-30,0.000192978125948459,0.000732645034741435,0.999052325794661
0.000964497069044247,0.031146790755014,0.00099382934437568,0,8.82535868219414e-25,8.64394363874248e-11,5.40875334247755e-05,1.6250509867402e-05,1.16879234933452e-170,0.0220049868554244,0.94481955784641
4.25900356881429e-07,0.000530813067108616,9.83980342521606e-05,0.162744225014077,0.00135358610848497,1.33004564360984e-09,7.41556435573707e-123,0.784272966287565,0.0509983553892692,7.75130128846833e-196,1.22886883992608e-06
0.0720218086890004,0,0.695863436266835,0,2.36108509269864e-20,1.76366822171961e-05,0.227020457140763,6.12035734136465e-188,0.00192834006474273,1.75142391026365e-192,0.00314832115644156
3.01387295799845e-09,0.000247809109218632,5.31957218220944e-05,0.0437464353082969,0.00223988153787546,1.38139276859073e-10,0.000167078941782702,0.953378448560111,0.000164496154549933,2.63329185773473e-06,1.82224736900831e-08
0.00127199512059224,0.00250650082103306,0.977972896537766,2.18479726671088e-58,0.000271297364557996,7.20926179157031e-08,0.000315234611710066,6.62446772961e-186,0.0163262346167287,2.24814714472718e-191,0.00133576883499438
8.4715032218188e-06,0.98574223004245,2.44731529827543e-05,2.66814879168635e-60,5.63260416187611e-08,1.72001671479972e-13,1.03489785020616e-08,0.0028419953449758,0.000584256737783754,1.22365182100357e-31,0.0107985065433939
0.194125456238713,0,0.326377050258798,0,2.45107514515925e-17,0.292423584082023,6.53211786594565e-124,4.40008823556962e-224,1.42428440915276e-171,0.187054077083359,1.98323371057573e-05
0.465005154339392,0,0.00988702249861378,0,0.0106169741868098,0.288440285871596,0.225475693767893,0,0.000152029370241568,0.000422839153754916,8.11699162061276e-10
0.861851714765697,8.52596446270001e-225,0.000687419484697452,0,4.36580023616163e-08,3.24438471832185e-09,3.82112647710463e-05,6.07899016826794e-216,0.0468121736615984,0.0178169033917601,0.0727935305290887
1.90149909440158e-06,0.866393278656317,0.00206237571425491,0,7.83561266903508e-24,3.05035888343885e-13,7.52138652334032e-05,0.0920699333230584,0.0017826341017241,3.13378019517756e-05,0.0375833250380608
0.00292857956281958,2.22474519153401e-07,0.0202101335005616,2.55727673064758e-05,0.00466385037887923,2.4424746035254e-05,1.33573327241008e-123,0.00647485003794054,0.898972707285829,0.0656672786069487,0.00103238063916075
0.215339546846771,6.75414391983824e-88,0.000493316784351001,0,0.632835487571958,0.000878260065952933,0.00299200871184283,5.38417078505073e-214,0.146841734103775,1.24555383121622e-31,0.000619645915349486
1.51837613064678e-07,0.99334595689406,3.01931615448466e-06,1.24273003122909e-167,9.17251933742274e-08,9.3864802746712e-15,3.75855287405791e-07,1.52320987202467e-26,0.00612654545769565,6.72240328622498e-194,0.000523858913985974
8.79985993504796e-09,0.00298156122983485,0.000426586622753025,0.0109760055591114,6.68745849354711e-05,5.29616373793509e-12,3.46937688353677e-06,0.983313572204799,0.00220881749867311,2.0155661619529e-05,2.9484562338805e-06
5.38689428976963e-05,1.47778545924809e-05,0.0300425943352874,0.00652152218336329,0.138478261474949,2.65880617338397e-06,2.77632377768088e-05,0.799544450129636,0.00692411203359822,0.0183858081778178,4.18282390814241e-06
4.02406152909104e-08,0.997283776616109,1.15631867348925e-05,4.64811391907648e-124,1.11362818654548e-08,2.03934749241474e-15,1.7421230043915e-08,0.00244644300788819,0.000118485108775606,6.86792926947661e-06,0.000132795353094256
0.0199323813349649,1.08281830764915e-06,0.133633054408789,0,6.6003125088612e-20,0.000103829240813928,0.000457308961940962,0.000110107186442468,0.00223692123219783,0.831722704099669,0.0118026107168736
0.635648763259428,0,0.00477397668821808,0.000986887114174904,0.259684903466801,0.0579880969765538,0.00159338601189956,0,0.0393237503232992,2.22056625641669e-31,2.36159625218785e-07
9.87178338480114e-05,0,7.3010628660526e-07,0,1.79688765785073e-05,0.999882040390924,5.4279236237996e-07,0,3.71367791584418e-179,2.82388358302559e-228,1.20451348438828e-16
2.20101752218629e-05,6.88259875391758e-06,0.00753374716904611,0.680665311050507,0.163585681538853,1.97100510789549e-05,2.51791289233983e-122,0.0719402502867085,0.0740134858763444,0.00221290567690657,1.55765797847919e-08
0.518473311608923,0,0.000811907479908295,0,6.72440819297849e-22,1.46849910542278e-05,1.06365389735276e-126,3.87048644563327e-226,0.000458339900893731,0.480228563300441,1.31927187791354e-05
0.0186575544532062,2.35472442587656e-309,0.00480917055543825,0,0.893492838615759,0.00773708389405268,0.0753011424577431,1.86962660510828e-189,1.08248461807893e-170,4.21095814331447e-33,2.21002380104058e-06
0.000175037729803766,0.005728049905096,0.000110524903561907,0,3.82038719643127e-25,5.68813450377087e-13,3.26205229224111e-05,2.36886008066058e-05,6.13219771548907e-05,0.00891343460032978,0.984955321759756
0.0168774973242122,4.11418748337382e-305,0.304412054745674,0,2.37399113736858e-17,0.000289450428370675,1.44791793248923e-120,0.00713585620129182,0.109181211117129,0.562026294257952,7.76359253700471e-05
0.0763517907802032,0.0720420782618784,0.114590963993141,1.32412622698109e-252,0.000426803404496786,1.45412091253241e-07,0.00207215028739323,4.32651073210144e-187,0.38233527926975,2.48541490214787e-190,0.352180788591046
1.23578507836967e-07,0.999209324011758,6.2606582499419e-07,2.17391061132896e-225,4.35764746350731e-11,1.06028975536458e-16,1.53468803956633e-10,2.28136413440904e-05,1.53141692581978e-05,3.60797223172184e-192,0.000751798336261599
8.05207040038453e-05,0.072884096195684,0.0096764080399385,9.64244090546475e-104,5.90317349031478e-05,7.21527177699835e-10,0.00216869164147852,0.747004953464834,0.0464740280154994,0.0247779108191841,0.0968743586629467
1.23076105764985e-06,0.00802010141435042,0.0151460989037823,0.962703768886219,0.00275928478704386,8.72681343759458e-10,0.000128593080037123,4.5543530911713e-25,0.0112134939172855,1.0307366927211e-05,1.71200106155238e-05
0.00310419047719727,0.00353902612811598,0.162032701035998,0.101258927243174,0.00309578194634535,2.15623118336941e-05,0.00179512586694031,2.04537013872088e-186,0.648638991223638,0.0764604008270529,5.32929397042158e-05
0.89407804548315,0,4.59387758582192e-05,1.87582374206136e-144,0.00220263041503467,0.00257493591355495,0.0994392415012028,0,0.00165583959955874,1.95771773959776e-224,3.36831164063079e-06
3.53222414655388e-07,4.71119475122511e-05,0.0088396752476873,0,3.07630047070831e-18,4.92737397339806e-09,1.64479378459213e-125,0.976049131989947,0.00946037455732546,0.00560239616858893,9.51939150225915e-07
0.000566197137509225,6.30947206578272e-228,0.00780234041241191,0,0.00125578487687169,3.78793121012707e-05,0.990334328846719,5.06794896524888e-189,3.04831624626411e-170,3.4437586009155e-06,2.56557860903474e-08
2.08216641881476e-07,0.980398177966921,4.16053371581594e-05,5.25572300542159e-310,9.99118672673143e-10,1.14215854035672e-15,2.38828794984079e-08,0.00157151307448575,0.0009359536043574,8.0923033446834e-193,0.0170525169184371
0.00166324322729344,0.000435562619382308,0.132734995717938,0,6.69223863069515e-20,2.17315789300375e-06,0.725195558774817,0.0327083708966482,0.105309656717219,0.00110111479184354,0.000849324096965433
6.03492985805295e-08,1.95593108658207e-84,1.23942477370792e-05,0.99161173183191,1.18188010825631e-05,1.5276937597408e-10,0.00237468722257265,6.30880643424349e-187,0.00598925206664498,1.75549855519513e-197,5.53279851676541e-08
0.00124910006130595,0.9049476201162,2.16013960159657e-05,4.73327535912416e-69,8.66401223905742e-08,1.66878933905428e-11,1.50545968833628e-05,1.19039041875206e-29,0.0104655856458407,0.00195124085582733,0.0813497106711163
0.000460237823186739,0.00421389591634057,0.0774448126891211,1.3855968691285e-57,0.00838057638244594,1.3764356862494e-08,2.63415617962846e-125,1.50252885846635e-25,0.907706751903948,0.000737653905492558,0.00105605761510817
0.00861383736427818,2.81586972828419e-82,5.79166378150946e-05,0,1.99401136945005e-07,4.59264905993867e-11,1.28883359982716e-124,2.80388851130571e-30,0.0299888017460403,5.13076001736942e-191,0.961339244804803
0.0580925585452652,0,0.93507719653098,0,0.000162446800411856,4.5745403261389e-06,4.15991247305607e-06,2.82324621681303e-07,4.41749907689959e-172,0.00225741546615891,0.00440136587976291
0.0432941803239693,0,0.152049690569441,1.05649443764838e-305,0.647247937885911,0.000514057367465918,0.136646713822143,0,0.0201064102785704,5.27305045115758e-05,8.82792479877087e-05
4.8157218832351e-05,0.00235219692938446,0.0856661281465635,0,1.24500183608238e-18,1.04499009866477e-07,0.0386962665218747,0.871232079473596,9.42591064167073e-05,0.00190859457674888,2.21352757306818e-06
