0.0298642265959587,1.19753053295884e-06,0.00920094043509724,0.960620853333337,0.000312782105074233
0.106882690405653,8.79841856975459e-06,0.000452069150760765,0.321152580000514,0.571503862024503
0.999695312107419,7.71909923370605e-16,0.000301252634805224,1.54462168147222e-06,1.89063609344592e-06
0.00969081565994063,0.0013315442270754,0.041152661270258,0.708642607122391,0.239182371720335
9.63777622374758e-07,0.0348298224320975,5.35437670373351e-06,0.96516199223802,1.86717555624185e-06
0.974790977449835,1.61042994963344e-12,0.0236823545500934,4.91814540721388e-05,0.00147748654438894
0.864215238644848,1.59031448608419e-06,0.118262205157954,0.0074710879173803,0.0100498779653316
0.999861005608725,4.21326034922115e-89,4.64036965314352e-08,2.45825110084903e-07,0.000138702162468151
1.69910803111703e-07,0.0103990781956268,4.11840163778465e-08,0.989599009376802,1.70133275137979e-06
0.000163017704411569,0.00061027359996686,9.98986644569978e-06,0.999036759474537,0.000179959354638651
0.451210990965072,1.37216187966955e-75,2.29050274367902e-05,0.532763747395833,0.0160023566116582
0.0394671215620183,0.000254599757877549,0.0034110891805925,0.956867189499512,2.01500125324612e-16
0.108050519636831,1.14787542931194e-07,4.70857395821974e-05,0.708345056324251,0.183557223511793
0.000334495314755655,0.0145882002573022,0.981088270333448,0.00398903409400147,4.92606359192952e-13
0.885724818015331,6.32208959234008e-07,0.00830007593780531,0.00101224471870938,0.104962229119195
0.00045151057988804,0.00577133897368892,5.89841548437229e-08,0.986311297545476,0.00746579391679218
3.1585103754019e-07,0.00577654801417673,0.994223015543058,1.20591728069023e-07,9.04246939829993e-19
1.81463631462104e-07,0.441846167976971,0.558096843306096,5.68072533007818e-05,8.17349558869796e-16
0.18313654957801,4.89843038953201e-05,0.0391012486783866,0.50308614631221,0.274627071127498
0.00180166681624596,0.00170170151431484,0.973160069630481,0.00370269815373239,0.0196338638852259
1.19322174895245e-05,0.00894730289671781,0.000681313563243452,0.990359451322549,6.10725395558772e-18
0.77190024680563,1.18717184879729e-81,0.000823472266358547,0.00137816986176887,0.225898111066243
0.0171679289997906,1.52408727911191e-76,1.57131134307848e-06,0.982830499688866,2.52038500332218e-16
0.00167369713200491,0.0284826683301645,0.619258802170798,0.348945153839458,0.00163967852757531
0.0533123551588934,1.64203500976525e-11,0.000597733225032697,2.23335872552943e-05,0.946067578012398
0.00333997871602916,0.0105636865735696,0.483464018828306,0.0109743814045696,0.491657934477525
0.983900744280638,1.18576360168464e-10,0.0124184765064144,0.000420581885772043,0.00326019720859891
0.0399906872405031,4.05945526674945e-07,0.959802557602489,0.000206349211480733,1.25080783870304e-16
0.852498253537019,1.43289250453337e-09,3.71782903281161e-06,0.107061294285265,0.0404367329157907
7.28794374886754e-10,0.151139658827979,0.848860335830735,4.612491970495e-09,1.41622916963739e-18
0.0123958428309153,0.476401588199819,0.354716477863898,0.156486091105078,2.90547235903838e-13
1.45048735652729e-06,0.827901347734009,0.00140961097909702,0.170666872643379,2.07181561588203e-05
0.91297737799744,2.31232306028731e-08,7.36823651510121e-06,0.0541164206768349,0.0328988099659792
4.57518506867993e-07,0.004830701888427,1.43661226617408e-06,0.995163582363685,3.82161711459125e-06
0.114962140389302,3.39634682931508e-07,0.0014683479805777,0.0100163495471315,0.873552822448306
0.930311124981734,4.56477022806956e-10,4.24862716514623e-07,0.0626858094721121,0.00700264022696003
6.88919830711005e-09,0.000828168444180422,0.999171824355931,3.10690541885587e-10,1.75011290667297e-18
0.100821412958679,1.48480943424229e-09,0.000800763574971266,0.0190872933183743,0.879290528663166
0.110135591843382,1.62774598976198e-05,0.000985833920073998,0.871994661924356,0.0168676348522903
1.25408356562599e-06,0.000146980149323656,0.999851288522287,4.77244822417828e-07,1.12465305008724e-15
0.999601371000653,9.95348238121654e-13,2.90818920049716e-06,0.00015206562456966,0.000243655184580935
0.00209127487215269,1.18413380739962e-08,0.00302236355930813,1.44126099716472e-05,0.994871937117229
0.956807715864893,2.67107132641231e-79,1.13497166780895e-06,0.0431725645861617,1.85845772778296e-05
0.000109513533886555,0.0299958378877659,0.814249991522585,0.00387384289925031,0.151770814156512
0.0258003384041198,1.5820767952836e-06,0.0038775260103815,0.0117917028689588,0.958528850639745
6.86911844218538e-06,0.000813873864733811,2.99059258285249e-07,0.999176307317291,2.65064027475966e-06
0.00688908041920542,1.93845550719115e-09,6.69005128695496e-07,0.993105873496052,4.37514115855955e-06
2.13372275194555e-07,0.0157034681633308,6.83127274029038e-08,0.984296250151667,4.14223776491312e-19
0.000216898213791142,5.98129701213023e-06,2.18708243185397e-06,0.999741357343922,3.357606284279e-05
0.361960695673339,0.0010640909507987,0.330245628390283,0.305658066760813,0.00107151822476678
0.898389747217768,2.77799004166177e-07,0.0021730747303274,0.0552501247340408,0.0441867755188597
0.336941394796842,1.09459786304318e-08,0.000768686743787984,0.000852801240673796,0.661437106272718
0.00180373799272972,1.0895529232257e-05,0.998125057559869,1.18726044014605e-06,5.91216577293678e-05
0.00885122113448979,4.83341793374938e-09,2.13904993100618e-06,0.0870082213585554,0.904138413623606
0.0443121677200452,5.32024214165401e-78,0.00528175846912471,2.46727717716448e-05,0.950381401039058
0.220059400890185,1.16285377229483e-07,4.02715587609093e-05,0.747751140557322,0.0321490707083549
0.0322433070467066,5.0460411887935e-10,0.329668553415202,5.3813670702378e-06,0.638082757666417
4.91417904907831e-05,5.71897790484789e-06,0.999541061252046,5.00167654384155e-05,0.000354061214119694
2.69811899965965e-07,0.990379257554648,1.99961265768104e-05,0.00960026370252802,2.12804347786708e-07
3.97481538521033e-06,0.240565645542707,2.93740979116338e-05,0.759395860249312,5.14529468460008e-06
0.000872210779864424,0.00953958815603364,0.0336079432829916,0.949341274410099,0.00663898337101185
8.30280130683719e-07,0.00192246772788816,7.69689976266188e-07,0.998073100269843,2.83203216147607e-06
0.843747754161417,3.4975378365035e-15,0.132744634220446,2.30943035931547e-07,0.0235073806750976
9.02520855024777e-07,0.96422437115881,0.00149613277948721,0.0342557719310101,2.28216098375596e-05
0.129036988978925,2.17303218603306e-13,0.000775136442592178,6.31568309548298e-06,0.87018155889517
0.00196031186740319,0.00550658170183072,0.019152922860835,0.970192391766743,0.00318779180318844
0.000772876611712029,3.95609273446769e-08,2.90109891625391e-08,0.99900919952725,0.000217855289121659
0.105687018764866,2.44574124897337e-07,2.34112079300697e-06,0.85921786093001,0.0350925346102065
0.0164116925743562,0.000621741469949056,0.000368399448538104,0.977057235353052,0.00554093115410454
0.00689837704269271,0.000379223753433362,2.22123294782399e-05,0.724173108008861,0.268527078865535
0.0106778717724038,0.000922152223596241,0.00774791700830819,0.384800338488089,0.595851720507603
0.856408253670344,4.43395865411367e-06,0.0215041181503473,0.0968053780917678,0.0252778161288868
0.571505237107744,3.05497099215804e-07,0.0175258766793816,0.00127272545043245,0.409695855265343
0.0077579620037744,3.87943970554992e-05,2.28502998263422e-06,0.98898701430257,0.00321394426661792
5.95992574683521e-06,7.64083129602373e-06,0.999881609943005,5.22852058015184e-07,0.000104266447893505
0.995777787628642,2.14860545580188e-14,6.32146929913797e-05,1.1224123148024e-05,0.00414777355519682
0.00588380812919262,1.31551286797309e-72,0.000267053036692093,0.993849138834115,4.06908116606471e-17
0.982302809382951,8.19129730538218e-09,0.000194610928549784,0.00480664308233893,0.0126959284148623
0.886555354360348,1.65524720852589e-09,0.000241558186710758,0.0119132544266077,0.101289831371086
0.595860444235649,3.3116540967048e-10,1.30858181263695e-07,0.351670343593362,0.0524690809816424
0.00244554972128971,0.000510462267685508,0.000413063594891895,0.996380777561952,0.000250146854180715
0.00134529259759592,1.98244356009718e-12,0.000316798229062284,4.55321655587455e-09,0.998337904618143
0.00028163677825311,0.00854737221498175,0.990822619917084,0.000348371089660535,2.05827201390859e-14
0.000201196982847718,2.93571143244704e-10,0.000605526835747035,4.85714452720979e-07,0.999192790173381
0.782358233133456,1.72871828403831e-06,0.0181940344709105,0.160075805717416,0.0393701979599338
0.33433784685998,8.60865530718505e-06,0.6451263095365,0.00892442596110137,0.0116028089871115
0.000260833166569715,0.0047324938671561,3.50825541645445e-05,0.99377134849834,0.00120024191376956
2.38224947231363e-06,0.000535322095745123,1.15765352749725e-07,0.999461664340711,5.15548718626284e-07
0.000177312236511959,0.0981151804498951,0.00013352855117113,0.901444308805816,0.000129669956605966
0.000234809486982322,0.000280022079595657,0.999411569465745,7.35989676770945e-05,5.87265846665738e-17
9.27118575393785e-07,0.987643574612586,0.00363027008520161,0.00872522818363694,1.04420096145663e-16
0.991924545721692,4.7134673550659e-11,3.24033710997973e-06,0.00745340550829078,0.000618808385773063
0.98561952419007,2.0863583363902e-09,0.00236057293619942,0.00860240391450306,0.0034174968728696
0.869141996088294,1.84136015216228e-09,4.31358006326136e-06,0.00727178718300657,0.123581901307276
0.979098546507785,7.09665973806492e-07,0.00100159764870633,0.0192710303573713,0.000628115820163296
0.0384818207029374,3.48576686862874e-08,2.11834681352308e-07,0.961517932604713,1.0484054071048e-17
0.192599215562083,3.39274679711804e-08,0.000227256817426286,0.0186616836131995,0.788511810079823
0.000423106199884462,0.000259202007435912,0.0654136021790551,0.00025053559659079,0.933653554017034
0.964830746317419,7.51905626665585e-13,0.00242090207447366,2.96911494987718e-05,0.0327186604578567
9.63431408001178e-05,0.000276522430618934,0.82856369527154,2.78985187917812e-05,0.171035540638249
2.31881699898729e-10,0.338876146559513,0.661123818281237,3.49273689499692e-08,1.97002663297424e-19
5.5334012758267e-08,0.991012181435324,0.000186834107225206,0.00880036380438755,5.65319050815741e-07
6.66210897948938e-05,0.0255107149665614,0.712334849163923,0.00131235121861189,0.260775463561109
2.71858577843015e-08,0.00105156759339706,0.998948361808575,4.34121700209643e-08,4.78890343573139e-18
0.00134428233208699,2.12410377140682e-05,0.00757569465324209,0.00335277001751117,0.987706011959446
0.840467456522619,5.1564843524065e-08,0.141436564414336,0.0180959274977296,4.71766946248792e-13
0.000668793036975586,0.0247203500248447,0.965100481525285,0.00951037541289355,7.40873394748483e-16
0.00356699372851287,1.39015593632086e-06,0.00641547383068043,0.000427427630857409,0.989588714654013
0.206630877745186,1.15394445491135e-78,0.000186175136956751,0.00562985067605549,0.787553096441802
0.876732555407773,1.53656387275878e-11,0.00467014113021084,0.00142559114322271,0.117171712303428
0.0153477736695146,1.85545578199318e-08,9.92458769787359e-05,0.00113081593585102,0.983422145963098
9.03601508716323e-05,0.000965363940460197,9.09800102004515e-07,0.998327317514395,0.000616048594171133
0.992949358396252,1.49140261846154e-13,2.3847811234664e-06,0.00550776296233417,0.00154049386014158
0.0400370258947503,3.7880505304082e-06,0.000559278930455824,0.958611406188155,0.000788500936108643
7.12616435870215e-05,8.3236378591784e-05,2.79723771587255e-05,0.99980177233744,1.57572632220579e-05
7.08802436514971e-07,0.0185220127921248,0.981468089850891,9.18855454730909e-06,2.86008780953832e-17
0.0690341739034212,1.12335841251166e-08,0.0341786698385745,5.99503721190238e-05,0.896727194652301
0.45628497615723,2.4058140614924e-09,0.00599705482713771,0.000886253181497366,0.53683171342832
0.00148327036117183,0.0832848362201429,0.798813736852629,0.114514569505106,0.00190358706094991
0.00083132464638272,0.73935231597391,0.148722674845552,0.111093684534153,2.15512291267445e-15
0.00140254093925165,0.00204641770311631,4.56103010134239e-05,0.996484912513606,2.0518543012438e-05
0.00149873971674366,2.71006014008921e-07,0.996570943939915,1.74771702168768e-05,0.00191256816711022
3.39239299105607e-05,0.0116075471603462,5.64116992477127e-05,0.988302117210495,2.70012797764224e-16
0.79855296478365,2.5768771927252e-08,0.00101142503149833,0.200346770429631,8.88139864489085e-05
0.000160031933312695,0.0158737657032597,0.000950725467169341,0.983015476896258,3.24138918097636e-17
0.527415820410528,4.75737004476406e-14,8.09660994188531e-05,0.000463673904607547,0.472039539585398
0.00127399348860993,1.3850448192684e-06,0.998692988344403,3.16331221524032e-05,1.52150074079137e-14
0.652551466650763,1.11760209623408e-76,1.10763679585231e-05,0.26832552962725,0.0791119273540286
0.00890415885741935,3.32896184733532e-07,0.105971034213102,1.18924426154766e-05,0.885112581590679
0.358697973879572,1.17003264871493e-10,0.00125362786696529,4.28631433546929e-06,0.640044111822124
0.000466856360894632,0.16273288541617,0.0142278662910031,0.820599602533496,0.00197278939843694
0.0147837881653064,1.99742236427997e-05,0.976726261652246,0.00187099172723126,0.00659898423157357
2.30533525615498e-08,0.591745078779857,0.408253638040108,1.26012668241099e-06,2.55819100377428e-18
0.0255975379126496,8.81101883258592e-07,0.973603983854687,0.000797597130779765,1.70913237477897e-16
0.00621229667002587,4.97302850531572e-07,4.29151763019209e-05,0.0123929475157261,0.981351343335096
2.1918874552497e-07,0.985128313727501,0.00967082224127207,0.00520064484248194,8.83246280002811e-18
0.000836380010007622,2.99630467214506e-08,2.38682646618068e-05,0.000223879221779261,0.998915842540505
0.0156392495730192,0.00693370477298194,0.062480333832345,0.633342145290577,0.281604566531077
0.000571394498450164,0.0213539826883376,0.865217882753219,0.00220658545606865,0.110650154603925
0.0201923434838594,4.37737052137059e-07,5.87244413365309e-05,0.171717808111715,0.808030686226037
0.996555736031124,3.927745560416e-10,8.52745394581938e-05,0.00125278779342109,0.00210620124322203
0.0342123236846924,1.01815466611937e-05,0.0450438742086611,0.907939647947181,0.0127939726128043
0.0153827283999193,2.81624180204088e-07,0.00126695424346063,0.0190663382174807,0.964283697514959
0.00219390865254627,0.00898199943432248,0.000345682150812603,0.387720703931604,0.600757705830715
1.4516349984229e-07,0.968743320266309,1.06584555848933e-05,0.0312458761146059,7.68926575044564e-19
0.967758759205904,3.33806890500784e-10,0.00233598632083543,3.85532336895974e-05,0.0298667009057634
3.15703204896152e-09,0.999427308333932,0.000313866732408686,0.000258821776627126,4.77184240074815e-18
0.00449942533502841,0.10487808615274,0.119635860860563,0.344911539882304,0.426075087769364
1.92504360146884e-05,0.00180351814227815,2.38561381215462e-06,0.997617112494828,0.000557733313066508
2.87309760628446e-08,0.229911435706425,1.72905500751015e-08,0.770088471334776,4.69372730136905e-08
0.000100066174364129,0.00394153540922273,5.03819879204161e-06,0.995948053710673,5.30650694825105e-06
3.46872047291521e-07,0.753434358154281,0.246056499675511,0.000384629082488045,0.000124166215672597
0.00111262673422735,0.00314712983495349,0.394700128232758,0.00319631302556119,0.5978438021725
5.16488309452033e-07,0.0137295258594768,0.986106317790255,0.000163639861957718,4.71781736692972e-16
2.12330724873505e-05,3.53006242539806e-07,0.924794860169006,3.73525298947697e-07,0.0751831802269654
8.64713402192895e-06,1.85291681184892e-71,3.94800963432937e-06,0.999728898763209,0.000258506093134429
0.00259375316962555,0.00592292294947834,0.671004473007639,0.000682075700278362,0.319796775172979
0.000402191956325467,0.00163450923403005,0.00137555425630707,0.996587744553337,7.89117301957665e-17
0.00024249432989786,0.282269262352813,0.674942898230384,0.0425453450869039,1.0011715844701e-15
3.23437288437389e-06,0.987909469146124,0.000413384252535359,0.0116739122284562,4.3874192858722e-18
0.869414937257095,2.8545953647094e-07,0.00231342474640774,0.128271352536924,3.69438538121441e-14
0.00107903758056841,6.44690918073891e-05,0.0011533470608592,0.00175975177572057,0.995943394491044
1.06085059303435e-06,0.000233694619680002,0.999636626841422,2.19022400373509e-07,0.000128398665904705
5.09702389625505e-08,0.982467656854089,0.0174466659407718,8.56262349001036e-05,1.93440573669682e-18
0.00352195726646791,2.34195429465707e-06,0.99370261650961,0.00112570468934217,0.00164737958028481
0.0078808951555518,4.23242282435638e-06,0.0762593833009643,0.000814933463031111,0.915040555657628
3.43949485365486e-10,0.985227596186123,0.0147662922136987,6.11125622850553e-06,1.47873113743257e-18
3.87125584338351e-07,0.234554013785517,2.59550463940132e-07,0.765445339538434,2.84317410224354e-19
0.0327409820289915,1.3769590236533e-07,2.85836865367165e-05,0.965932203427259,0.00129809316131012
2.44600386590889e-08,0.998885224171052,0.000257720107016953,0.000857031261892794,4.13366336847528e-18
0.446144363950193,0.000616527301644007,0.458702993638841,0.0877836572566728,0.00675245785264923
0.999234245822932,6.98071262998271e-84,5.72384047854045e-06,0.0004561587893746,0.000303871547214821
0.998081899883913,9.04924998751602e-18,1.15591040336616e-08,0.00018161438831983,0.00173647416866296
0.00712672553869863,1.41738094174566e-06,1.16097007590042e-05,0.945825125941788,0.047035121437813
0.00137111227173654,1.06633144591286e-06,0.138817902852696,2.45990827386545e-05,0.859785319461383
0.996260181011364,2.52079039006291e-11,0.000935239568694649,0.00128215587151665,0.00152242352321622
0.0135052523363333,5.68033759759661e-08,0.75384159470996,1.32051295542462e-05,0.232639891020776
0.0144914471935043,4.13856931628561e-07,0.000158460240493902,0.00733112060044759,0.978018558108622
1.50823392840663e-06,1.0720552282925e-05,0.999987751737665,1.94761231921417e-08,3.38325978897002e-16
3.32858751343759e-09,0.999791432926133,4.74687916699071e-05,0.000161094953609536,2.45133203177841e-19
5.17170609468189e-05,0.368118089747703,0.626826895719221,0.00500329747212858,5.64843035197866e-17
0.00234218810634748,0.0251225022293771,0.00336399422645146,0.964267693064361,0.00490362237346269
0.658042624121427,2.61285152774779e-05,0.0357235743765618,0.137708494164614,0.168499178822119
0.881973841738893,3.46521740622967e-10,0.000252071029957625,0.00138201976937586,0.116392067115252
0.0168725900032957,5.1088075972977e-06,0.0029172736347368,0.111805784276196,0.868399243278174
0.000719047327926767,6.61841875653315e-05,6.24258871790507e-05,0.999152342597326,3.13069295000061e-15
1.85618458645775e-06,0.954011666886897,0.0459288483433107,5.76285852053375e-05,9.86447338211378e-16
0.000488575557322077,1.70131784300006e-06,0.153277557376736,4.1341700767369e-05,0.846190824047331
6.27047456923845e-05,0.117466140907613,0.0228467586615263,0.143449864270017,0.716174531415152
0.000405938145115896,0.866186074310405,0.0150359021843486,0.0895341859823026,0.0288378993778284
0.0888316743377398,0.00727066204374835,0.352842081645654,0.520333348622471,0.0307222333503866
0.000791213059857862,1.11336214440087e-05,0.773935217113364,7.4002257184429e-06,0.225255035979616
0.999807971935951,5.30818309923839e-14,1.08435904754486e-05,3.50745232655676e-06,0.000177677021193848
0.920104050129337,2.86271416303772e-05,0.0550308276491165,0.0245799044953396,0.00025659058457604
0.000636344487399018,0.000883824298284987,4.21446012871077e-05,0.997504783320694,0.000932903292334998
6.05419546800952e-09,0.999165142665074,0.000803611324945856,3.12399557852113e-05,9.38113563666108e-19
0.0339694580811107,0.00121576999465902,0.0105811178155435,0.775553935005468,0.178679719103219
2.91143557063479e-09,0.0165164182081987,0.983473481594935,1.98858269231602e-07,9.89842716199138e-06
2.90133983315025e-08,0.99915756158618,0.00018794712514597,0.000654462275275909,5.36578253195493e-18
0.00169945573312328,0.12290127649179,0.774140306405136,0.00839870509778987,0.0928602562721613
0.995836179828034,7.43552879860437e-09,0.00122906789142305,0.000139978898549732,0.00279476594646484
0.0898701119635618,0.000287633772112592,0.484231303905379,0.425610950358946,6.64845196177059e-16
7.72920217763057e-05,0.000501135235373312,1.37403042315903e-05,0.999297562585816,0.000110269852802511
0.708239773535902,1.77055844278604e-08,0.000259057471007984,0.0560668809765848,0.235434270310921
0.000516221015865204,3.75282558416465e-12,0.00117195370497682,5.88228958062245e-07,0.998311237046447
1.1757516274402e-06,0.87583256807148,6.52300046828226e-05,0.124099735341413,1.29083079671966e-06
0.355204580943096,4.06022735194667e-11,6.3347500831894e-06,0.644660295181014,0.000128789085204789
0.105085543467519,0.00366928896552019,0.760658233493262,0.130586934073521,1.78037113963749e-13
0.638334456696747,5.6048908879131e-79,3.32676322711087e-05,0.0111060846050768,0.350526191065905
5.52679993799955e-05,0.0609911289814865,7.49322446273364e-05,0.938878670774506,1.10078098833487e-16
0.174756985229852,3.46911599665583e-08,0.00156904784700574,0.00152969149293205,0.82214424073905
0.000482446385521701,0.000325750450286109,0.998951673060397,0.000240130103753317,4.18436804834563e-14
0.999425168027584,6.13411150819402e-10,0.000195349534356367,9.19284965446967e-05,0.000287553328103831
0.000802530355697025,0.0225617220600567,0.0241479257219404,0.882365477496619,0.0701223443656867
5.37814193769612e-05,0.669364382835095,0.229187536317084,0.101394299428443,1.53272389665411e-15
0.0363763599800239,2.64644229148808e-06,0.951786608889331,0.00707498245305853,0.00475940223529525
0.101480658590072,2.63091066490996e-05,0.0572170833683997,0.00773949389396731,0.833536455040912
0.840919041718713,1.49059372842012e-10,4.51071527403638e-06,0.0523918208782789,0.106684626538675
0.890750007392229,8.63178871419438e-11,0.00120779850659741,0.00410229900898929,0.103939895005866
0.943246759366936,1.17613671735168e-09,0.000115512319735365,0.0499989197011458,0.00663880743604591
7.59620307168387e-05,2.02392253783515e-06,0.724007481093923,7.1033720480017e-06,0.275907429580774
0.0025064300056569,0.00744433796277757,0.0461295799918725,0.238609742678989,0.705309909360704
0.00366845370775425,1.32629898919545e-05,0.00746045656737571,0.0006247350564257,0.988233091678552
0.999097080821908,6.51706209015715e-83,3.6806587476715e-07,0.000902551112217067,4.14284957021338e-17
0.000859507992537354,3.9864102368314e-05,0.998533133411248,6.46120192306468e-06,0.000561033291922875
4.67170518260334e-07,7.40914873731791e-05,0.996497796578005,2.52624954424495e-07,0.00342739213914941
3.21416752828034e-07,0.0133124872962475,0.986684720999945,2.47028705435112e-06,1.15558742784367e-16
0.000247713005595737,1.20356258144001e-05,0.999636938351901,5.93313925793222e-05,4.39816241090981e-05
2.69787405846785e-05,0.00072154203785516,1.60867070223709e-06,0.999199292721579,5.05778292793953e-05
0.981745812621263,1.13228319832662e-81,3.38842691184338e-08,0.017645540722382,0.000608612772086357
0.998169053445656,5.12188985217252e-85,4.39666808778366e-07,9.15099839913793e-07,0.00182959178769541
0.0504095142134076,7.61960464023886e-06,6.15509242391936e-07,0.920493436385925,0.0290888142867852
0.00145333419842744,3.01151240370275e-05,4.5168989443625e-05,0.0484599095512112,0.950011472136881
0.00226796708459321,1.17081786106078e-06,1.26175431190911e-05,0.996867644001767,0.000850600552659198
0.00789160167861463,7.09387173423534e-76,3.40509366887493e-06,0.992099600892179,5.39233553755161e-06
0.191330084672803,9.80662385075171e-05,0.801042025360143,0.00752982372852014,2.59944216464901e-14
0.0172703563991419,1.23152729995192e-07,0.000108845898289075,0.00065127798149158,0.981969396568348
0.997208360728282,2.63204012251749e-11,0.000416669071649603,0.00232648901200605,4.84811617417148e-05
9.19951694186725e-05,0.021735611174853,1.18332142729109e-05,0.978160560441455,1.77193464811192e-16
0.214413932337763,7.49976485628839e-11,0.00284230117223012,3.5216826538018e-06,0.782740244732356
0.000799099408438074,7.66536150524323e-75,8.97850227646708e-06,0.999191922089285,4.66963774694156e-18
0.000453257684473556,1.22136138275194e-07,8.82064321314369e-05,0.00330997533411046,0.996148438413146
0.00143138664980108,1.02624094698322e-07,1.27655734328741e-07,0.998565309422575,3.07364779475231e-06
1.38515972323631e-06,0.977991376718063,0.0214550250255064,0.000552213096707435,1.71057734067746e-18
0.000757581924031782,1.16772625909685e-07,5.18856958356622e-07,0.999222334808432,1.94476379515996e-05
0.0224094667643335,0.000192405390177253,0.592310536546503,0.0356038305311001,0.349483760767887
0.0010379567003264,3.28046756399819e-07,0.00688258944727246,4.35970554865616e-05,0.992035528750158
2.57269924600667e-07,0.977946521276246,0.0219907484586337,4.94957009859939e-05,1.29772942093167e-05
0.0148522977654842,2.98700045197546e-76,5.17091138280605e-07,0.985141997165298,5.18797807973497e-06
5.09776634247994e-06,1.8456160396902e-06,7.23080574404874e-08,0.999991667535386,1.31677417448084e-06
0.496879735990929,0.000861183430599387,0.374761579318955,0.0762138881706517,0.0512836130888652
1.29379567019835e-07,0.994487833112091,0.00325912055792881,0.0022529169504137,3.01108643913699e-18
1.32704681219991e-08,0.972126741770553,8.08054453908419e-07,0.0278723497588828,8.71456421210921e-08
0.17774939814357,6.54800724411982e-05,0.0203892968906257,0.0888027672461609,0.712993057647202
4.57564970071285e-07,0.983074958032703,0.0159710025719267,0.000936803606342696,1.67782240572863e-05
0.000866087852997402,2.74911258318658e-09,1.56702340455667e-05,0.000868179615080809,0.998250059548764
0.019631309118728,2.3387492179718e-07,6.0901970090007e-07,0.98036561605068,2.23193596982895e-06
0.012478964128252,1.25660514285667e-16,5.25182173099438e-06,2.70022379874389e-07,0.987515514027637
1.28947971195586e-07,0.997763491673543,3.96410571037095e-06,0.00223241527277551,2.98683168896792e-18
0.0137368082343948,0.0212568710136583,0.0174574567929387,0.947548863959003,5.69546671634096e-15
0.470139112873012,9.94858201225061e-07,0.501015955704307,0.0288439365644799,1.64099056756822e-16
0.0856272816469163,3.65036485444291e-07,0.000111935568403024,0.628411791857714,0.285848625890481
1.10137435057813e-05,0.000190932851674453,2.20922252855439e-08,0.999692988333304,0.000105042979290478
1.72446082497891e-05,2.36522850433178e-06,0.145443226029583,7.20530734771758e-07,0.854536443602928
0.000746933600236315,4.80995833569239e-05,0.915051946673002,0.000225129891343534,0.0839278902520616
9.36444226954727e-08,0.0321734319421589,2.30099241351299e-08,0.967826248296024,2.03107469721184e-07
0.713473495696497,6.58456260142347e-08,0.136247404295099,0.000632425011467564,0.14964660915131
3.78893040273802e-05,0.01954354814009,0.000211037890535077,0.980207524665345,2.70395285404071e-15
0.00140421330927704,0.166063381192062,0.285155587467509,0.465030937150626,0.0823458808805263
0.0116586867161274,4.78150979574785e-05,0.000497065215859258,0.987723409985104,7.3022984952327e-05
0.0132872312324426,5.85418054018636e-07,1.77832915486895e-05,0.986694400057955,3.28513044056389e-17
0.00390826386351653,1.54861264260519e-08,0.0192355771569075,1.57554388381878e-06,0.976854567949566
1.02332493288397e-09,0.999877941311173,0.000108857372814716,1.32002926876151e-05,5.50959027010052e-19
0.0256519631278669,1.93061582828211e-06,0.00137440483958332,0.00260591918296052,0.970365782233761
0.000421294921111645,0.678710830327403,0.00267331411402433,0.318194560637461,8.15690687529999e-17
0.997878410028735,1.69265438460727e-85,1.17125786579854e-07,1.79055278303034e-05,0.00210356731764856
0.00666511141950689,0.174689947643864,0.380810329814062,0.437834611122567,4.4673255866519e-16
0.00219599235134014,2.44071149075286e-74,0.0171322058337138,0.0010215438978309,0.979650257917115
0.865171613738104,6.38900877569755e-75,0.0191869294470395,0.0895698551289115,0.0260716016859447
0.166011745569408,4.00663504368989e-06,0.00264632833897129,0.0727791143422694,0.758558805114308
0.656645020823878,8.30670372478597e-08,0.00348891664433469,0.26026858383729,0.0795973956274604
0.0939993273230373,1.5322199780665e-08,6.32204367765964e-06,0.876623751278762,0.0293705840323238
0.00710867462926639,0.000517460452573273,0.00517403539119801,0.00515524551424517,0.982044584012717
0.979965946995152,2.31956034435819e-10,0.00488339806315541,0.000374642048874596,0.0147760126608622
6.75300141012099e-08,0.996052313712318,0.00356413134124079,0.000383487416427203,6.82312331676191e-18
6.22456037516047e-08,0.953160701094862,7.06129728224394e-05,0.0467686236867121,4.62959597023525e-18
7.65667787780955e-05,1.20396092979557e-08,0.995717425701174,6.47945514467687e-09,0.00420598900098294
6.8900229410291e-08,0.977696792896389,4.45771927510153e-07,0.0223026924314543,1.57350343605115e-18
1.8320133482153e-07,0.000279606113425819,0.999719852451355,3.5823388460143e-07,1.3099370258441e-18
9.18836923486515e-06,0.129797387225779,8.08625079434409e-05,0.870112561897042,2.08082851797158e-17
3.66439807757763e-06,0.100150355591153,0.886231045397821,0.000175580287352534,0.0134393543255956
0.000114256273046834,0.0566097795244877,0.938320904306689,0.00495505989576042,1.60971219951087e-14
0.000104432442621933,2.20803234889557e-06,0.747365933916212,7.44426981803547e-07,0.252526681181835
2.72438760422797e-09,2.19054509646943e-05,0.999978091719746,1.04901326543718e-10,6.82526535163175e-20
4.84913197809907e-05,0.772242613533458,0.0644543989652175,0.0607353966076746,0.102519099573869
0.688896049906987,1.28281277436655e-13,0.00510460418171479,1.24497260102865e-06,0.305998100938569
7.67956941099791e-05,1.31678562699262e-07,0.005212383158454,4.92330627345465e-05,0.994661456406139
0.000298980673544754,1.70100188347508e-06,0.999699211203944,1.07120627563273e-07,1.09848437602712e-18
0.999381188487859,4.21495409614428e-17,8.64386687102323e-09,0.000608296425231641,1.05064430425213e-05
1.61865978305994e-08,0.998179616067631,0.00181770167694068,2.66606883023073e-06,3.08102133807599e-19
8.30450768661371e-05,0.00697718202376292,0.915589953730538,9.42169588391984e-05,0.0772556022099941
9.32414638266281e-06,0.496809730134491,2.39348426862186e-05,0.50315701087644,1.73615834718167e-16
1.5329460881582e-06,0.920665800718387,0.0686193324882816,0.0106617828320585,5.15510151851265e-05
0.00573139767851109,8.02650394579108e-10,0.735715696111816,2.25255444301023e-08,0.258552882881478
4.59179401658423e-05,0.0118774279656079,3.34334393503812e-05,0.975532342737906,0.0125108779169703
0.798313669858311,8.28638460919063e-08,6.94760347430273e-05,0.200481611663427,0.00113515957967175
0.00275189218698618,0.0060662780068208,0.00113899217024466,0.228301246091008,0.76174159154494
0.000548467795544949,0.00428656510092513,0.985980937959497,0.00918402914403162,1.57903179761533e-15
3.24496790434969e-08,0.947149032599431,0.0527569527417619,9.9726832820557e-06,8.40095258465993e-05
0.0155222651684548,8.51004891300979e-05,0.000184753087548208,0.982303381457314,0.00190449979755305
3.61334237064976e-09,0.00671952695099029,0.993280465490058,3.94560948321153e-09,6.6959252275292e-19
3.42652319895848e-06,0.0456027993097688,2.42917599186326e-05,0.954369482407114,1.12610803815832e-17
0.0536122831518533,4.06995987403048e-75,2.61286286497198e-06,0.945371631005069,0.0010134729802126
0.000131274728345581,5.43156297759658e-05,2.79659924379829e-05,0.999756032123458,3.04115259824602e-05
9.59451414519656e-08,0.952149258772196,0.0476314066069238,0.000210042600390224,9.19607534802795e-06
0.444089526117858,2.1363413769045e-09,0.524130811064674,0.000451992191111685,0.0313276684900151
4.09003393547443e-09,0.0179149236889011,0.9820824563708,2.39906813352116e-08,2.59185958368234e-06
8.67992905030102e-08,0.000369427248561007,0.999629810339659,6.7561248905503e-07,3.47043724214299e-17
9.20972958922217e-06,8.95088079908589e-07,0.999871971434642,4.50592048959188e-07,0.000117473155639777
0.000114682826942128,3.04598633255775e-06,0.999880948506687,1.32268003806899e-06,3.534652443795e-16
0.003865050945997,0.000181626563394265,0.0037703697456531,0.689475843557028,0.302707109187928
3.69419741585635e-07,0.0072634278907377,0.992722398549793,1.38041396801078e-05,4.75964052445248e-14
3.61133583137771e-05,0.793613610725413,0.203354755220209,0.00299552069605359,1.06253327153529e-14
0.351230737802575,4.95830137644028e-09,0.152577396494694,6.54120525036173e-05,0.496126448691926
0.0480761892202978,3.38841266818645e-05,0.00129263535616415,0.703430765913975,0.247166525382882
0.00722108994897146,1.19365451058637e-07,0.975622284675846,2.53987720377659e-05,0.0171311072376937
1.99402696583372e-05,0.990950158868643,0.00545005619975428,0.00357984466194406,2.31948701715546e-16
0.0123602925718048,2.71743509200498e-08,0.930786913765141,9.19407369137081e-06,0.0568435724150116
0.00148023006017235,3.76693632125067e-06,0.00139854258801554,0.0105593809185574,0.986558079496934
1.89245946891614e-05,0.00363590137351369,6.36705420963325e-07,0.99623344343173,0.000111093894646636
0.226437347858299,4.44380645055635e-07,0.763792226401701,0.00851898425099772,0.00125099710835791
3.59297719056758e-05,0.00114163096346814,0.995690779248905,1.17550355109918e-05,0.00311990498021047
0.0104461768998731,1.34260251160108e-05,0.987154189853182,0.00238620722181236,1.62484064170598e-14
4.40812820383348e-07,0.973434937045674,0.000839468173702709,0.0257251539678028,9.13266706425278e-17
0.980670601706603,7.8970239295963e-14,1.6433507412522e-09,0.0191074150935415,0.000221981556426056
0.000477892578818158,7.4497946632006e-06,0.999506249745457,8.407881057713e-06,3.58139966118653e-15
0.000270155142060992,2.65219964367314e-06,0.999724258970999,2.93368729604817e-06,7.82652758583373e-17
0.00139615387322105,3.84362690412545e-09,0.0612886963414957,7.45559992860655e-07,0.937314400381663
1.3730526124108e-05,0.154939032599961,0.000415717771764414,0.84463151910215,1.10856681230069e-17
6.05108647781521e-06,0.00707837092991825,0.992698146542382,0.000190976165751958,2.64552754701367e-05
0.00078082988153043,0.00713421875450992,0.000534897390053093,0.991418107616518,0.000131946357388241
0.000233990653108944,0.160624614080534,0.00207511845194446,0.392425575248431,0.444640701565981
1.06796100851272e-07,0.913302010279173,0.0866969642738278,9.18650898448964e-07,3.54922614797249e-17
0.123298786373577,1.88002846941968e-11,0.00196020637485769,5.33587700949681e-05,0.87468764846267
0.00474989796188582,0.000119820942748089,0.43952268289792,0.000112759480917131,0.555494838716529
0.556688934052855,3.3925161895351e-09,0.00838174229260768,0.0111424323455495,0.423786887916471
0.000678527528868376,0.0180734047315977,0.0187037595826303,0.959050121591737,0.00349418656516645
0.0001595096627553,0.149697244906917,0.000923377384594117,0.847467739473728,0.00175212857200574
0.836096759821869,4.76965775761099e-13,0.000271358158049345,8.93291018565369e-05,0.163542552917748
6.26628175304499e-09,0.998437332591205,1.99486978669377e-05,0.0015427124446462,5.46819035871616e-19
0.14629931793658,8.05662636095433e-07,0.000185252100298952,0.0865447554196655,0.766969868880819
0.56418182563109,5.21771780090053e-08,0.00163283032442352,0.434185291867303,4.68545117055505e-15
0.252782375732539,1.14147367288587e-07,8.86769955684926e-05,0.745114194036976,0.00201463908754906
0.0011650355848441,2.55963435393256e-06,0.588352634202841,0.000118431694381484,0.41036133888358
0.00114972073569618,3.07160364202519e-05,8.66643548688277e-06,0.994681578445374,0.00412931834702295
1.18789824255886e-08,0.619604272533505,0.380390868566861,4.84702065124614e-06,1.32819810301244e-16
0.0708510883580985,2.5751027470603e-07,0.000199038377019787,0.132831485520936,0.796118130233671
0.61212068669105,3.07363082325867e-14,1.16850550129588e-06,0.000164347353927822,0.38771379744949
0.0412185512500439,3.0131716088338e-05,0.000110925491617956,0.883743767707871,0.074896623834379
0.0128712821584689,1.85217965190069e-07,6.98727263459448e-07,0.983299731406628,0.00382810248967492
2.06047933545205e-05,2.55157339072225e-10,0.000361061974381329,1.23112022059489e-07,0.999618209865085
0.367209956313122,2.9018354737963e-09,0.00116982917085855,0.603423401744962,0.0281968098692222
0.000191231551418945,1.43094138467326e-05,0.342538654354491,1.1047977180405e-06,0.657254699882526
0.0017029230488452,0.000416801882885794,0.253301562341011,0.00259450830057283,0.741984204426685
0.10729072637576,2.83661316215561e-05,0.00129522463347292,0.111699026064467,0.779686656794679
0.00051133561635371,2.20619358805381e-09,0.998387435306383,1.09489891826319e-08,0.00110121592208015
3.99017720870128e-05,0.879362069190497,0.0581861176712321,0.0114782366480675,0.0509336747181162
5.86452434349538e-08,0.865697044799271,2.22395609546084e-06,0.13430067259939,1.26614103624586e-18
0.000149027142556056,0.0569115365175968,0.000230709127754695,0.942708727212092,5.98646737341731e-17
0.000350405995090237,0.164532395959802,0.00260514689728654,0.832438890812328,7.31603354933584e-05
8.66495103390771e-08,0.998245167293023,0.000253881561110465,0.00150086449635599,4.70357568488104e-20
0.343786737290291,5.65641434818187e-10,4.85235625012107e-05,0.514568375994022,0.141596362587545
0.00815816869719089,6.13659271550815e-05,0.934781586855061,0.00056447586130657,0.0564344026592871
2.94483681066695e-09,0.910045571033326,9.27718644164893e-07,0.0899533430105672,1.55292625386517e-07
0.0972600805999013,2.42729261351631e-05,0.798579672590349,0.00253868139271049,0.101597292490904
0.99993726152721,3.98139855348675e-85,9.42853592261005e-08,1.76562479641597e-05,4.49879394666736e-05
0.0010454658412886,0.25979472645316,0.174989382226252,0.564170425479299,7.90442151932449e-17
0.999654937839539,2.49838089948678e-18,6.89285066856756e-09,0.000332975520563848,1.20797470467153e-05
0.523212027422181,6.5803375070762e-08,0.0856901005241342,0.390763044333372,0.000334761916937873
0.000114718400868932,4.40220040830531e-07,1.06179910853892e-05,0.00106465277828081,0.998809570609724
0.00746255661559828,0.000511832656822274,0.00676601655234821,0.911425814797586,0.0738337793776448
0.00156037985043657,1.42406621909524e-74,0.00161086765777733,0.00303238882161428,0.993796363670172
0.00573846488447978,6.90450723779555e-06,0.00780306737594183,0.0323911887065254,0.954060374525815
0.0171848497954697,4.04136727664975e-05,0.000341319419621161,0.982433417112139,3.3217638064385e-15
0.0447994456186677,7.91098355199495e-08,0.0821521896362372,0.000363012206111948,0.872685273429148
3.47384151272805e-05,0.000173224838723314,0.99878245586186,4.04754429401663e-06,0.00100553333999531
9.63098302822148e-06,0.794827364917539,0.000929464627016149,0.204233539472416,6.51154684964968e-16
1.36477173573392e-08,0.0329348434285911,0.967065111660357,3.12633337285853e-08,2.56945395837296e-16
8.89851602636265e-07,2.44615468735337e-05,0.998279255151498,1.75929164535598e-07,0.0016952175208614
2.37675651149532e-08,0.00579787090053834,0.994202064657577,4.06743190857781e-08,1.10303638759946e-16
9.82726852550828e-05,7.20163614484907e-06,2.12387279390854e-06,0.999888823290817,3.57851498922356e-06
3.05456620755268e-05,0.0234811830127645,0.945809493869347,0.000358580889186814,0.0303201965666259
6.83025377882898e-06,0.854853327060782,0.110233399836876,0.0285330845860352,0.0063733582625284
9.14267806203545e-07,0.00482045302598572,2.31339145774881e-07,0.995177541580964,8.59786098395243e-07
9.05651285106477e-07,0.202721406320642,2.38547415906659e-05,0.797253833286482,4.44402540393138e-18
0.000161020536006484,0.403095659616366,0.00526116396136552,0.591482155886262,8.55050786603713e-17
0.000511163043973809,3.71612756613209e-06,0.0044526617290185,0.000861958366693102,0.994170500732748
0.638676742861816,1.55122135099046e-77,8.77945351396223e-05,0.187988711590552,0.173246751012492
0.0034783559765165,0.00013145697956222,0.0098874070408744,0.981964424645882,0.00453835535716543
0.974598231263972,2.56481812620956e-10,0.00200290888719823,0.00163873368592074,0.0217601259064267
0.000148313156700065,0.629246661929887,0.00150132725317524,0.369061374923669,4.2322736568332e-05
0.990000911244726,3.12287871238401e-15,1.85730908227368e-07,0.000105537438453122,0.00989336558590954
0.000506788888249444,1.45477068982413e-06,3.62553228198212e-06,0.0907649703085963,0.908723160500182
0.88765555099408,3.10870727054605e-08,0.00220683990513065,0.0439916463303352,0.0661459316833816
0.0135489252715383,0.00119526541028041,0.132701074799285,0.852554734518896,6.45803094465072e-16
2.5574049385374e-05,0.590726258480916,0.24731282488758,0.161935342582119,1.71150621588896e-16
