0.0548938397304348,2.22890357580153e-05,0.0369373115987184,0.900377304409815,0.00776925522527396
0.0687347717395802,0.000162598634629927,0.429168494401445,0.499677562675305,0.00225657254904047
1.02690091895115e-09,2.64393702400347e-174,0.0165334108765931,0.0366960240645361,0.94677056403197
0.0141127160368877,1.77154443423039e-07,0.0100333311517046,0.721389171038056,0.254464604618908
0.951571583024372,0.000986308961540984,6.9671193317343e-05,0.0473723177869736,1.19033796237377e-07
0.000532211999305665,5.10436665375205e-05,0.071281011961198,0.927073497490615,0.00106223488234428
0.0016603519794351,3.65857752728569e-06,0.000411363120091317,0.997917668569341,6.95775360492472e-06
4.07238108385222e-11,4.25609833527202e-175,0.00456876926286121,0.0023960623913248,0.99303516830509
0.966302388693636,8.3300568505347e-05,2.09974514179875e-05,0.0335932978610754,1.54253649710263e-08
0.456463897502255,1.67679431014979e-07,4.05837754625027e-05,0.543458518858278,3.68321845735109e-05
0.00807577158597223,2.82195180175847e-11,0.0142572490317831,0.0788298524167239,0.898837126937301
0.0743229501538906,0.878421830223297,0.0239125758653635,0.0233417055463168,9.38211131668196e-07
0.618014526393571,0.000584258957553203,0.123859662876689,0.256395018699655,0.00114653307253207
0.00259285120195036,0.874499024555949,0.122472467182204,0.000435028943477979,6.28116419077062e-07
1.86883318463025e-06,1.0185728787186e-06,0.712913328042025,0.0111351624726383,0.275948622079273
0.996656557057478,1.34081611523919e-06,2.73225248216509e-06,0.00333907878287967,2.91091045014349e-07
2.85534360895626e-07,0.997684921578063,0.00231479229536097,5.91492501226497e-10,7.22651364959701e-13
0.000143498189156556,0.986475585113292,0.0133798648052692,1.05162981304798e-06,2.62469041232275e-10
0.0254500614837547,0.000809952428251684,0.910140667995248,0.0569137843695466,0.00668553372319947
0.000194557484683059,0.67044080771071,0.329014949101734,0.000349675426562841,1.02763102313947e-08
0.93804914755579,0.0589222758930827,0.000573134387047329,0.00245528567062309,1.56493456627862e-07
1.38165103703142e-05,1.30697180580385e-169,0.015716772496488,0.956950668666194,0.0273187423269479
0.101059727140203,4.61255356814311e-09,0.0076236462861946,0.7853327095537,0.105983912407348
0.0512172756893626,0.316619647731743,0.590230434817659,0.0419270700323261,5.57172890953124e-06
1.3575262020005e-06,4.11141032546579e-08,0.783158643057196,0.00581467294399291,0.211025285358506
0.000293005248231292,2.76478148985137e-08,0.935587224903825,0.000596710276102947,0.063523031924026
6.74279719505047e-05,0.00737781982713625,0.986934883801867,0.00517347716826557,0.000446391230780293
0.0150939324397681,0.0292249122536005,0.697647125311316,0.25802194508434,1.20849109758172e-05
1.80618962483945e-05,1.55917285701574e-10,0.00589135886097425,0.87087344848693,0.12321713059993
1.42346100762386e-07,0.999980502976538,1.93546740723681e-05,3.28665358502112e-12,2.12126377639393e-15
0.00760644216421152,0.0118160747959675,0.0226477879223105,0.957921980528709,7.7145888007848e-06
0.995036381862849,0.00494535098421431,5.92917450786409e-06,1.23378563707342e-05,1.22057985857839e-10
6.19414877818765e-08,1.32529228635127e-176,8.94795253186233e-05,0.00154609947973271,0.998364359053461
0.993162921119185,1.10005956037946e-05,8.39690078509072e-06,0.00681766360810737,1.77763190816908e-08
0.00221037262352182,7.73719983083371e-05,0.632134693564775,0.364515198341532,0.0010623634718624
0.000223079275524605,7.52905524768206e-171,0.000500047772925826,0.964496108212105,0.034780764739445
3.9867326298587e-09,0.990375363712802,0.0096246322818973,1.82777897597519e-11,2.90416064453731e-13
0.00692174414545889,5.84608613534277e-06,0.155056702711464,0.826017280108628,0.0119984269483143
0.987797112765762,2.78245217902591e-08,0.000361130502515673,0.0091491510711917,0.00269257783600918
2.66569229951652e-06,0.961942017954973,0.0380552223715364,9.38597260858589e-08,1.21465104924138e-10
9.90528582205136e-12,1.9599977988317e-179,6.11639310189769e-05,0.000271200050193022,0.999667636008883
6.96134964138023e-09,4.75726695790992e-14,0.00201899956836319,9.75850756565973e-05,0.997883408394583
2.75195554497451e-05,2.35075212197339e-10,0.0505525730668353,0.198620416899464,0.750799490243176
0.383743495816998,0.000169546642656275,0.612613165097185,0.00305251847455187,0.000421273968608397
0.00328143004486419,8.05609009727266e-05,0.551640540897077,0.420221276415309,0.0247761917417769
0.996900832667668,5.85167791147018e-06,1.91074233131924e-06,0.0030913878604206,1.70516691272218e-08
0.000525136145331296,1.19913954785187e-07,0.000641721618162331,0.998739675758262,9.33465642898108e-05
0.999157191713531,9.19604564745065e-06,4.6421954783228e-08,0.0008335654197577,3.99109382629997e-10
0.0727709004807863,0.000460750536739552,0.0413414791247736,0.885194212074734,0.000232657782966635
3.94297401819715e-05,1.49880470183782e-05,0.974761716016143,0.0222329258598911,0.00295094033676595
0.021583149608173,0.00211448749676376,0.896123844227956,0.0676613019224274,0.0125172167446796
1.42920034866403e-09,8.22149346188754e-14,0.00797552471673641,7.0173007142386e-06,0.992017456553267
6.94267935515827e-07,0.98605937167215,0.0139398204928611,1.13467362649111e-07,9.96902519595066e-11
0.00137851285107738,2.76753107831069e-10,0.0174774057287103,0.00791434959812685,0.973229731545332
4.16270996771624e-08,1.66986795921564e-175,0.00190730329120456,0.00168158977305861,0.996411065308637
0.945699942270802,1.40828631984168e-06,0.00215672801416262,0.0503589403682226,0.00178298106049251
0.0132754547851973,0.0410316476841319,0.944478250670266,0.0011958126613688,1.88341990358442e-05
0.0105685819133681,0.853440660302805,0.134427621578253,0.00156291831325152,2.17892322155812e-07
0.0821661055140828,0.916567001621321,0.00123995757009273,2.69317544881416e-05,3.54001543061078e-09
0.99968371558478,3.86356849611959e-05,4.0427171998347e-07,0.000277244422511687,3.60272325088459e-11
0.16112304013144,0.0104396463713496,0.765872129173014,0.06218456528949,0.000380619034705906
0.993651999675808,7.75620138884194e-05,1.27079766719098e-06,0.00626916108204544,6.43059118018907e-09
7.36531638271144e-11,1.32701700585308e-13,0.0220765233108104,0.00444844119345899,0.973475035421945
0.598667597933994,0.167080088970775,0.03830842722047,0.195941426460558,2.45941420369165e-06
2.27090205880718e-08,1.35854307242858e-08,0.23914854845104,0.00449399180429737,0.756357423450212
0.88210994030832,0.100049671878401,0.00235818445652709,0.0154821676911737,3.56655783890751e-08
0.365907884843273,6.34623901950274e-06,0.0119725249215166,0.585086069288675,0.0370271747075161
2.99630239969777e-08,8.79252310494971e-176,0.000248058722076781,0.000762437782039051,0.99898947353286
0.22630626591599,2.19025268511858e-07,4.18136689708587e-05,0.773536932887978,0.000114768501792821
0.00151501403877523,2.82597231875942e-10,0.00728981291123569,0.0055465562588829,0.985648616508509
0.0248412003534629,3.839769767856e-08,0.209563506262855,0.0516959969279327,0.713899258058052
0.561496167148498,0.000398657632518439,0.00113996896048854,0.436962094788114,3.11147038186526e-06
0.00601776774289113,0.889338221016432,0.104136011918631,0.000507986673995451,1.26480503061649e-08
0.000321181507395055,9.17500230052209e-11,0.0195333475864978,0.0242880409101887,0.955857429904168
0.00110115091496374,0.920898397109024,0.0776474884041936,0.000352487137684207,4.76434134148348e-07
1.28931763950899e-09,9.18536011181371e-11,0.321807352333411,0.00104224423914906,0.677150402046269
0.000473287649280614,0.0520939245614754,0.92106070802958,0.0263645445139483,7.53524571531484e-06
1.16271803179773e-08,4.03689855447835e-13,0.0190467950438375,0.00437439992566546,0.976578793402913
1.58844582896936e-05,1.17891470326893e-11,0.0126549501996022,0.603643504163194,0.383685661167125
2.01378009510622e-08,1.23560095627417e-16,1.43824222773619e-05,0.00329334849107708,0.996692248948844
0.612996557838719,0.1814413276287,0.0146223619896991,0.190939728826022,2.37168590820239e-08
1.07948528973345e-13,4.54504696484913e-19,0.000178810531448021,9.96149514683297e-06,0.999811227973297
0.00327728846539788,0.708243708179392,0.287839923572171,0.000638081116627064,9.98666411933634e-07
7.43382698809753e-06,8.67568017715529e-173,0.0117059965316188,0.00269325707913756,0.985593312562256
1.03605204487721e-05,2.55243080069605e-09,0.852007052159531,0.0138599150843982,0.134122669683191
0.00109790012059761,1.03646813406821e-06,0.757168831998411,0.16635331872755,0.0753789126853081
0.982421807322087,1.4213088304492e-165,1.77475390292079e-05,0.0175604234577196,2.16811642617193e-08
0.96553095146814,1.41668495661923e-05,7.47840937707545e-06,0.0344473489961461,5.42767704543441e-08
0.967874352203862,0.00669315566562852,0.00230985824471282,0.0231224920441808,1.41841615965032e-07
0.000359871215366338,0.780631214663369,0.217353221137097,0.00165447509582169,1.21788834533275e-06
0.11006729869391,0.889586638514578,0.00024232573675593,0.000103736921261965,1.33493470171711e-10
4.02347216941679e-06,4.32673660857643e-08,0.0190053885240313,0.93620756052361,0.0447829842128236
0.00318495774858008,2.29134296294789e-06,0.00194101810772035,0.994665237565463,0.000206495235273832
1.63595912477945e-08,3.38996762859097e-178,4.78075925418602e-06,0.00406316312457965,0.995932039756575
0.0278870362474574,0.0186977373698658,0.477894058312885,0.474080554683732,0.00144061338606032
0.0627889684287076,2.3012042099197e-07,0.000162407794537281,0.937027122787874,2.12708684604042e-05
0.035647037682337,6.59498667128576e-10,0.00661063154753061,0.595739465681649,0.362002864428985
1.8597598922442e-07,4.19501687273383e-10,0.613478184173542,0.00722151356237424,0.379300115868593
4.20876109071007e-05,2.80676185711589e-06,0.898118990610175,0.0994383488242209,0.00239776619283942
0.13821394166332,0.00768110485343271,0.836726108882503,0.0171989516299151,0.000179892970829763
0.0509715556170947,0.94670667999808,0.00231704967913593,4.71448739190213e-06,2.18297047294685e-10
0.737641392587117,0.26217680466967,1.4095113004474e-05,0.000167707521201589,1.0900715479817e-10
0.00358705309336214,0.00154617270674059,0.994101809678633,0.000741495126417655,2.34693948467557e-05
0.0056650504599154,0.993569082740609,0.000764392001867215,1.47472674769522e-06,7.08605494475646e-11
3.28450647790735e-06,5.89589827871225e-08,0.826303513836251,3.31075258826538e-05,0.173660035172406
0.00194651291466549,5.11275229097048e-06,0.0130036674173513,0.984868931717651,0.000175775198040998
0.00266943151222903,0.988144290012306,0.00845959541156546,0.000726667711415726,1.53524839780206e-08
0.000205611141923427,8.3220685768712e-167,0.893677444521579,0.0009152242515463,0.105201720084952
0.000795287100097756,1.02746775035063e-12,0.000337129444758783,0.0704117976907148,0.928455785763401
5.20377506264676e-05,8.50439891701611e-06,0.0381736840335907,0.961392743747027,0.000373030069838572
9.1854232948703e-05,1.10454134241995e-08,0.0921821424768262,0.84936635905006,0.0583596331947519
0.976245993530309,2.45230950488215e-06,1.88322634618261e-05,0.0237253389063065,7.38299041739e-06
0.000183096332216351,1.49459761900045e-06,0.100030946040499,0.760741429056609,0.139043033973056
0.086320085118293,9.79561749721724e-166,0.00191004479891057,0.911704886815885,6.49832669111229e-05
0.998637238012079,3.52075877917604e-06,1.02756961160035e-06,0.00135819959908213,1.40604483643224e-08
0.000589025136973281,0.998860230815555,0.000549948793628097,7.95251540931827e-07,2.30252847707889e-12
1.44964567663582e-07,1.24949662977273e-07,0.998403546025915,4.61462180519426e-05,0.00155003784180262
2.7815582840659e-06,1.43677664129724e-11,0.00643692300681562,0.000205738320814087,0.993354557099719
0.262960033913197,0.609252273693187,0.0991667650778758,0.0286199273684229,9.99947317668476e-07
0.71679500777477,2.39335229486105e-05,0.244945776352461,0.0363606064889001,0.00187467586092012
0.99458141371441,0.000361225224276415,1.60794154021873e-05,0.00504127324830804,8.39760305036019e-09
0.000536664687307684,0.0166251388276622,0.977312783239592,0.00550959944372113,1.58138017166471e-05
0.946400612773712,0.000256747979597479,0.000421256520961083,0.052914077837949,7.30488778021055e-06
0.00818461266714851,0.00012799795202372,0.00289616876960183,0.988780082388306,1.11382229201818e-05
0.143183310650621,0.8494097512958,0.00672443079793618,0.000682493939177186,1.33164660114352e-08
3.92759117830995e-07,4.13321636187228e-09,0.084360673484045,0.00865316295655994,0.906985766667061
0.000925003463835616,1.61492590288816e-05,0.0346664626864751,0.964189436237841,0.000202948352819669
3.34546640980688e-08,2.44968827051196e-16,0.000111850159702891,0.000185850694268422,0.999702265691364
3.1956969509124e-05,1.93845908135951e-08,0.903855666587461,0.00292581630249606,0.0931865407559428
1.44186771979789e-05,1.00435044041514e-170,0.708113083313134,0.0116229086125566,0.280249589397111
0.086547972142221,0.0036040855448229,0.0307973477911857,0.87904033311835,1.02614034204497e-05
0.00111459764217566,0.00684763402895586,0.981202205708502,0.0108011758284184,3.43867919481958e-05
1.63659377453603e-06,0.999935996892551,6.23655593274836e-05,9.54273692354255e-10,7.34601549792031e-14
0.163863817206877,0.00317178394366758,0.254601806151363,0.578282972375511,7.96203225812007e-05
0.193330124524652,0.000862411160039729,0.434827576122639,0.356972482077609,0.0140074061150608
0.00879536012437535,0.990429474817522,0.000764854103259925,1.03108415034998e-05,1.13339571012499e-10
0.0217449183439865,5.61359419062443e-08,0.00812866723072793,0.864410688592053,0.105715669697291
0.217978977351451,0.00285165338206956,0.75680974692682,0.0208882290369848,0.0014713933026745
0.587049092237058,0.000371132281543117,0.0692093870269878,0.342706988013533,0.000663400440878397
0.000223822964929764,4.32957387457668e-11,0.0171174003348284,0.00316029938357836,0.979498477273368
0.00404069925389878,0.00014932859358331,0.956506848620993,0.03730094842122,0.00200217511030502
0.00689066774640501,3.06746428274754e-06,0.0160206685561036,0.976103720952356,0.000981875280853117
0.0682421691915387,5.53648425586824e-05,0.873511492754247,0.0446566062234507,0.0135343669882043
0.715137783327548,3.10692070568876e-06,0.00024450378210126,0.284247399839814,0.000367206129831531
0.997721581994835,0.00097629965260218,2.50235956032028e-06,0.00129961503981822,9.53184665730528e-10
3.00059998069721e-07,9.53575016738638e-10,0.949440350900037,0.0197080578905819,0.0308512901958082
0.016912835753752,0.982739692232572,0.000346276666593039,1.19531368681356e-06,3.3395926004373e-11
0.0900078618465485,9.47082450810338e-05,0.817183150567068,0.075448998645992,0.0172652806953103
0.985576910298816,8.41126770074011e-05,0.00133391427282843,0.0128960144977362,0.000109048253611962
0.999427608969862,1.36111965930374e-05,1.14222974399993e-07,0.000558665448824372,1.61746117950213e-10
0.0457318117348882,6.62679726494662e-07,3.02137983084118e-05,0.954233730946689,3.5808403883662e-06
0.0484994303555445,0.946384603545313,0.00509345940382379,2.25062736471142e-05,4.21672186482061e-10
0.000650187874610273,1.23297509260615e-05,0.177097412345907,0.677783221415494,0.144456848613063
7.64823645701557e-06,0.948790438980802,0.0512018769443196,3.56798423028299e-08,1.58578962054293e-10
0.000397398104555281,0.732997313074974,0.266561104383091,4.41211836364746e-05,6.3253743968483e-08
0.994935510255664,9.11961658739716e-05,4.42103784844459e-05,0.00492906402882235,1.91711557248616e-08
0.010502811690322,3.95470885374745e-164,0.919664089649064,0.0692109082231805,0.000622190437433513
0.990412396500498,4.47624771209743e-05,1.91956251642772e-06,0.00954090954537332,1.19144914894024e-08
0.666723869370647,0.0591987108297981,0.129359841768026,0.144705731874032,1.18461574964296e-05
0.00771125686653395,0.990464626787622,0.00178690811941917,3.72081136333038e-05,1.1279200028051e-10
4.63308256671731e-06,8.64014396434146e-07,0.106290136715742,0.646390366806777,0.247313999380517
0.000134798963206642,2.01170616974657e-171,0.00398466115028871,0.00946060440759579,0.986419935478909
9.33349770284562e-06,2.77355169987326e-05,0.999961266780055,9.35353202679814e-07,7.28852040634771e-07
0.0713218627144161,0.925811656126448,0.00245348720680881,0.000412993718228939,2.34097920935619e-10
0.0369743549788085,0.00198854986769467,0.732519740010436,0.228157917890883,0.000359437252177203
0.00068034431251562,6.22847590332394e-05,0.74872450726141,0.224542500482436,0.0259903631846045
0.189335028405971,0.810247970500295,0.000412520277357089,4.48061117817664e-06,2.05198370814444e-10
0.989868755747173,0.00299101856974513,1.36509303184872e-05,0.00712657427830483,4.74458725803009e-10
0.273494142237327,0.000303580738604106,0.00202019075971705,0.724152079784506,3.00064798456821e-05
0.0418622330578567,0.957913835932558,0.000206922040453655,1.70089564258139e-05,1.2705920487864e-11
0.00178913002418337,0.00504731365589439,0.848643207762177,0.1404115937335,0.00410875482424557
0.00118506759836544,1.81305386422494e-08,0.163853255240285,0.263507185755258,0.571454473275553
4.96937007773934e-13,1.40615723544816e-180,4.35617749257715e-06,0.000215291477389446,0.999780352344621
0.825899475339493,3.62676974785941e-07,0.000532064389188517,0.173375675506308,0.000192422088035331
3.63362332297938e-05,9.09580503130978e-06,0.990794266054503,0.000246569380195549,0.00891373252704017
0.00107018534908347,1.69097912890515e-07,0.0419241249298138,0.823988225797504,0.133017294825686
0.000180680633109008,0.91823293364517,0.0815803613819391,6.01720639491915e-06,7.13338688666136e-09
0.0520926928279263,9.45380589448426e-05,0.162758078721334,0.78142839908542,0.00362629130637457
0.0351586112805658,0.111042984915275,0.845233881956539,0.00854922789545906,1.52939521614391e-05
0.000115777668611904,0.999848728717447,3.54806042245082e-05,1.30089169403611e-08,8.00008316782353e-13
0.347189609255459,0.626003000043406,0.0252442175136912,0.00156293451710688,2.38670336795011e-07
0.980424286427935,0.00224070104670708,0.000164968237513286,0.0171699739659982,7.03218468959136e-08
0.937547211052935,0.00163881541522095,0.0226116297726226,0.0381336283330911,6.87154261299372e-05
4.43680118389008e-06,1.81711284137213e-170,0.389776318596821,0.00748767352666518,0.60273157107533
0.687046862665454,0.000791655593763111,0.000308208358118242,0.311852909247627,3.64135038569342e-07
0.233371204877422,2.29913819837351e-07,0.0739247703402362,0.64575938994285,0.0469444049256716
0.0051565578374738,0.994488910256837,0.00035275767673547,1.77422675827736e-06,2.19489195289056e-12
0.766137344583488,0.00492796987708435,0.135782323738446,0.0920530387699539,0.00109932303102805
0.999270514602298,2.01529233999998e-05,3.37420181947641e-05,0.000675511023537295,7.9432570101896e-08
0.00135298501485256,0.956454433177963,0.0421888518737067,3.67631306536506e-06,5.36204127449332e-08
0.540442228105829,0.0350769609782505,0.211303917919127,0.213171814155131,5.07884166193e-06
0.000127834266003371,0.200760317836179,0.799105943807067,5.56710072353454e-06,3.3699002748748e-07
6.37507938126586e-07,1.47780794262484e-05,0.953084435479475,0.0468040946931005,9.60542400602168e-05
0.010723841946796,1.73423609038863e-05,0.0656468732637024,0.914027624634995,0.00958431779360277
0.136739832436334,0.00263951150590487,0.00183574254107886,0.858768895593936,1.60179227463141e-05
2.24133142491751e-06,0.999432959309303,0.00056479602106027,3.33814228984878e-09,6.96142123584231e-14
0.3556246684,0.00020185917504754,0.0856495171636999,0.556892918108015,0.00163103715323683
1.01245986101685e-06,0.999005940450548,0.000993046517464912,5.71526603777805e-10,5.99365986910093e-13
0.000308188777226772,0.999634201218006,5.75396050673027e-05,7.03996397839835e-08,5.985360785547e-14
0.211861123845929,0.11851106841539,0.601366769946696,0.0682552226461363,5.81514584848409e-06
2.28633193435821e-06,9.71485102884512e-172,0.070688872350651,0.718257005209834,0.21105183610758
0.0489509045042265,0.812765674764693,0.092986678356991,0.0452965629059863,1.79468103492241e-07
0.988653312364745,0.00133564784769371,0.000242316670154613,0.00976868747876183,3.56386445981795e-08
0.0672205388400407,5.01309074062702e-06,0.0721968327364771,0.860515073726266,6.25416064751463e-05
1.91016247137707e-09,3.17030944274452e-15,0.0014180054851676,0.000342636157407496,0.998239356447259
0.789653175054822,0.209920976163646,8.1462666739104e-05,0.000344386048972281,6.58203529455262e-11
0.00616135815435067,1.27321069078672e-06,0.00142384032268757,0.992360694424013,5.28338882581144e-05
0.509503735024978,0.460164932125367,0.0051083688718055,0.0252221288193371,8.35158512944043e-07
0.000453764479020581,1.36234819359939e-08,0.13368433436414,0.340816653152128,0.525045234381229
0.987964315091897,0.00118170439652505,0.000864863010676835,0.00998902146183415,9.60390670327385e-08
6.10339424911231e-06,8.31171528051598e-10,0.21465642989869,0.00942634684674466,0.775911119029144
0.828985585807844,0.00342186474923944,0.165457849537506,0.00207114111700637,6.35587884037944e-05
8.59268687657623e-07,1.00931974640329e-169,0.356132849412005,0.00467582959692953,0.639190461722378
0.97373590497081,0.0136528321341248,0.00196242142019636,0.0106487731208157,6.83540535870892e-08
0.827197734115485,0.15729082328116,0.0102157460921487,0.00529566336313585,3.31480702591765e-08
0.000114069177772274,0.761628000878318,0.231082969344365,0.00717491863056706,4.1968977928519e-08
0.00108926300165353,2.11322518959949e-06,0.0463048510532458,0.946711081660459,0.0058926910594525
2.9461037382178e-05,8.93213380671809e-10,0.0116428848889643,0.738879546534916,0.249448106645524
0.0413092812698464,3.33658122650036e-05,0.0981218593905735,0.858445279537026,0.00209021399028934
6.80958345224814e-05,7.64911893645275e-11,0.0132655104865264,0.0116315444820163,0.975034849120444
1.20407104177807e-05,0.00014610555110084,0.999445820993077,0.000143064093846506,0.000252968651557417
0.979156799314532,0.00413712493614267,0.014655707782967,0.0020502577213624,1.10244996163469e-07
0.117237215189778,0.000204895623852136,0.738123074636555,0.141928048506456,0.00250676604335888
5.11774994648522e-08,9.71260835058524e-175,0.000190547829114865,0.0793427547324959,0.92046664626089
0.000196674049331946,5.54377979985007e-07,0.968961867012958,0.00110404545328954,0.0297368591064406
0.000412150076607566,0.0201844675359165,0.979390164110406,1.24549258779695e-05,7.63351192386008e-07
1.4998059066545e-08,0.999588336790135,0.000411648206134458,5.63654737241936e-12,3.50994787613428e-14
4.9436457012784e-06,0.997327462754453,0.00266747204388234,1.21515318707609e-07,4.06449155895252e-11
0.974309729944196,5.29918382064224e-05,6.76737324209374e-06,0.0256305045057724,6.3385830123914e-09
2.18101284370077e-13,2.39740403016258e-19,2.41749057544891e-05,3.78280558519061e-05,0.999937997038175
0.00097952320217639,3.77952345664549e-07,0.00248947540172868,0.996249494013562,0.000281129430187441
0.0280217759988863,1.78563225262585e-08,0.0046013595428914,0.851868686821207,0.115508159780692
0.00181336738972226,1.03366043566388e-09,0.0832561167066072,0.102751042456591,0.812179472413419
0.720190564564052,0.0048727463756556,0.0100543003922915,0.264881492304913,8.96363087555637e-07
0.944209453770068,0.0486852868860005,0.00308606016908925,0.00401909549391569,1.03680926611727e-07
0.00360139800812903,0.0290845781877245,0.252124231196894,0.715180105857447,9.68674980566782e-06
0.00117144800601828,1.70737668147573e-09,0.00417673296468792,0.205648428320354,0.789003389001563
0.000245528349940209,1.74186503398919e-05,0.0798918370071373,0.918475025359869,0.00137019063271377
0.880994442541417,0.0512504573201836,0.00409975745282497,0.0636543422268219,1.00045875248629e-06
5.22343487280222e-09,1.1558579419042e-173,0.117383149048163,0.00043923440709708,0.882177611321306
0.873004924671232,0.103509808838417,0.00421741052190367,0.0192676254378998,2.30530547032341e-07
0.546381520706223,0.000839628077832362,0.0260786982203391,0.42661518756814,8.49654274647245e-05
0.00445355124216804,8.8132856329454e-09,3.87303465641535e-05,0.99545546627967,5.22433183119598e-05
6.94255080943433e-06,0.999979474480708,1.35822916235163e-05,6.76828647608633e-10,3.01438270466354e-14
0.185571135536925,7.10080330645391e-05,0.000646392843383823,0.813681952962851,2.95106237758943e-05
0.0119911606847056,0.180616407415832,0.779357573022968,0.0280078347066251,2.70241698695899e-05
0.102316753600961,0.326282962436727,0.567991422212588,0.00340641453347216,2.44721625173477e-06
9.7454942756939e-06,0.992508039524879,0.00748124462519995,9.70049109208317e-07,3.06536311209992e-10
0.0047165544351307,5.34976250816468e-06,0.00193095540755144,0.993343475668481,3.66472632888266e-06
0.633995808231982,7.29992765410654e-06,0.000102389376438663,0.365893554992159,9.47471765891443e-07
1.27957227134791e-05,6.08164713150022e-07,0.996514663452006,0.000330244743819897,0.00314168791674763
0.269126799196557,0.730354646977584,0.000166181071747562,0.000352372651008637,1.03102627725813e-10
0.998108459068606,2.23233551754811e-07,0.00103258298662999,0.000812504585320887,4.62301258910397e-05
0.000246448461948258,0.343995343433954,0.655752957176652,5.24304568239832e-06,7.88176289027963e-09
0.000388999048355642,0.99863460705852,0.000975646095424712,7.47788475232903e-07,9.22439398506822e-12
0.317572859354851,0.0017641806552566,0.633901903187671,0.0441325257329786,0.00262853106924302
0.0047213573614761,1.93505767821474e-06,0.00814460443084189,0.959555713852204,0.0275763892978004
1.84843756439347e-08,4.03750182668958e-12,0.0368800289721723,0.0035792893311702,0.959540663208244
0.0275522049678703,0.97225509989201,0.000151432678823007,4.1262376297606e-05,8.49995252199573e-11
0.263868286653797,6.70286734291163e-166,0.00249721452830592,0.73357889482793,5.56039899671744e-05
0.0014458303086816,0.0112859629048351,0.986523675921923,0.000741309022767879,3.22184179187856e-06
4.60586442995883e-06,9.51256201454493e-13,0.00169892106951447,0.00145326156511394,0.99684321149999
0.792797853883618,1.83804647767748e-07,0.00014458575849068,0.206656953777196,0.000400422776047648
1.83150750007462e-05,3.87822905155793e-07,0.997270028597926,1.72802945008597e-05,0.00269398820966715
0.000272327258005142,0.00668319376325748,0.988854494330209,0.00416868630810358,2.12983404246714e-05
0.981761154700504,0.00146631641265318,2.35098393648631e-05,0.0167490163104698,2.73700771628779e-09
6.59684176213338e-06,9.43887181639098e-07,0.888218343167038,0.0254517213307182,0.0863223947732999
0.999894271987753,1.39301103524435e-05,8.26029671340849e-09,9.17896241281877e-05,1.74692790328013e-11
0.313695946104869,0.00156203830381936,0.0264742424112689,0.658256395216959,1.13779630838298e-05
0.00821418954050792,4.53697348257869e-08,0.00101828297826752,0.990251288748366,0.000516193363123903
0.00989454202588518,1.60597882599651e-07,2.70019083824128e-05,0.990061799426853,1.64960409970104e-05
0.000356320841133965,0.000708800625879051,0.994110620705091,0.00309533501843518,0.00172892280946042
0.000490835047521406,0.999237760623678,0.000271330451587624,7.38745777431955e-08,2.63484762802095e-12
9.89559485439231e-08,1.49357886778462e-08,0.187906006253821,0.000563829442461785,0.81153005041198
0.995448073314227,1.71151194310395e-05,1.31954431666338e-06,0.00453348000582399,1.20162012842541e-08
4.5321859541972e-09,2.2258276142071e-177,1.72631127428781e-05,0.000158259822889902,0.999824472532181
0.930934057442383,0.0276084097914938,0.00498366151874833,0.0364735634617519,3.07785623543207e-07
0.155692982552304,0.271540422034579,0.488604588824702,0.0838754024315975,0.00028660415681698
1.40272233904491e-05,1.33357095241169e-08,0.988494120336863,0.00649714220491596,0.00499469689912087
0.0434157144923942,2.78190159852624e-06,0.000886921923044657,0.955651325801971,4.32558809921524e-05
0.020994710139096,0.00869307597808271,0.017213706037008,0.953096954667097,1.55317871598708e-06
6.70891537186122e-06,1.17678152916023e-170,0.00843152259482298,0.878829096808963,0.112732671680842
0.202733069811562,0.000254748212519165,0.674068741811836,0.109855627365408,0.0130878127986747
0.000516431384838115,1.31092631718415e-06,0.0574363415876744,0.923294919552391,0.0187509965487792
0.0323638594854702,0.949731650417859,0.0168654476984161,0.00103898538619312,5.7012061560941e-08
0.995472246578479,0.00184130365333742,0.000109554132153109,0.00257676647117374,1.29164857127014e-07
7.96052754738152e-05,0.493102326652483,0.506816904812236,1.15650191805186e-06,6.75788834000579e-09
0.713066954914498,0.286867240438912,1.45557557120684e-05,5.12488858088432e-05,5.06931978930994e-12
9.95035080897916e-05,0.582188035475998,0.417611071198741,0.000101212436176159,1.77380995575385e-07
0.907431665495669,0.0870718617470486,0.000275642151422701,0.0052208236416256,6.96423398425630e-09
0.455663551648381,0.543887403864683,0.000402810879561475,4.62324329736359e-05,1.1744009564318e-09
0.0209728921777024,0.47553049561104,0.502413385083115,0.00106955462130722,1.36725068357313e-05
0.00468139480803329,0.309603912289524,0.63240240111882,0.0533063656694155,5.92611420690534e-06
2.53122481357953e-09,0.994185130456988,0.00581486701003351,1.46216470699969e-12,2.9111779706051e-13
0.938556023107976,7.09012929945552e-05,0.000101997854102764,0.0612709309715607,1.46773366443689e-07
1.28035558863296e-06,6.96690999388081e-167,0.994355513079112,0.0028694603572358,0.00277374620806393
0.683471909102425,6.55270325474952e-05,0.205064161194391,0.0322048598620027,0.0791935428086338
6.94843517912737e-06,0.890744774578149,0.109234163248817,1.41095687695331e-05,4.16908545605391e-09
4.76667556323073e-05,2.4513519219284e-08,0.00244167474775619,0.994295529402663,0.00321510458042961
0.000103716467161669,0.99958970668454,0.000306535957277485,4.08903064439581e-08,7.14288394388794e-13
2.41856616419399e-05,6.80577622091875e-07,0.99866411347233,3.10051753391633e-06,0.00130791977087188
0.944906528815667,0.0537426607638995,0.00016653384499168,0.00118427569568035,8.79761175533435e-10
0.958564772703801,0.00452583534549227,0.000243045572849138,0.0366662938355985,5.25422589379394e-08
2.83469482394081e-06,3.3012458389378e-08,0.973973169825346,1.16817853387995e-06,0.0260227942888381
0.952385980932248,4.88759210494559e-05,0.000233989658386796,0.0473293221970695,1.83129124631682e-06
0.000741207804619272,2.75861702040123e-11,0.00206773327379496,0.110751789604078,0.886439269289921
0.00142521271578923,1.51509146227004e-08,0.00221506278903869,0.900424810913078,0.0959348984311797
0.0857621415062397,0.908283089956927,0.00403757915613063,0.00191702896447167,1.60416231234262e-07
0.251458735131768,0.748047826704497,0.000473034229241209,2.04035093660383e-05,4.25127756502272e-10
0.607153677835743,0.000334711704360168,0.0235820801985664,0.368685172948395,0.000244357312935318
8.87868679079535e-08,0.999980275781349,1.96354280304381e-05,3.75205124205594e-12,1.00559220633576e-15
0.935588352586265,0.00109227630749199,0.00174624906222146,0.0615724111150373,7.10928983905672e-07
0.935719787056903,0.000135522095128305,0.00472294318027327,0.0593954987452288,2.6248922466322e-05
0.337355398363741,0.000294355023138441,0.0016732212861603,0.660666320905766,1.07044211942654e-05
0.000696601471232503,0.994659488506287,0.00464387278544479,3.72197495489554e-08,1.72858457174505e-11
9.3251943608774e-07,0.000673237694910216,0.99637941202833,0.00292180170796834,2.46160493555896e-05
0.00147094268340995,0.995209609679636,0.00331873458716593,7.12920299459864e-07,1.29488609069773e-10
0.00207607016537203,0.988072414239973,0.00973235698194958,0.000119158508741959,1.03963249057001e-10
0.000152600112944291,0.996396443727177,0.00344924534634309,1.71079972491174e-06,1.38103154164244e-11
0.000331193904641843,0.561760203421217,0.436234743555765,0.00167287758269575,9.81535681036135e-07
0.404181987283748,9.25236836756921e-07,0.00137846191597366,0.594285188026425,0.000153437537016761
0.00542456807951056,1.59873734968486e-161,0.992906470126262,0.00166865874493985,3.03049287946678e-07
0.261159707431909,0.738168403624566,0.000571226863518733,0.000100655192364551,6.88764172901065e-09
2.4163195130209e-05,7.69477884297266e-06,0.981093797845718,0.000879319652375405,0.0179950245279338
0.00350666864860887,4.27363865160373e-06,0.342612663823107,0.632906292614439,0.0209701012751935
3.75473038643663e-05,0.000268171907238392,0.98887322531329,0.00988763907478808,0.000933416400818771
0.800644242854779,0.057351116077831,0.00423948326577232,0.137764248550308,9.09251309688227e-07
0.00164062267754082,0.0143152045405626,0.331326752795963,0.652624407712516,9.30122734175385e-05
2.35214337152564e-05,1.15991014599673e-11,0.0269252423678889,0.000155490707225073,0.972895745479572
0.992721285957569,7.66255487055633e-07,3.20633120588543e-07,0.00727762115223719,6.00158596494698e-09
0.000428338988701794,0.904899715361673,0.0945219235673041,0.000150017981655856,4.10066513916181e-09
0.000616954193319518,0.000563867668980938,0.996078805918232,0.00059106782662408,0.00214930439284333
0.00707615106808604,0.0213597163612746,0.970529249919389,0.00102435151227142,1.05311389792428e-05
0.956027091433711,0.0438035367921245,0.000148861441567109,2.05088048270749e-05,1.52777050421728e-09
4.1802136218889e-07,3.49096706754372e-15,0.000232118256901645,0.0777135978376462,0.922053865884086
4.09342231346516e-05,0.00724102144113048,0.989496160105355,0.00321642689607104,5.45733430926941e-06
2.25170216190214e-05,1.38972237811376e-05,0.995882565393598,0.00394363684692915,0.000137383514072496
4.33126273947698e-05,3.28215935594321e-07,0.847032974705143,0.000308409906604707,0.152614974544922
0.811408257132838,0.0343087739034085,0.00122211856778263,0.153060842791297,7.60467404195615e-09
0.294502394125753,0.694768457262116,0.00956548052786952,0.00116365350390721,1.45803539943018e-08
0.946784710200743,0.000405458864019433,7.86355672565461e-05,0.052731178455458,1.69125232282571e-08
0.802808902374706,0.00498911375654041,0.124171923776458,0.0679432604107907,8.67996815046904e-05
1.35061075665681e-06,0.999769039806386,0.000229609136882494,4.45637847238501e-10,3.36625398048638e-13
2.31884332891495e-10,1.18498689596685e-14,0.00335831127999922,3.32613197986499e-06,0.996638362356125
0.00399860567031015,0.0654711455946447,0.927620874152461,0.00289100433468897,1.83702478950332e-05
3.43405235583213e-05,8.50419091046219e-08,0.00209769194419275,0.997670603783921,0.000197278706418232
0.659422333125964,0.000594110032940917,0.0251696657500382,0.313925701326222,0.000888189764834543
0.947351924411098,0.0182385257753551,0.00146358893655056,0.0329456468826069,3.13994389865884e-07
9.57385690216764e-06,2.11715711451524e-169,0.260014178965416,0.0537107645380131,0.686265482639668
0.989640256923851,0.000147564589121247,5.25977396661484e-06,0.0102068984589356,2.02541251178263e-08
0.390985495238497,5.18224688980752e-06,0.535471320629218,0.0574539915014921,0.0160840103839038
0.0440989982025295,0.000178354799185527,0.191136214573834,0.75942092656071,0.00516550586374189
0.000205256975107744,8.74530792796163e-09,0.0318823991034343,0.69410929449275,0.2738030406834
0.70121004002751,0.0265742108273932,0.259088503212182,0.0131232328420393,4.01309087462998e-06
0.786469896926487,3.26621813079019e-07,6.64150932150948e-05,0.212249387977923,0.00121397338056193
5.35883553877214e-06,0.999754286973867,0.000240351410663544,2.77968910531946e-09,2.4157856874049e-13
2.23050403784793e-05,3.0793865009779e-11,0.0301513251426784,0.195805151058357,0.774021218727792
9.97346737441701e-10,2.58305112148938e-16,0.000697098593643765,0.000267160874806026,0.999035739534203
0.00467328043516702,2.25015055074414e-06,0.0120710984642733,0.983001947911195,0.000251423038813798
0.345632594087955,4.15441715671158e-166,0.000189191417070343,0.654174939048971,3.27544600396005e-06
0.00110696279495271,9.11153611326137e-07,0.443701717068714,0.112946546274627,0.442243862708095
0.000251535545585039,1.73711077920512e-169,0.169608816488263,0.645017453291718,0.185122194674434
3.74230872685967e-06,1.40131484895472e-169,0.840895367455164,0.000183207079911837,0.158917683156197
0.910701039767118,0.0350602569146455,0.0517879705002346,0.00244230967982065,8.42313818127485e-06
0.181826201027995,1.92065114866976e-07,0.00791741210182328,0.79115261095086,0.0191035838542071
1.04074524823955e-06,0.0133008945060971,0.986689001355683,6.44667745009372e-06,2.61671552168384e-06
0.00359207868130187,0.986288990296593,0.010117862950711,1.06732157837245e-06,7.49815829868826e-10
0.972752443598769,0.0271858903704184,1.33788847598492e-05,4.82871285900531e-05,1.74630165792107e-11
0.999622419290209,1.40091153923667e-05,5.18792072321031e-08,0.000363519337698733,3.77493006153677e-10
0.562858396823739,0.426669188149445,0.00293770342669716,0.00753470978382236,1.81629690552235e-09
0.843892411235375,0.152861446338825,0.00031480999275364,0.00293133213227655,3.00769855743083e-10
2.77694956948552e-05,4.10308772793524e-10,0.00291914472404483,0.97836319907919,0.0186898862907613
6.11164688342533e-06,0.000801598507672901,0.99917998414324,6.53706664193146e-06,5.76863556205963e-06
0.999618775458458,0.000251751981313442,8.92849211626068e-06,0.000120543859207504,2.08904803422765e-10
7.18391595831712e-05,0.105894623546816,0.893586837447931,0.000442843105250504,3.85674041938257e-06
1.38636352423751e-10,3.84712580542311e-178,0.00022646111975119,0.000362180477576502,0.999411358264036
0.278551502189963,0.71730670448361,0.000835250723150595,0.0033065349197834,7.68349314804592e-09
9.08680424758482e-06,8.0819055020464e-09,0.143292003294759,0.815911511733191,0.0407873900858971
0.798737350132682,0.007545305906119,0.00154985132107938,0.192167130919276,3.61720843226763e-07
0.00203122742334712,9.59989317621734e-10,0.0236987870532067,0.0579736291753355,0.916296355388121
0.779249107539036,0.0016092288746769,0.0048907410219803,0.214241732677198,9.18988710943668e-06
0.471006706910686,0.0247140725411852,0.012674001458656,0.491604442917282,7.76172189885244e-07
0.963929705111797,0.00343924681568908,0.0120239892283825,0.0205785943803612,2.8464463770325e-05
0.0173227489295528,5.76513367687839e-07,0.376931147671633,0.591737642722404,0.014007884163042
0.0157449091096479,1.82672786634667e-07,0.837854006541563,0.0570728215401664,0.0893280801358363
0.0171133452074972,0.909811682455694,0.0730434711451299,3.14061590378974e-05,9.50326404598013e-08
0.999099969535887,9.56456123571641e-05,3.27925742925875e-06,0.000801102159904903,3.43442211195234e-09
8.71555506026074e-07,0.993117461813112,0.00688165878065941,7.83073306633748e-09,1.99897007641801e-11
1.98161059859286e-05,0.927497681609072,0.0724825004951653,7.7913018637962e-10,1.01064672076631e-09
3.68536552119124e-06,0.999503660978596,0.000492653195119724,4.59781975481473e-10,9.81361777813763e-13
0.70087636495584,6.0534593062747e-06,4.83347677779307e-05,0.299059694672105,9.55214497117217e-06
0.000379155616540417,0.994938549100791,0.00468227091324193,2.30674740923803e-08,1.30195295348647e-09
0.516403845375078,0.259787163480537,0.221863775183289,0.0019420493720779,3.16658901885934e-06
0.988387359491242,0.000756641275348485,3.54162014433589e-05,0.0108204938714095,8.91605570712505e-08
0.963672766301208,0.0361341923936408,1.01429650800147e-05,0.00018289795333109,3.86739780074535e-10
0.997179065339805,0.000511538774837298,7.45974214180188e-05,0.00223479051019123,7.95374879930532e-09
0.00130899862423599,1.83480597407909e-08,0.0421276524522707,0.03979369198788,0.916769638587554
0.00590335194758871,1.54317159711268e-07,0.93246391570562,0.00406813099941614,0.0575644470302155
0.813075950540918,0.12835838212383,0.00944714362885627,0.049118409089269,1.14617127566889e-07
0.0480995776133081,0.000133149704708889,0.632982952176548,0.315584492556938,0.00319982794849704
0.00675296417941394,0.933110890542144,0.060022330454759,0.000113812548341044,2.27534232562631e-09
3.75538595744083e-09,9.97747502469264e-177,3.19528641290811e-05,0.000230486725471911,0.999737556655013
0.000345505564595373,9.17362195378346e-172,0.00509208964702068,0.00452667939819578,0.990035725390188
0.000823181219292333,6.33094416311762e-09,0.0753622655153161,0.595995880143666,0.327818666790781
0.984162372073256,0.00679479899798792,0.00417874054226223,0.00486329150239788,7.96884096178457e-07
0.335094142472868,0.588051383951568,0.0128395688335825,0.0640148842990989,2.04428825049978e-08
0.939492684080304,0.000328813612910839,6.94502597750508e-05,0.0601090358950733,1.61519365615041e-08
