3.64995745447493e-06,0.008487420189815,0.00033827615291481,1.14905029191379e-08,0.0778407006730192,1.05764841751149e-05,0.246345670374383,0.666973694677735
2.01382347849933e-05,0.108405870650575,0.000155919127149922,4.38215190461592e-168,0.298462717716268,0.00113418429653591,0.344255585150908,0.247565584823779
0,0.609366799087987,0.0573674503015787,4.07221205131638e-09,0.0166747481462316,1.33137085043446e-06,0.316588448850469,1.2181706712676e-06
0,0.00366167600144033,0.00649539379973097,3.42864693090312e-10,0.00107819820940812,3.11914707271419e-06,0.0868159198173269,0.901945692682156
0.00315546958124246,2.79854919713903e-07,7.84078397975532e-10,0.9878373799704,0.00342618145715937,9.53322239339938e-07,0.00104051469329681,0.00453922033666436
1.0166683491621e-08,0.0120553066319774,0.000150625865318606,0.00209282021885844,0.0331439076642232,0.000372608619549456,0.951841974079123,0.000342746754266087
6.33419763824703e-07,0.000374133013150074,1.41503561476705e-06,0.0119054037603128,0.765624097347961,4.72234918430327e-05,0.22023328568259,0.00181380824876402
0,0.0151344332513272,0.964918003862677,3.40723363829742e-179,1.14568943089642e-05,1.09852779039962e-10,0.0199361002894084,5.59242553361647e-09
0.000627576821432052,2.67220508385995e-07,7.92933724431323e-11,0.989386316137111,0.00083301658598761,3.97718412918295e-07,0.00132935284732245,0.0078230725899319
1.75893422736556e-07,1.16518323708861e-05,4.11463875712133e-06,4.7784141963906e-08,0.000140812961521953,8.23075715293242e-08,0.59083488574438,0.409008228837834
0,0.036401991546594,0.255381778563397,7.73185568328091e-174,1.74753246705209e-05,1.50478811648105e-07,0.18119137040225,0.527007233684276
0.0781518546681941,0.000109382810406089,4.26641371785661e-09,0.0112417170584611,0.906592180583217,0.00257310425697718,0.000246895926628083,0.0010848604297029
0,0.00171095758337094,0.000138691514591272,3.37539801278432e-163,0.0949040834724186,3.03537147582733e-05,0.0463944550536435,0.856821458661217
0.0142078859266251,0.0118233847974238,1.58864001235565e-07,2.87893248116224e-164,0.929550659113716,0.0434022804904652,6.67575834438061e-06,0.00100895504942367
0,0.793544525444165,0.104584281630275,7.06407515693056e-175,0.0934831255373875,1.2012802377432e-06,0.00786244197044192,0.000524424137493214
0.000388395094974912,4.07640220172403e-06,2.0948553354591e-07,6.37612663877872e-168,1.52703870344305e-05,2.05728355326573e-07,0.00832599365799368,0.991265849243906
0.00574176240371549,2.02158801399178e-05,1.65070254501533e-15,2.15486926782725e-08,0.000130818350223354,0.994107040521033,5.73463201984191e-12,1.41290458714438e-07
0.00762247126560862,0.0002212386805822,4.53701359091474e-13,2.35539355806228e-06,0.0195396486284541,0.972603350643144,9.66746287306271e-09,1.09257207362652e-05
0,0.120475474851376,0.000113378353244411,6.4914518944201e-170,0.0984966784629855,0.00608837466012796,0.0164265319468699,0.758399561725397
0.00947892707941033,0.00543182723622893,1.76787575427919e-10,0.000365475697543299,0.237484545508417,0.746420638778313,0.000348550259954397,0.00047003526334518
0.507277577916905,3.91088718827491e-06,9.63482178372122e-10,0.415489044000733,0.000641960768416638,7.7336982324768e-06,8.26620765792654e-05,0.0764971096884636
0,0.0173206147914205,0.00241103854130389,6.80893670669476e-11,0.356821811467861,8.92000242104841e-06,0.623238526853217,0.000199088275686994
0,0.0404633064251189,0.0607808457316179,2.23336976933458e-164,0.000239149500046776,7.00373219816242e-07,0.580409785364448,0.318106212605548
6.06665666064897e-05,0.00035882335844235,1.61803306664085e-08,0.000488656271068033,0.996504021016231,0.001920976619265,0.000338131049587044,0.00032870893846903
0,0.943339239175174,0.0213747717265163,1.34284741719502e-15,0.0217165227721185,0.000365685780223704,0.00843656481211227,0.00476721573385393
0,0.987970661557422,0.000325209491545615,5.14577505562115e-16,0.000452473382509981,0.000319201376929468,0.000102607360022146,0.0108298468315707
0,0.0530537436168282,2.31149740113013e-05,4.90046356301214e-166,0.941243035104992,0.00471562713454927,0.000375539128688457,0.000588940040930694
2.65997248313599e-05,0.00523687268031036,6.72028539712145e-08,0.00118447090881454,0.97887864129773,0.012213007545395,0.00206742448733263,0.000392916152732594
0,0.000824130379934358,0.000760439328012204,5.63145593745392e-12,0.00182452223186436,8.60978653449581e-08,0.994552783823814,0.00203803813287866
0.826494569423562,1.15390691740906e-06,2.98064083787581e-17,1.09679437666239e-07,1.30600703664813e-05,0.173490981573381,5.12531790250653e-13,1.25345822896042e-07
4.24354952918725e-05,0.000783032703997401,3.54331257595553e-07,0.00872317032486732,0.943390755223877,0.00120050681732272,0.0455961209150361,0.000263624188349961
0.71027586043021,6.78740686730103e-07,9.54820526273194e-13,0.27165594305638,3.23414630049159e-05,2.40701762976442e-05,2.98088631042759e-06,0.0180081252461548
0,0.00146908736117115,0.989390768603577,3.01038602038766e-178,2.67188392022388e-07,1.85971426157798e-11,0.00913827202573005,1.60480253292652e-06
8.58001335943053e-05,2.98900445502893e-07,2.36668384076785e-09,0.675713750043796,0.000279641260799775,2.64238238886012e-07,0.00296390328625982,0.320956339770182
0,0.00918972453574383,3.32641373530424e-06,0.00014074934210065,0.908309787975146,0.00281672472618998,0.0144861403143542,0.0650535466927301
0,0.000303668729182965,0.00105567882119818,7.15089507385833e-164,0.000184921282458992,3.98183934812991e-08,0.998217120497497,0.000238570851269702
3.51929865321612e-05,5.29111277505144e-06,3.49821938904822e-17,1.53579556829177e-10,2.23101421463528e-06,0.999957279123627,2.81101160773895e-14,5.60924330461816e-09
7.15102898441977e-07,0.0417224459736484,0.000472292693185824,1.33597567319941e-169,0.589074762397054,3.07392132423181e-05,0.269842005105524,0.0988570395144476
0,0.00149859315859507,0.00196007839243868,3.46721106801512e-11,2.05962198706055e-06,7.63471824224759e-09,0.0130753678244212,0.983463893333168
0.0116404346157563,0.000403147243624972,1.1531858783995e-12,2.64019721778599e-168,0.000223341610410807,0.987730278276644,1.71763448954598e-09,2.79653477619523e-06
0,0.0145252740236261,0.980056403974571,7.12083693056184e-180,2.05644570072086e-07,1.58483490250327e-11,0.0054181079540253,8.38735875672905e-09
0,0.451295121496074,0.548144782023706,1.08056297505779e-177,6.63128107009057e-05,4.54295321467847e-08,0.000331463189988518,0.000162275049997455
0,0.0183767255002462,0.708204778165858,4.54904487957715e-09,0.00262850941947715,2.51958262618048e-07,0.270327388410577,0.000462341996534248
0,0.0125333111138856,4.61336555869308e-07,0.000415789629776593,0.00485456740417661,0.0206245450464792,0.000103938277103651,0.961467387192023
5.22293512227879e-06,0.0944619262781931,0.00247149162661258,4.27584255633401e-169,0.789311030861344,0.000917851567139074,0.038321505533477,0.074510971198112
0.000907050565325957,1.44785166307896e-06,3.87692281371297e-09,0.811975390021878,0.000828583412039936,6.20053961729672e-08,0.0065821276502182,0.179705334616556
2.90723394053039e-10,6.62334288390127e-05,2.78630499417895e-06,0.0120578468953751,0.019360890438701,8.60841710469952e-07,0.968283109111029,0.000228272688627871
0.00236618038519451,1.13280046825949e-08,1.89144277031809e-10,0.981451101349095,2.71794388366686e-05,5.642075946974e-09,0.000443935632385486,0.0157115860352632
2.66804492252199e-05,0.000582082933522995,1.27770641350613e-05,7.67438370694712e-162,0.878827442576918,1.31304235573031e-05,0.0908026970761583,0.0297351894764831
0,0.77874515287381,0.000100538554495502,1.3127041853914e-12,0.0141025493215519,0.0824956973194059,0.0635116567115777,0.0610444052178467
9.83685705358027e-06,0.071005897639947,0.000115528583011688,2.43618125986787e-170,0.876082787494783,0.00699892494765095,0.0132466518377041,0.0325403726398503
0,0.418733564056128,0.580732326437359,2.86912752235236e-178,3.20502397982561e-05,7.82486944616006e-08,0.000112659175944562,0.000389321842075126
0.00208115113992008,0.000412009712407072,2.58333446885232e-12,1.31026807964697e-07,0.00110074400229994,0.996405332195422,3.06663727120391e-08,6.01254186542103e-07
0,0.0569205129362375,0.767282618254216,2.19793252607798e-173,1.6829477054808e-05,7.23708935692982e-08,0.0120929363184941,0.163687030643104
0,0.274996568531348,0.724052723319827,3.50822319135807e-178,0.00014879363375456,2.40845173081018e-09,0.00078462010277675,1.72920038417963e-05
0.000176977677213918,0.000423190311688614,8.79150367723568e-06,1.14836573715206e-09,0.000188411626956846,5.9291719456091e-07,0.00339993845667418,0.995802096358229
0.0182653448975003,0.0101182507633441,8.03120057518465e-09,2.03336456604816e-162,0.0159697465549744,0.667201894698018,9.08824341716464e-05,0.288353872620791
0.300149686043698,0.000429613814464191,4.76414683712047e-10,0.00226035034098531,0.270009439758212,0.425306257000693,3.33525379849302e-06,0.00184131731173465
0.989674211896369,1.61468175695877e-06,1.24188985757255e-13,0.00907237451362873,9.65610204906043e-05,0.000697334637786564,1.40980401204474e-07,0.000457762269442744
0.00152007298040387,4.08610289613254e-09,2.64705199968807e-12,0.984883580971293,1.43654163002432e-05,9.10207508686021e-08,8.92334128561331e-05,0.0134926521096458
4.49698901172088e-05,0.0245222343278952,1.59491136142759e-05,2.36164456798107e-10,0.649915042896463,0.0219815653133641,0.00209967276088031,0.301420565461501
0.00622476124514361,1.70020843215496e-07,6.35816185522172e-10,0.960054702003772,0.000257652823844143,3.240482334092e-07,0.00100638597680216,0.0324560032455451
0,0.0937971417074806,0.894998103194399,7.06647709363919e-173,0.00593509772803816,9.32390044481961e-08,0.00526942342275245,1.40708325712087e-07
0.0507794231767978,0.00129593071085294,1.99851124319274e-08,0.0629297936686503,0.742332168212666,0.0194483976464172,0.0167157760929074,0.106498490506596
0,0.979356597159391,0.00280253302552345,7.87529520701723e-169,0.017327051614846,0.000104229359782888,0.000353212579059195,5.63762613978244e-05
0.032493294929955,6.01730013867218e-05,9.15987006154737e-11,0.787998590874961,0.165256221404427,0.00276550729305935,0.00399913404749805,0.00742707835711402
1.15937937419022e-05,0.000322255373144254,0.000298802601166142,2.69197395578343e-169,0.000514541161200165,2.34900500012682e-07,0.00639910670201378,0.992453465468234
0,0.0637035993683995,0.915453958679627,8.33436027265365e-177,1.91051584892416e-06,1.25242782585544e-09,0.0208259384672143,1.45917164828941e-05
0,1.43720614461957e-06,1.97189125969084e-06,0.0987795016879325,8.74963229859349e-06,5.81338348301689e-09,0.756082743588364,0.145125590180617
0,0.271987856904892,0.512649905176622,1.89734388530749e-174,7.7845349969004e-05,5.93166618241268e-08,0.00403268165078176,0.211251651601073
0,0.608823264409106,0.204435805779237,1.77364606915449e-173,0.00307963064393247,8.13783192516914e-06,0.0152693757475582,0.168383785588241
0.000178036936272977,0.000147861170305054,1.21134769533089e-06,0.512147456423501,0.0240612247000573,1.72328636234449e-05,0.399370809193815,0.0640761673647297
0.038631561394786,0.00277923562778549,2.51889450074918e-10,0.00211017585282618,0.0777249799432251,0.871264356470941,0.000136162359883566,0.00735352809866345
0,0.261303269423093,0.57887444671657,1.62522591533779e-173,0.00187982410501479,2.29235560785468e-07,0.105718388134517,0.052223842385244
0.842180603887486,0.00120773057818837,6.50806029104517e-10,4.08930189068776e-163,0.108929357824303,0.0473912907793976,5.89977484053603e-06,0.000285116504978069
0,0.582706272149662,0.396056431976783,1.59132938763868e-179,0.0211809524312431,5.14526298645125e-07,5.56276551191244e-05,2.01260894615164e-07
0,0.0103258346923514,1.90983558085144e-07,0.000160736617981765,0.961545218931783,0.0247370960578146,0.00313375961649572,9.71631000156057e-05
0,0.637740425667459,0.297459095145144,3.02558071995829e-175,0.0363092699398898,8.4244148990533e-06,0.0279303540834352,0.000552430749173512
3.26514125971621e-10,0.0733852970479177,0.0799620605693753,7.03180937519015e-172,0.252322611460931,8.22239736051044e-07,0.585018247183326,0.00931096117220041
0,0.000177908675250267,0.997139110950087,8.54474153304985e-178,2.5463744400892e-07,2.47263022850003e-13,0.00267616444020604,6.5612967652328e-06
0.001217045584318,1.47946173179233e-05,1.28904594629888e-10,0.0971460270288282,0.900593395742145,0.000582057771161131,0.000370899178281021,7.57799490444572e-05
0,0.305583900308933,0.693950450538074,1.33352834535509e-181,6.43168114850916e-07,4.96163761107513e-10,0.00046440858159017,5.96907125149303e-07
0.0475411364218828,0.00574629195031772,4.42232971467126e-10,0.00197181672753941,0.177082777484256,0.764716664504857,3.9992614087247e-05,0.00290131985482746
0,0.1518130826023,0.84571670004695,3.1448198131074e-176,3.69100824046571e-05,2.88025083758332e-08,0.00148175856095405,0.000951519904883373
0,0.977287061198674,0.00895903750242712,9.47984945614328e-15,0.00523784210254279,0.000129404455407545,0.00540060187999274,0.00298605286094606
0,0.879519016325107,0.004271227922729,8.57326468176403e-167,0.00384659830703255,0.000142674718593034,0.0839787038579778,0.0282417788685603
0,1.19037032431902e-06,5.61684859081486e-10,0.990953519869761,0.000976932974139924,1.24635539089137e-06,0.00216846847178048,0.00589864139691793
0,1.29413554030348e-06,4.5852464902288e-09,0.877418203423391,0.00148329721933132,1.41916731607788e-06,0.022256696220141,0.0988390852490341
0.00408811958611351,1.25757477365303e-05,2.11988951463737e-09,0.926183260910902,0.00765277950419667,2.4286737017256e-05,0.00359188068550498,0.0584470947086396
0.0370317696641604,0.00168525505789198,1.37035286993292e-09,1.18984155890141e-05,0.868805502604044,0.0924186277943357,4.63117167190862e-06,4.23139219535436e-05
0.9988325599947,3.268501920982e-07,5.91969699023179e-13,0.000149083884100006,0.000896581944316706,6.69765788404509e-05,1.56916717833018e-08,5.44550555865372e-05
1.51389028384408e-08,0.00454496275842891,0.0032663163781359,7.19065630294145e-165,0.924591033941122,6.70817949770268e-06,0.0665749482269675,0.00101601537694548
1.05030691677058e-06,0.00091365392305128,1.9920270199511e-05,0.0762218951868636,0.0955151995124398,2.07945207339011e-05,0.824187474675037,0.00312001160475834
0,0.000511275879053592,0.957611146825336,1.81610924054358e-176,3.97930101679298e-07,3.24075884967963e-13,0.041876762748893,4.16616291782319e-07
0,0.0137590142190965,2.62560627346168e-05,0.00098008976469222,0.975326191151578,0.0024530399212119,0.00709041408658386,0.000364994794103287
0,3.08643484736388e-05,2.26895383623749e-06,0.00768083611535663,0.00075431364669563,7.67182756516508e-07,0.947518603174275,0.0440123465786062
0,0.0478291938115143,0.267798337715442,9.91308713025378e-166,0.00112118375628119,5.19654116479298e-08,0.537577297054095,0.145673935697256
0,0.924974799653112,0.00429570393887884,1.76487145791257e-10,0.0696979410620755,2.50825662070164e-05,0.000879535546471027,0.000126937056768987
1.3660496156855e-08,0.076657291388578,0.00153923916491307,2.28766472851937e-167,0.912975379727994,0.000200521483698353,0.00828895109806284,0.000338603476258095
0.000193029872708414,0.110184927668518,1.05569939840606e-05,8.72019309477086e-171,0.164070775943656,0.00542938617505274,0.00175180341672919,0.718359519929352
0.922458040498641,1.40103207724172e-05,2.25718118927698e-12,0.00753762779151108,0.000266940453560333,0.0573147213897646,1.77441432932088e-06,0.0124068851291643
0.996297367839701,2.66712495935947e-08,1.16680806243203e-12,0.00321269096588617,0.000135735616642758,9.95021801325896e-07,1.1197066462174e-07,0.000353071912887739
0,0.157599475759787,3.84873543060974e-08,6.59434699379324e-172,0.00525535526631519,0.635481608165191,6.27341208927795e-05,0.201600788200459
0.974650949546597,1.07577973255684e-05,3.42398311579783e-13,4.12735104633921e-05,2.92296417729714e-05,0.0250130593243121,3.73174987898401e-08,0.000254692861687827
0,0.972543135982847,0.0221670504487275,9.57093674879821e-177,0.00015064289799705,0.000109067067743653,6.56072377242753e-05,0.00496449636496051
0,0.00398084226753193,1.71850787099692e-05,0.00693277312677328,0.859882683424638,0.000124120107269612,0.072995473707549,0.056066922287528
0.193757963690285,0.000740815916964216,5.08105595348805e-09,0.00234851056332443,0.2572600246882,0.544865130191717,0.000295290120226996,0.000732259748226453
0,0.992256818511336,0.000862892487027327,1.28716107542857e-174,8.97567968550502e-05,2.96477970217414e-05,0.000129899965717848,0.0066309844420423
0,0.00427151982288658,0.525998778582045,3.4379040050354e-172,0.000158197637169995,1.76769511601467e-09,0.216794324520326,0.252777177669878
3.74363483467722e-07,0.00212630230863409,3.85871811056497e-06,0.00027498266648761,0.945559904244081,5.03245187404906e-05,0.0518741771250687,0.000110076055394581
0,0.0280239022950264,0.00348658523439573,6.46138405413402e-171,0.0958096960897668,2.12815146139316e-06,0.847914255708064,0.0247634325212856
0,5.62446936353235e-05,2.77709426747198e-05,0.00828209357508087,0.000599246875215102,4.35421081473068e-07,0.0786602418615529,0.91237396663076
0,0.264423941932366,0.00650802137787987,8.23952820754947e-165,0.0175007230961602,4.49009084803789e-05,0.703404109707363,0.00811830297775037
0,0.000149759809882903,1.41945597931974e-05,0.516317315052332,0.017215587975387,4.6377380937666e-06,0.464922414733872,0.00137609013063904
0.00117799756696305,1.75304141641967e-06,1.33966050946347e-08,7.40957209733428e-07,0.000387123810543496,1.56502110662912e-07,0.00621265472179581,0.992219560003356
0.897439503240161,2.2874514721764e-05,2.86957462340154e-13,0.0124972459863946,0.0340237665288158,0.0558466635319494,4.17305214059986e-08,0.000169904467149498
0,0.984362992892671,1.49043847281276e-05,5.40558129322869e-17,0.00931570376846854,0.00624948201873491,9.92516396109636e-06,4.69917714359792e-05
0,0.305849583554033,0.677606988651974,5.55895230448362e-175,0.000476588640427863,1.04489258143787e-06,0.00121250466684746,0.0148532895941363
0.0326761312001219,0.000216744449811415,6.69277463250704e-10,0.736224124510501,0.209680575327258,0.0148400981763391,0.000428117059316985,0.00593420860737438
0,0.00977843373094995,0.000186984230760817,1.72114073938911e-164,0.00137223702335953,3.87732097469247e-05,0.0205349832481787,0.968088588557004
0.00216308108996341,2.90017484334467e-08,9.29260585459557e-11,0.987197076626143,7.17072505881345e-05,3.13640662253558e-07,0.000385568915368409,0.0101822233826007
0,0.0247750243056534,8.25762107428928e-06,3.77853985915906e-164,0.857161389070149,0.10243653656299,0.00363181606201052,0.0119869763781227
0.00246067902091634,0.000387255286724043,1.49170886661691e-06,1.17724231734052e-06,0.00512132167938939,4.39418579736018e-06,0.10013889513997,0.891884785736019
5.0635180125479e-05,0.000266555301053581,1.91172453065478e-07,0.112994324235618,0.85018563226422,0.000187754955951601,0.0346937740695831,0.00162113282099599
0.869593313204545,0.000299711534454552,1.45828873805939e-10,0.008583666677479,0.0764626025127264,0.0438574804807623,2.73107452797717e-05,0.00117591469892466
0,0.637380643557081,0.347038188579716,2.12046006960703e-175,0.00443608648596366,4.13726438154755e-05,0.0103927045075911,0.000711004225832868
1.18137338714479e-07,0.00662928589177289,3.12671200129736e-05,2.91795313186146e-163,0.564144467253133,4.67264555742042e-05,0.424140979856951,0.00500715528521749
0,0.00372275529221546,0.994338678639639,5.30604256428816e-178,2.22309728885802e-07,2.43986667066253e-10,0.00171508340213697,0.000223260112293196
0,0.974033160086916,0.00215179065735398,1.803213428606e-14,0.00527241783587126,0.00393887743168439,0.00062704938335322,0.0139767046048035
0,0.996152978655042,0.000598480919980105,3.47771388701113e-16,0.000544162501390357,4.73967596458785e-05,0.00230557185308426,0.000351409310857395
0.0223558058595656,0.00241712615039584,2.8102896713922e-08,0.508227527876619,0.306484572547885,0.0266562941904858,0.0526768144867353,0.0811818307854162
0.000175288458204442,0.0169783030830168,4.87206120756118e-07,1.09491226275883e-164,0.939759885583899,0.0385509538198999,0.000270596738412577,0.00426448511044697
0.950908180049424,2.86909195209183e-06,1.61740134106458e-15,3.29951079220011e-07,0.000123490607259038,0.0489644539158951,2.17086075121933e-11,6.76362679835371e-07
0.000160640395492824,0.00507351745432366,1.2389560639851e-06,0.000792529141285271,0.992062286582235,0.00076742684197257,0.000998955910966793,0.000143404717659581
0,0.0669622482069157,0.00372632438754763,1.69738520775609e-169,0.138978871475156,5.29857759787299e-05,0.185542485851132,0.60473708430327
0.983219248777339,2.19306514849547e-06,7.66124749599999e-13,0.00126765496993518,0.00640370598704547,0.00906043136722668,1.23079052173164e-07,4.66427534874359e-05
9.32062927321262e-09,0.000413643620828855,0.000570987452791061,2.2927839452804e-170,5.0469351460733e-06,2.28361683232821e-08,0.0827737674348055,0.916236522399631
0.00089457812686846,0.0767057279942256,1.49623618861204e-06,4.10758498620268e-169,0.0237872360452285,0.0166351016554887,0.00144153991735418,0.880534320024646
0.000121392934746472,0.00294888041602169,8.33767568026109e-06,4.4478719430351e-169,0.0155552883665595,2.33416790344661e-05,0.00760629332601573,0.973736465601942
0,0.320959196332407,0.492177994942743,4.64846652536504e-174,9.05937188180359e-05,4.9453934593091e-07,0.00812242080591135,0.178649299660774
4.38999561895567e-07,0.206399761175573,0.000469894052678908,8.76113308012558e-170,0.0109512018524732,0.00118596843403466,0.151861481647044,0.629131253838634
5.8962767540701e-07,0.00229642459451414,0.000127159826777439,7.35621090217407e-169,0.847298391640264,9.26842430338491e-06,0.14289150747667,0.00737665840979568
0,0.0815784281949666,7.69063773928707e-05,6.10038521325513e-170,0.000448098528233988,0.000729685858880742,0.0181834426802421,0.898983438360284
0.000414391661389456,4.51302889208714e-05,5.97680991410812e-06,1.25975249749475e-167,0.000352463159877307,2.15730263026183e-07,0.0867099617411077,0.912471860608528
0.0372740413550142,1.92839014029442e-07,9.26439238830199e-11,0.943890534076871,0.000438006057371996,3.23990803921612e-06,0.000286189729246947,0.018107795941799
0,0.91327179474355,0.00480886351337742,2.08110353765373e-177,0.0785584920802166,3.72131797051957e-05,0.00332121123759727,2.42524555394362e-06
0.997286412376969,2.43500910946357e-06,7.51393778015339e-13,0.000446208902189881,0.000117685493993823,0.00123203977360809,1.38220817766436e-08,0.000915204621296638
0,0.0159264966440674,9.43102221756078e-05,7.32638060615852e-171,0.00154185047063801,9.17193760604377e-05,0.0016219167217694,0.980723706565289
0,0.000575998640840986,3.24907454402712e-05,1.42235524982421e-169,0.000215049638064535,8.78257502901173e-08,0.000628622219668746,0.998547750930235
0.00255876189145924,2.22497350728901e-08,3.28543035352916e-11,0.9671139981211,2.03539398563855e-05,1.55265677861076e-07,0.000377600950639651,0.029929107548677
8.43467003440269e-06,2.13943136404715e-06,1.23148693973877e-07,0.862479113531241,0.0013671926780486,3.89935042304639e-08,0.132107409479112,0.00403554806800204
0.542028155169146,4.21288264506883e-05,2.06660451942926e-12,0.0180001276534977,0.00424150914291148,0.426273046962596,1.15952847829071e-06,0.00941387271485347
0,0.650243492389284,0.00748291937744861,4.37304054073252e-11,0.18762926295173,0.000403525172098226,0.132691677720475,0.0215491223452343
0.00108538047558118,3.90521362616163e-05,7.74526178966697e-15,9.83438787982657e-08,0.000161202699542025,0.998712851610019,1.03357942460008e-10,1.41463135156219e-06
0.103880363745798,0.00672523905061127,2.57305830531407e-09,2.33914834406815e-165,0.0186957242315249,0.869208099870499,2.96000573125816e-07,0.00149027452793478
0.00290696763851984,8.59249164822468e-07,1.03503457845397e-10,0.868673419425443,3.67355520961026e-05,4.76547829812351e-06,0.000658020027189291,0.127719232525785
0,0.365716903458492,2.30161829711851e-05,3.89789394207724e-168,0.591656668420544,0.009025255456443,0.00897179931373679,0.0246063571678135
0.000676221393807239,3.9070412760535e-07,2.96846711745885e-09,0.978593703772789,0.000410346625320946,8.66127556365426e-07,0.00607230895329111,0.0142461594546402
0.0094256803381497,0.000987626323910828,7.37343087956232e-08,7.24262663931375e-08,0.961534299605403,0.00198110018174768,0.00188035522279633,0.0241907921674169
0.989049889568023,4.6196630187161e-05,5.23190426067994e-12,0.000922890738066814,0.00334556599968761,0.00641940368800748,6.20959415873271e-07,0.000215432411379761
0,0.0611767566258017,0.00367425362544222,3.15867918938487e-06,0.835349799156673,0.000140202184333036,0.0991263583443861,0.000529471384175003
0,0.183980879339013,0.804308160020363,2.47778778214865e-174,0.00101419181404617,4.60448412465035e-09,0.00930778085454794,0.00138898336754614
0,0.814569360489057,1.35804285849862e-08,3.02098150372977e-175,0.00904763263618119,0.175899764834394,4.58908376363266e-07,0.000482769551562202
0.950738339605002,1.94619925708876e-05,1.26836984281384e-11,0.0113386316789823,0.006029080880339,0.0244033189237208,3.35487834515201e-06,0.00746781202835645
6.69609666808462e-06,0.0120418148667647,9.92042299173694e-06,0.0174175314772843,0.788329397760298,0.0190749947078967,0.0734369815350729,0.0896826631330235
8.08648223953454e-06,0.395073490881972,0.000129665378880958,5.80115350484418e-171,0.0199142382842456,0.0130734391156274,0.459489408846455,0.11231167101058
0.970738524895834,1.23680095585985e-06,1.38320091919855e-13,0.0172072226220958,9.64520882666118e-05,0.00170742213124013,7.35560641689002e-07,0.010248405900828
0.00987278889999285,4.39540875587204e-07,6.16621030861488e-11,0.983199631335525,0.00158711942831178,2.84904328218693e-05,0.000928709013871754,0.00438282128693919
1.04992328126061e-05,0.000219063069335118,3.11500905891501e-06,0.759555229148082,0.102557305726829,1.79211843407647e-05,0.114801786964276,0.0228350796652663
0.99002739287839,4.1665455979029e-07,5.28842146697781e-13,0.00896956786134118,0.000242447517144068,0.000194485162676738,2.92926762872822e-07,0.00056539699859632
1.51916552049258e-05,0.0193773642884576,2.8471793341192e-05,1.51839441485714e-164,0.954253839816705,0.0246326227788462,0.000440671329209317,0.00125183833823552
0,0.584743896988856,0.113557603624001,1.30963582358622e-13,0.00914421113181491,1.06689826468462e-05,0.28132753592859,0.0112160833439598
0,0.000465220481827789,0.99908275142895,4.34922306361657e-181,8.71772495417116e-08,4.88918852302947e-14,0.000451940740809194,1.71114217236929e-10
0.00010894729218577,0.000242314339084403,3.30682904604533e-05,0.0544859998931961,0.0304650420454311,2.34940022390782e-06,0.146127803879291,0.768534474860127
0,0.855504512911127,2.66710123046953e-05,1.21556661383356e-166,0.1422323722614,0.00181905471036135,2.4621907096117e-05,0.000392767197710941
0,0.017915176932995,0.0176890370747063,8.44203337674133e-172,0.00204234722674007,2.40053931413431e-06,0.944947751872219,0.0174032863540256
0.0267171938967272,0.00340864516279666,3.0785483763603e-11,3.22676758504397e-165,0.0245781170210582,0.945230248293006,6.80956669074529e-08,6.57274999596455e-05
0,0.0769945238210793,0.000152242320821767,7.34287039085074e-164,0.697712741164455,0.000280238913791589,0.123513164309263,0.10134708947059
0.0526374797658272,0.0585578355002723,1.32015551423583e-07,1.01172165652582e-09,0.418633924717224,0.28577903627223,0.000418724233929719,0.183972866483244
0.999379736291881,2.57892098877572e-07,4.42376183502084e-15,0.000130313934047227,0.000180109655880713,0.000301744445980642,4.66518522026317e-10,7.83731358889363e-06
0.330785870583618,0.000706122415014909,1.26591374318555e-09,0.22756558874739,0.0852588103014719,0.296195040888295,0.000142043723629537,0.0593465220746668
0.0081288123092083,5.0674848304415e-05,1.69076605622542e-08,0.59625763529,0.0232083401661932,0.00031531527801498,0.0240215559434814,0.348017649257137
0.000618522836959148,0.00934948248385251,4.09876482276633e-05,3.21900143128148e-168,0.542084197076973,6.76088992816566e-05,0.00480143746021365,0.443037763594493
0,0.934519158641859,0.0146356678139159,4.64027607428342e-174,4.54239804835947e-05,2.75260945072402e-05,0.0299051956738459,0.0208670277953889
4.69739952995141e-05,1.81430748231794e-06,4.0273051006393e-08,0.888612012054046,0.0312628373929213,3.14276651032677e-06,0.0599441089982282,0.020129070212461
0,0.0178648127617897,0.00109417087449047,2.66540674440195e-11,0.0349151650347635,3.86160722312954e-06,0.0497373271707888,0.89638466252429
0.991512789367967,7.48304867934681e-07,1.74933657059448e-14,0.000919575582257183,0.000616345017321863,0.00683957892762248,1.74077936574718e-08,0.00011094539215214
0.000927270803507302,0.00404025220342447,5.80992887514699e-06,1.18377462067664e-161,0.0315796374030345,0.00288099403813459,0.00161557240423018,0.958950463218794
0.0003281781612743,3.66839138979881e-06,2.40888520966006e-09,7.17412755053387e-09,2.84256431937736e-05,4.34851580006705e-06,0.000181115529745455,0.999454254175584
0.922967615619377,0.00142356834984402,3.21289332760422e-10,9.01327519165517e-165,0.00121550903871165,0.0659165611505981,6.2340352958615e-07,0.00847612211665043
0.311856988394498,0.000382402668845171,3.51171965216609e-10,0.464738843029928,0.0915006618134649,0.0163018556982156,0.00299911828089713,0.11222012976298
0.0155332958016042,0.0424621885933542,9.55811704148742e-10,6.00803123984529e-166,0.00978996223117758,0.915796078636915,2.69414851742517e-06,0.0164157796326195
0,0.0234294659132924,5.0429043445025e-07,1.43727439280586e-07,0.971201739422645,0.00401635281870951,0.00134306274851819,8.73107896077145e-06
0,0.0411330727897888,0.000631292524932386,1.05765273807298e-09,0.0419021258936551,6.27531791760121e-05,0.839100146082,0.0771706084727953
0.0249522836031916,0.000578747984815261,4.94912038681311e-06,0.647376496868776,0.249647912325895,1.2040098753834e-05,0.0323210613919909,0.0451065086061904
0.185934468235435,9.55113683262057e-06,2.08419555900988e-15,1.71782447933008e-07,0.000276798645933324,0.813778365443455,3.32963731070955e-11,6.44722597860478e-07
0.00157640208181736,0.0122977277913119,3.21108065663092e-05,3.17379572842326e-168,0.475162776989558,0.000184519935068315,0.0398119868243445,0.470934475571333
0.0164574898655037,3.21754407823669e-06,5.05212499106397e-16,7.55808857712802e-08,0.000137638191613703,0.983400679200971,1.95405948047332e-11,8.99597407018802e-07
0.997710537863079,1.94689959256131e-07,1.57882863117176e-15,5.79062009676963e-05,0.000148972186996766,0.00206854902249955,2.99398651059756e-09,1.38370425100555e-05
0.00110464364478025,0.000747649332190612,1.14791812929847e-09,0.00183596951100901,0.00497523908487268,0.948761637989486,0.00110178635161784,0.0414730729381252
0,0.616980150236263,0.064943650926496,2.20731212136842e-14,0.064629679129968,1.51889629829822e-05,0.253390976903773,4.03538404944746e-05
0.00208069598583451,0.000117396997282543,8.82316913684157e-10,0.0352011517119718,0.953849539738947,0.00770311088508603,0.000629199439904311,0.000418904358657095
0.00410121750222081,7.11145297496271e-06,6.2380942354762e-09,0.657338923962795,0.0017342315012116,1.17138001177945e-05,0.00371289626378771,0.333093899278798
2.06723986348018e-05,0.0230327444397894,8.97896182216482e-05,0.0097877236399492,0.416167915176123,0.000748524731912939,0.337684218886724,0.212468411108646
0,0.080978260683037,0.91556280851286,1.19226532535327e-177,0.000134620011513357,1.44607883067616e-08,0.00323539921455944,8.88971172417965e-05
0.981525690341908,1.93705071029963e-07,1.34821972840935e-12,0.0162859034579183,0.000552507384104543,7.0859668117446e-05,5.02569908913502e-07,0.00156434287162405
7.179780577897e-08,5.04047946421814e-05,2.02640067401586e-06,0.126544165883068,0.0121618237761777,2.40110128966791e-06,0.856391770631324,0.0048473356150178
0.957983839385911,6.19114308510117e-05,5.55429738697174e-09,0.00667610770595099,0.0163805472970046,0.000990888652740189,5.12418465113682e-05,0.0178554581267333
0,0.035231059088718,0.00373613340759854,5.01256802682985e-171,0.000746826022909349,6.12460189406429e-05,0.472070515530379,0.488154219931454
0.00305213651140852,1.2595941633141e-05,2.00265687820812e-09,0.847906415853327,0.00239050641681694,7.5718959924719e-05,0.00472302980659492,0.141839594507637
0,0.98411069214214,0.00879391784317936,4.21989441587872e-16,0.00387306893930287,1.31829273449652e-05,0.00286115917837969,0.000347978969651884
0.130475599254085,0.0134109450970519,8.74125226489782e-07,2.99509643553409e-11,0.00173219039617334,0.00121746086589032,6.02224210600729e-05,0.853102707810562
0,0.942215312901219,0.0466559995656013,3.33183109165861e-174,0.00183597754321042,4.83230353075075e-05,0.00922265170243928,2.17352522226838e-05
0.00439749377055786,6.28644501210732e-05,3.05940171402308e-08,0.76812201361787,0.00571265031585541,0.000172420070637648,0.00213074310540797,0.219401784075533
0.314980506940771,5.81364224112517e-05,3.31780379642667e-10,0.620815003006479,0.0197273107827294,0.00239487754118635,0.000173404131170754,0.0418507608434719
0.0165981798056399,0.000141941908194246,2.38146867454079e-11,7.56005882121753e-05,0.930083055163426,0.05308948686743,4.29257120459981e-06,7.44307207839274e-06
3.78015307248332e-07,0.0111744095693979,0.000513257771717978,1.47705722534167e-162,0.224227759673957,1.1513035680265e-05,0.656676463204129,0.10739621872981
0,0.00282006214166989,0.00206575592086074,2.89322941465973e-12,0.000805833096304444,1.99429763101415e-07,0.988478584421497,0.00582956498701154
0,0.0379856775588861,0.000116717951616611,0.00259187757632589,0.064285197069101,0.000169850053382576,0.865095002968363,0.0297556768223254
0,0.186975291759201,0.76967166784519,1.3628245394256e-174,0.00166437816894502,8.78735161704721e-08,0.0363125123727019,0.00537606198044643
0,0.618643413889794,3.96476306744712e-07,1.4218591796613e-172,0.00880368002108845,0.362979339422436,6.46110628601542e-05,0.00950855912751485
0.961391328169296,0.000101560789463596,1.42855944274213e-09,0.00167420418335624,0.00896883712302338,0.000154784162915573,8.59242504432269e-06,0.0277006917183418
0,0.0251489049344559,0.000100958658482241,2.58737794194837e-171,0.0240818200929499,0.000380245589357594,0.00672420760338594,0.943563863121369
0,0.00835862633035472,0.900130553256431,3.4646478156585e-08,0.00256800183744618,3.59192510206714e-10,0.0889308753187143,1.19082513829305e-05
0,0.994072167733281,0.00168186324170318,2.26580210829289e-176,0.00257353211839164,0.000255699895685572,5.37874656756186e-05,0.00136294954526347
0,0.00657054162262059,1.50832410899275e-09,1.33021139976156e-05,0.0161519213282326,0.972535369086324,1.16360124589427e-06,0.00472770073925494
0.0236077354606943,1.62184952470411e-05,1.89068456069685e-16,1.53037806271383e-09,1.52319562634401e-05,0.976360641396765,1.08862094834503e-13,1.71160543408566e-07
0.933731840363574,3.9331286051274e-05,7.11944670129254e-14,1.42441886116086e-05,0.00895606074064249,0.0572549171954444,3.84462658801345e-09,3.60238097835062e-06
0.000402958287826351,2.34997706421489e-07,9.62324388203475e-10,0.975203496348444,0.00168028141290934,2.42345868829592e-07,0.0072558919727301,0.0154568936721904
0,0.00150503385477148,0.998426454638874,1.27327950349668e-181,4.63433834407384e-06,7.06710412100671e-12,6.38584399248076e-05,1.87210185443619e-08
1.76958405705494e-07,0.000993299547594166,6.79956590289252e-06,0.0152364826789789,0.00665652637612727,2.27273864791925e-05,0.970406133501015,0.00667785398549635
0,0.0105665389104271,0.0307499184427888,1.37522658340362e-170,0.0113541343835888,1.26207914427567e-07,0.796732964688047,0.150596317367233
0,0.489023891689861,0.252226316396351,3.9378789504534e-172,0.0175149841392877,5.80275553594024e-06,0.107011073585417,0.134217931433548
0,6.08889836761238e-05,8.73262539481064e-09,0.722681031220176,0.0147033657989994,0.00065078566310809,0.191294283805027,0.0706096357963874
0.00517279119641933,2.07248467729986e-06,3.31079739067855e-11,0.970006791546914,0.0107465913150547,0.000302871743959068,0.000177463259780377,0.0135914184200869
7.24415129206824e-06,0.000206634682607738,9.24014471247732e-09,0.00100417438248432,0.996867119589962,0.000358611906164339,0.00152353375032737,3.26722970172367e-05
0,0.0220063901064826,0.0866496797088007,8.71422658730404e-172,0.00199566401319494,4.83807456487401e-08,0.356888862949686,0.53245935484109
1.26586465424256e-07,0.010130697326917,1.91105022876782e-05,0.00967072740727266,0.926555233279329,0.00799358579327653,0.0450897021652664,0.000540816939185584
0.218646314246497,9.90287859364756e-05,1.57038487867952e-08,0.602939928364126,0.0451797986361986,0.00192113303726658,0.00194027055330641,0.12927351067282
0,0.959881296520573,0.0399540759294934,3.75001449315757e-179,2.15566704330128e-05,1.37382656235582e-07,0.000141852298537487,1.08119830692479e-06
0.00997765490185467,0.000224085403893413,1.17329155338322e-09,0.895150027947574,0.0796989884216721,0.00740199313363025,0.00208350230078389,0.00546374671729993
0.000166713851281018,0.000896961548808434,1.10305028735188e-06,5.29519194415212e-08,0.0982055118969007,1.7916304829585e-05,0.0914368273775508,0.809274913018423
1.96833085727494e-08,1.74410821459019e-06,8.22779006918719e-07,0.357697234786209,0.00879126803906571,2.84433333888703e-08,0.627235891936427,0.00627299022443482
0.998385020138919,1.9179607603558e-07,8.10837941667263e-16,4.74544378341202e-06,1.11289307340971e-05,0.00159763740424998,5.23739511319951e-11,1.276233862344e-06
0.00124982373106108,1.38165839299387e-05,1.07852856145607e-07,0.978165249817696,0.00429794808328371,1.11079079159152e-06,0.0032062246456338,0.0130657184947477
0,0.00966382681440733,2.15668431578023e-08,0.000625061103910482,0.0509161185946053,0.908686899837766,2.65824424986142e-05,0.0300814896399688
0.0325808850087244,0.0133992736888709,9.04349831199713e-08,1.54728429016104e-09,0.0193509202257535,0.287569617544237,0.00114024608673151,0.645958965463415
0.829771986497702,0.000685627343974741,8.78805229574612e-12,2.60375092620935e-165,0.0781437916730683,0.0913205695217442,8.97249551437318e-08,7.79352297674598e-05
0,7.21627252425028e-05,5.37364805750117e-07,0.0029569037231552,0.924979938063113,3.22415276145224e-06,0.0714872046936715,0.000500029277251192
3.65930690839229e-05,4.48961197001147e-07,3.96214536703767e-09,0.953932310106359,0.00239511355006699,1.29091802853869e-07,0.0183174786848374,0.0253179225745078
1.70840869874818e-06,0.930455849762937,1.46423737163251e-05,5.2777246238988e-167,0.000328561921073564,0.0170804160790236,0.000729177823619476,0.0513896436309311
0.924697339090503,6.39322325458679e-07,3.7415716376562e-12,0.0685367686302767,0.00623003623867468,0.000165884113143247,3.50473131933526e-06,0.000365827870015949
0,0.000976034175448675,1.27452734719452e-05,2.24904176309236e-12,6.55588565097063e-05,4.67949127023431e-06,0.00021286011951374,0.998728122081537
0,0.000143965776846196,5.61893488977921e-13,3.05991907804161e-08,0.000369101142094791,0.999445939485408,7.4191961055295e-09,4.09555767020859e-05
0.623392451084551,1.50509066035631e-05,1.22200430412194e-13,0.000137446280577698,0.0086990845238346,0.367729526182682,1.09617461065701e-08,2.64300598836506e-05
0.000120260227586967,0.0451317389822037,2.71785627660192e-05,4.76695275296903e-170,0.0110517570453758,0.00213017983905268,0.00158739372708717,0.939951491615928
0,0.00631437000594553,0.00231586390860119,0.000122935706634453,0.0020460863560564,1.873121460382e-05,0.981825435452278,0.00735657735588043
0,0.651109771515743,0.347550683601418,2.1569266512293e-171,0.000332452959741742,5.86075238404191e-08,0.00100218732214012,4.84599343272532e-06
0.999034661946988,8.68902586356478e-08,6.82679314294235e-13,0.000621220392165876,0.00031848889809127,2.66360837975436e-06,1.4788261537623e-08,2.28634751719131e-05
0,0.00302235106257101,8.98840257805792e-06,0.243107894664401,0.0148983351663998,8.98758744753189e-05,0.677471626198214,0.0614009286313606
7.04635873879258e-05,0.0138270307195695,5.50974074544475e-08,6.76493980571143e-165,0.025089743963121,0.952872646128204,0.000186171375508642,0.00795388912880119
0,0.0326129154435149,0.964376596584645,9.90284408851139e-176,0.000176503767368787,5.59133449532989e-10,0.00181559744939869,0.00101838619593944
0,3.70059271785509e-06,2.3565745322633e-06,4.95470945560259e-09,0.000164627434176991,2.12914571544944e-08,0.00842571027776395,0.991403578874642
