1.1975436147501e-06,0.00920087636393114,0.960621225399064,0.000312776533000415,0.02986392416039
8.79841782960313e-06,0.000452071777995461,0.321148405353824,0.571509330987965,0.106881393462386
7.7192736540396e-16,0.000301256649530371,1.54463287511241e-06,1.89050796746685e-06,0.999695308209626
0.00133156274615338,0.0411531189978584,0.70864146119073,0.239183026901916,0.00969083016334153
0.0348298173974406,5.35429152528042e-06,0.965161997338756,1.86720956695722e-06,9.63762711372494e-07
1.61045955550384e-12,0.0236827176261939,4.91814275321405e-05,0.00147740303124777,0.974790697913416
1.5903318958895e-06,0.118263232907613,0.00747114559850772,0.0100496269098646,0.864214404252119
1.67891215593966e-102,4.64051424390561e-08,2.45824735329737e-07,0.000138699625915992,0.999861008144206
0.0103991173728163,4.11836144972721e-08,0.989598970115383,1.7014190943527e-06,1.69909091901766e-07
0.000610274545094965,9.9899232514928e-06,0.999036755783667,0.000179963161265603,0.000163016586720557
5.4677803351188e-89,2.29053562766949e-05,0.532763997391923,0.0160027111287786,0.451210386123022
0.000254595952649473,0.00341108724049347,0.956867718770333,6.66043871309455e-20,0.0394665980365236
1.14788485085753e-07,4.7086326846512e-05,0.708340734578512,0.183561725611692,0.108050338694465
0.0145883078163039,0.981088209423929,0.00398898623849927,1.62830930995371e-16,0.00033449652126726
6.32210797896127e-07,0.00830022160682109,0.00101224677423428,0.104960838515465,0.885726060892682
0.00577135588236114,5.89851198540696e-08,0.98631082478216,0.00746625118764005,0.000451509162719049
0.00577667983158572,0.994222883717797,1.20594032723673e-07,2.988874474972e-22,3.1585658503617e-07
0.441850234526816,0.558092777134075,5.68068722517333e-05,2.70172442917705e-19,1.81466857372559e-07
4.89849878881766e-05,0.0391016059985656,0.503085122818779,0.274627493445143,0.183136792749624
0.00170171601467185,0.973160491320389,0.00370269494534865,0.0196334245720495,0.00180167314754092
0.00894733539934629,0.000681301880115371,0.990359430711855,2.01876665859934e-21,1.19320086836757e-05
4.73078133106628e-95,0.000823490027662216,0.00137816719871347,0.225896456619264,0.77190188615436
6.07314539395513e-90,1.57132189169219e-06,0.982830707591101,8.33143820411849e-20,0.0171677210870076
0.0284829786328544,0.619257303208486,0.348946391208336,0.00163963144328622,0.00167369550703768
1.64208876012401e-11,0.000597752099998884,2.23334436655442e-05,0.946066803503063,0.0533131109368512
0.0105638684675718,0.483467679100665,0.0109743156835306,0.491654117593128,0.00334001915510395
1.18578358459778e-10,0.0124186112442472,0.000420581301698499,0.00326006780340558,0.98390073953207
4.05954943326751e-07,0.959802471971237,0.000206350079462795,4.1343244804565e-20,0.0399907719943568
1.43289691012105e-09,3.71794143522398e-06,0.107061736542145,0.0404368332018347,0.852497710881688
0.151142739408441,0.848857255250208,4.61253550843537e-09,4.68124168885721e-22,7.2881503366447e-10
0.476402436578068,0.354716583228857,0.156485140841262,9.60406121038349e-17,0.0123958393518127
0.827901406418859,0.00140959123201871,0.170666833684739,2.07181910886779e-05,1.45047329438947e-06
2.31236137999257e-08,7.36843923714253e-06,0.0541165921026298,0.0328986419295017,0.912977374405018
0.00483068502020262,1.43659386698824e-06,0.995163599162513,3.82171336183483e-06,4.57510055717536e-07
3.39640442342241e-07,0.00146837704149404,0.0100163180841578,0.873551841283669,0.114963123950237
4.56481699287355e-10,4.24873159962937e-07,0.0626863351110559,0.00700278463604997,0.930310454923253
0.000828180616174906,0.999171812183759,3.10691968812314e-10,5.78473895367134e-22,6.88937391478679e-09
1.4848105064215e-09,0.000800767705125349,0.0190868533175951,0.879292286186164,0.100820091306305
1.62776153696204e-05,0.000985839706549444,0.871995223819987,0.0168678940147951,0.110134764843299
0.000146979760844221,0.999851288898368,4.77238091796065e-07,3.71737974679114e-19,1.25410269632678e-06
9.95369232134477e-13,2.90826072596716e-06,0.000152067128798424,0.000243651358387484,0.999601373251093
1.18414489361539e-08,0.0030224094833863,1.44123556850071e-05,0.994871882567568,0.00209128375191213
1.0643809464083e-92,1.13498660411241e-06,0.0431734051246727,1.85847691785058e-05,0.956806875119545
0.029996154114136,0.814251850570762,0.0038738152611422,0.151768665081136,0.000109514972824363
1.58207563259407e-06,0.0038775462811879,0.0117914570845398,0.958529423578476,0.0257999909801642
0.000813868344538025,2.99055081555488e-07,0.999176312875134,2.65071920940047e-06,6.86900603678461e-06
1.93849241072684e-09,6.68999424854174e-07,0.993105988301078,4.37510942456348e-06,0.00688896565158027
0.0157033032128706,6.83119276702881e-08,0.98429641510687,1.36928638567383e-22,2.13368332131713e-07
5.98126439892105e-06,2.18707915160993e-06,0.999741359482704,3.35765371839238e-05,0.000216895636561654
0.00106409223098668,0.330244692964082,0.305659765239479,0.00107149088000599,0.361959958685446
2.77804648181503e-07,0.00217309505066582,0.0552500654962104,0.0441870410861681,0.898389520562307
1.09462407589862e-08,0.000768699134523191,0.000852794017176957,0.661436453048474,0.336942042853585
1.08955955247966e-05,0.99812505189365,1.18726328989471e-06,5.91168420765022e-05,0.00180374840545837
4.83339525370852e-09,2.13904254985397e-06,0.0870046651893173,0.904142237893913,0.00885095304082434
2.12006226322666e-91,0.00528194831837969,2.46729432987943e-05,0.950379591422098,0.0443137873162233
1.16286020314142e-07,4.02722271918655e-05,0.747750716734959,0.0321498121668646,0.220059082584964
5.04625867435005e-10,0.329684174089312,5.38145925681144e-06,0.638065621417028,0.0322448225297774
5.71903728087822e-06,0.999541081176752,5.0016682660738e-05,0.000354040768525781,4.91423347803947e-05
0.990379184621621,1.99958816424197e-05,0.00960033688223147,2.12804953495659e-07,2.69809551385177e-07
0.240564570018754,2.93737803101104e-05,0.759396936125009,5.14531660637188e-06,3.97475931966198e-06
0.00953979839198177,0.0336078684881634,0.949341072715674,0.00663905079249404,0.000872209611687311
0.00192246551428436,7.69683736529518e-07,0.998073102428476,2.83210500321822e-06,8.30268500173762e-07
3.49759156280595e-15,0.132746037244387,2.30938515810253e-07,0.0235053711910175,0.843748360626076
0.964224347626272,0.00149611708804117,0.0342558110846449,2.28216858127217e-05,9.02515228938094e-07
2.17311469311161e-13,0.000775174527746125,6.31573035453252e-06,0.870177232240171,0.129041277501511
0.00550668711729903,0.0191529055144276,0.970192291741186,0.00318780755781676,0.00196030806927014
3.95614207074625e-08,2.90112797505493e-08,0.999009200061632,0.000217863639392014,0.00077286772627497
2.44581442393605e-07,2.34115100554557e-06,0.859217081522697,0.0350934815804911,0.105686851164364
0.000621754544416758,0.000368400600752608,0.977057259721388,0.00554093979814692,0.0164116453352958
0.000379222966633419,2.2212617327964e-05,0.724164003494404,0.268536238443298,0.00689832247833681
0.000922150017485084,0.00774784159684278,0.384791687986105,0.595860604629101,0.010677715770466
4.43400783556078e-06,0.0215043597833803,0.0968055381059707,0.0252772671932569,0.856408400909557
3.05501015827197e-07,0.0175262611496366,0.00127272286665461,0.409688487996825,0.571512222485868
3.8793984823833e-05,2.28505521407028e-06,0.988986967194418,0.00321408658635491,0.00775786717918911
7.64097290815804e-06,0.999881614739876,5.22851748116156e-07,0.000104261434214679,5.96000125295534e-06
2.1486157683508e-14,6.32161662321196e-05,1.12240152407672e-05,0.00414760916425133,0.995777950654254
5.2419776370677e-86,0.000267049574848462,0.993849256544361,1.3450300589316e-20,0.00588369388079029
8.19142058970149e-09,0.000194613137707119,0.00480665326546415,0.0126959924460835,0.982302732959325
1.65525570342231e-09,0.000241562360932244,0.0119131518767116,0.101290612467423,0.886554671639677
3.3116551852768e-10,1.30862653671284e-07,0.351670402593267,0.0524708848660116,0.595858581346902
0.000510461111341033,0.000413063135393965,0.996380811141766,0.000250148100349206,0.00244551651114942
1.9825248433212e-12,0.000316816987216559,4.55325812436114e-09,0.998337827809249,0.00134535064829374
0.00854749928494144,0.990822491126846,0.000348368876320287,6.80354632984052e-18,0.00028164071189199
2.93582880973421e-10,0.000605549221008133,4.8571273291837e-07,0.999192761336398,0.000201203436277625
1.72873833248201e-06,0.0181941437006992,0.16007545622639,0.03936997042463,0.782358700909949
8.60873245961325e-06,0.645127111324978,0.00892440886309519,0.0116023175040856,0.334337553575382
0.00473259343077769,3.50826434462966e-05,0.993771216311333,0.00120027450427306,0.000260833110170265
0.000535315691176153,1.15763673333459e-07,0.999461670783852,5.15564230116691e-07,2.3821970685167e-06
0.0981157605803171,0.000133527070260744,0.901443730456833,0.000129671237984411,0.000177310654604083
0.000280022887146075,0.999411565944551,7.35997705200525e-05,1.94114798150758e-20,0.000234811397782744
0.987643611461637,0.00363024728611334,0.00872521413463029,3.4516401947594e-20,9.27117619246357e-07
4.71360527121486e-11,3.24041479928252e-06,0.0074534932365818,0.000618812607203586,0.991924453694279
2.08638324256975e-09,0.00236060621704196,0.00860244279540217,0.00341741199768311,0.98561953690349
1.84137966952621e-09,4.31366064492328e-06,0.00727173161784703,0.123584338461813,0.869139614418315
7.09673579077207e-07,0.0010016088202052,0.0192712167952621,0.000628101206464892,0.979098363504489
3.48576744826561e-08,2.11834655560322e-07,0.961518478246794,3.46559119169095e-21,0.0384812750608762
3.39272153314889e-08,0.000227260271790318,0.018661397191678,0.788513802366639,0.192597506242678
0.000259204936917138,0.0654146702276615,0.000250534647324795,0.933652476125378,0.000423114062718491
7.51911194654637e-13,0.00242095189574043,2.96908749210313e-05,0.0327176171076165,0.96483174012097
0.000276523367277881,0.82856875810494,2.78980736262991e-05,0.171030476512057,9.63439420986184e-05
0.338883169443925,0.661116795396489,3.49276985169811e-08,6.51183237709078e-23,2.31886809977269e-10
0.991012223664411,0.000186829561695909,0.00880032611688661,5.65323543991991e-07,5.53334625574228e-08
0.0255109359210213,0.712336402445496,0.00131233429274112,0.260773705500675,6.66218400663339e-05
0.00105158097709769,0.998948348424127,4.34122543869161e-08,1.58290442621546e-21,2.71865205760506e-08
2.12414583192437e-05,0.00757572059054608,0.00335271222134589,0.987706046944118,0.00134427878567084
5.15651321364812e-08,0.141437781892494,0.0180957573275188,1.55939570166174e-16,0.840466409214855
0.0247208249962675,0.96509985298815,0.00951052518151071,2.44893658808441e-19,0.000668796834072039
1.39017791331269e-06,0.00641560294672733,0.000427425639867537,0.989588551355958,0.00356702987953379
4.59824969943565e-92,0.000186178276301664,0.00562977756710892,0.787554105290194,0.206629938866396
1.53659220391736e-11,0.00467022645058997,0.00142558244675037,0.117168849112482,0.876735341974812
1.85545547657408e-08,9.92469335447082e-05,0.0011307908418325,0.983422289177596,0.0153476544924718
0.00096535974646574,9.09806621715766e-07,0.998327299757495,0.000616071349117352,9.03593403000676e-05
1.49142512967721e-13,2.38484424335547e-06,0.00550775693083408,0.00154048629646242,0.992949371928311
3.788072946101e-06,0.000559281145606667,0.958611752449649,0.000788497325125301,0.0400366810066735
8.32360780566617e-05,2.79721706259539e-05,0.99980177378436,1.57573442150009e-05,7.12606227423852e-05
0.0185223756787438,0.981467726843218,9.18866308259738e-06,9.45384806690764e-21,7.08814955455177e-07
1.12340254869342e-08,0.0341805991497496,5.99520141109918e-05,0.896721480997331,0.0690379566047831
2.40589644462545e-09,0.0059972187461622,0.000886253493329896,0.536824256664546,0.456292268690065
0.0832865729246816,0.79881098147737,0.114515604170675,0.00190356098340199,0.00148328044387159
0.739354648941522,0.148720922520898,0.111093112775412,7.12374659883302e-19,0.000831315762167915
0.00204640626784147,4.56098222477198e-05,0.996484942509283,2.05186501653209e-05,0.00140252275046241
2.71006840524686e-07,0.996571023962825,1.74771564409434e-05,0.0019124757048186,0.00149875216907508
0.011607567433366,5.64115344786959e-05,0.988302097602659,8.92553988681571e-20,3.39234294960269e-05
2.57687934063648e-08,0.00101143118190407,0.200348896629806,8.88129079062541e-05,0.798550833511591
0.0158738339625184,0.000950710465952049,0.983015426274863,1.07145780035232e-20,0.000160029296666597
4.75741624038385e-14,8.09690289857016e-05,0.00046366984331965,0.472034297294029,0.527421063833618
1.38505902750342e-06,0.998692975141264,3.16326717399608e-05,5.02917688187367e-18,0.00127400712796827
4.45343718684587e-90,1.10765444976902e-05,0.268325304098286,0.0791133948118151,0.652550224545401
3.32910195595042e-07,0.105976469574101,1.18926689198524e-05,0.885106691213879,0.00890461363290447
1.17009097050047e-10,0.00125370141940462,4.28639480487663e-06,0.64002644155599,0.358715570512791
0.162734291655332,0.0142277948088563,0.82059828605378,0.00197277274032813,0.0004668547417031
1.99743857143087e-05,0.976726387790953,0.00187098861049991,0.00659876745410984,0.0147838817587225
0.591751768490179,0.408246948325766,1.26013053582566e-06,8.45593092578797e-22,2.30535189908886e-08
8.81113159590357e-07,0.973603865537309,0.000797601639194354,5.64932431529614e-20,0.0255976517103365
4.9729171922263e-07,4.29150943518624e-05,0.0123925107674835,0.981351940730428,0.00621213611601731
0.98512853001959,0.00967063701737583,0.00520061377618257,2.91957779534872e-21,2.19186851502985e-07
2.99626905366996e-08,2.38682614828588e-05,0.000223870441278913,0.99891586792546,0.000836363409088064
0.00693380852613801,0.0624803532970818,0.633337802265572,0.281608829793627,0.0156392061175814
0.0213542135569027,0.865218107450012,0.00220657264880379,0.110649709032909,0.000571397311372359
4.37731109651096e-07,5.87239031329327e-05,0.171711476604443,0.808037576985583,0.0201917847757313
3.92784305444944e-10,8.52755459686834e-05,0.0012527837742498,0.00210619380875092,0.996555746478246
1.01817302586166e-05,0.0450441193031809,0.907939725531198,0.0127938161599595,0.0342121572754028
2.81624542584481e-07,0.00126697557204112,0.0190662001831662,0.96428379803944,0.0153827445808098
0.00898190978947716,0.000345680644987769,0.387710531653743,0.600768008914068,0.00219386899772361
0.968743338685875,1.06582459329617e-05,0.0312458579063986,2.54179924735774e-22,1.45161792930089e-07
3.33810551673746e-10,0.00233600327358086,3.85527888908755e-05,0.0298662114560484,0.967759232147669
0.99942731174753,0.000313863624301441,0.000258821471143449,1.57735545138363e-21,3.15702497006719e-09
0.104878322231228,0.119636322152953,0.3449091318395,0.426076782496783,0.00449944127953547
0.00180353125312826,2.38561050712296e-06,0.99761706706475,0.000557765724353301,1.92503472611404e-05
0.229910468576004,1.72901936108794e-08,0.770089438464202,4.69391623738362e-08,2.87304385604302e-08
0.00394151196680101,5.03815310897459e-06,0.995948078775103,5.30653531488301e-06,0.000100064569671568
0.753438688718402,0.24605217606525,0.000384625402145147,0.000124162938789213,3.46875413592779e-07
0.00314715876257468,0.394701896524622,0.00319628803049867,0.597842027231461,0.00111262945084355
0.0137297653018232,0.986106077114306,0.000163641086999412,1.55945722186818e-19,5.16496871944599e-07
3.53004704719696e-07,0.924799012249658,3.73517209894739e-07,0.0751790278168292,2.12334115979493e-05
7.38348371413187e-85,3.94800356917135e-06,0.999728888911916,0.000258516008460007,8.64707605476876e-06
0.00592297558021952,0.671009592850287,0.000682071474144808,0.319791585938993,0.0025937741563557
0.00163451894337438,0.00137554173673456,0.996587752007922,2.60844067633167e-20,0.000402187311968922
0.28227620869093,0.674935836880864,0.0425454611328007,3.3093618957542e-19,0.000242493295405071
0.987909375866074,0.000413381133649222,0.0116740086402137,1.45028370170698e-21,3.23436006261959e-06
2.85459944834198e-07,0.00231345564782904,0.128271502725225,1.2211746561754e-17,0.869414756167001
6.44685796969753e-05,0.00115334039052784,0.00175969559078581,0.995943473778439,0.00107902166055016
0.000233696938672783,0.999636630530686,2.19022950743117e-07,0.00012839264370761,1.06086398349426e-06
0.982467988373791,0.017446334384454,8.56262716846968e-05,6.39408430364692e-22,5.0970070739518e-08
2.34200115313659e-06,0.993702687525532,0.00112570432012205,0.00164729933733797,0.00352196681585482
4.23247969698829e-06,0.0762609396064833,0.000814931890118744,0.915038907886256,0.00788098813744507
0.985227970772567,0.0147659176783504,6.11120513142938e-06,4.88792032342034e-22,3.43950843385129e-10
0.234552409816588,2.59545244966353e-07,0.765446943519606,9.39853243009263e-23,3.87118561101687e-07
1.37696105098552e-07,2.85839967489941e-05,0.965932459385433,0.00129808180877676,0.0327407371129356
0.998885228601696,0.000257716784152095,0.000857030154282029,1.36641434165056e-21,2.44598699965627e-08
0.000616531100904055,0.458703441822855,0.0877842089556687,0.00675229622644006,0.446143521894132
2.78168389547182e-97,5.72394845631275e-06,0.000456161477036799,0.000303869570354129,0.999234245004153
9.04937028157258e-18,1.15595298236359e-08,0.000181613753606679,0.00173648725456323,0.9980818874323
1.41739249587015e-06,1.160988408385e-05,0.945823336247056,0.0470369168008173,0.00712671967554674
1.06635954858168e-06,0.138821107648105,2.45990467339009e-05,0.859782091535884,0.00137113540972874
2.52079250716039e-11,0.000935252857161972,0.00128215783557057,0.00152239359198225,0.996260195690077
5.68037880783176e-08,0.753852653508633,1.32050612302866e-05,0.232628685776897,0.0135053988494518
4.13857768080803e-07,0.000158460838950937,0.00733095283000552,0.978018912197964,0.0144912602753116
1.07206777678799e-05,0.999987751579882,1.94759579906321e-08,1.11828629247389e-19,1.50826639257066e-06
0.99979143301927,4.7468157416952e-05,0.000161095494716803,8.10297444726391e-23,3.32859656265633e-09
0.368123858225212,0.626821093017061,0.00500333153074131,1.86707296222222e-20,5.17172269850399e-05
0.025122403938639,0.00336401462393188,0.964267824077845,0.00490357254925984,0.00234218481032462
2.61287732873741e-05,0.0357239701191112,0.137708964402479,0.16849759222076,0.658043344484362
3.46525862746472e-10,0.000252077062335643,0.00138202213730626,0.116389683278135,0.881976217175697
5.1087993414033e-06,0.00291727527948998,0.11180357407371,0.868401674817617,0.016872367029842
6.61853803772065e-05,6.24261903027632e-05,0.999152341387465,1.0348708688096e-18,0.000719047041854892
0.954011859708483,0.0459286559390042,5.76281657016699e-05,3.26069909004442e-19,1.85618681093866e-06
1.70136460666458e-06,0.153282094780784,4.13417955328997e-05,0.846186270904421,0.000488591154655445
0.117465327285106,0.0228465058966719,0.143446301632645,0.716179161053371,6.2704132205683e-05
0.866186430716613,0.0150359297089036,0.0895338411958844,0.0288378577292517,0.000405940649346919
0.00727072079368901,0.352842535565625,0.520333083717927,0.03072211403253,0.0888315458902289
1.11336651378978e-05,0.773945095992957,7.40018314425347e-06,0.225245150780577,0.000791219378184246
5.30817459737564e-14,1.08437738446306e-05,3.50744365217427e-06,0.000177670289983711,0.999807978492466
2.86276173192579e-05,0.0550307794102847,0.0245801216065507,0.000256581112309636,0.920103890253536
0.000883844272309408,4.21445736487996e-05,0.997504745457699,0.000932920584523599,0.000636345111819585
0.99916515609994,0.000803598002121794,3.12398437107604e-05,3.1009261510694e-22,6.05422730544395e-09
0.00121579146978031,0.0105812085883255,0.775551602854128,0.178681831611153,0.0339695654766133
0.0165168293336934,0.983473070729128,1.98859905856121e-07,9.89816575788485e-06,2.91151498759518e-09
0.999157570314241,0.00018794318133263,0.000654457491281838,1.77371336281286e-21,2.90131449813011e-08
0.122900912991743,0.774143707937895,0.00839866479144353,0.0928572384311747,0.00169947584774292
7.43557634502495e-09,0.00122907774830025,0.000139978276240807,0.00279464446399474,0.995836292075888
0.000287635969387864,0.48422758091701,0.425615114463274,2.19763054892649e-19,0.0898696686503286
0.000501134912843462,1.37403667432257e-05,0.9992975615318,0.000110271698244177,7.7291490369396e-05
1.77058092880243e-08,0.000259061749810835,0.0560664468292418,0.235435767982127,0.708238705733011
3.75296334304194e-12,0.0011719945474387,5.88223873945336e-07,0.9983111810776,0.000516236147334781
0.875832817375199,6.52288450255925e-05,0.124099487191415,1.29084589581476e-06,1.17574246549078e-06
4.06025929809786e-11,6.33479688732583e-06,0.644664202139119,0.000128790033277499,0.355200672990113
0.00366934613475126,0.760657660261373,0.130586715427829,5.88493277817792e-17,0.105086278176047
2.23341486940064e-92,3.32685017040558e-05,0.0111060308269372,0.350527526584441,0.638333174086918
0.0609912762750878,7.49315450927937e-05,0.938878524823243,3.63874823751587e-20,5.52673565768664e-05
3.46920881645166e-08,0.00156908269815446,0.00152968451049463,0.822142694165374,0.174758503933889
0.000325752678864489,0.998951671247237,0.000240127791179589,1.38313229892041e-17,0.000482448282718898
6.13421708799067e-10,0.000195352259977899,9.19294439104145e-05,0.000287549820582345,0.999425167862108
0.0225617894489532,0.0241480893098528,0.882365162770315,0.0701224272265299,0.000802531244348871
0.669366478448615,0.229185333062424,0.101394407268642,5.06638611009774e-19,5.37812203189214e-05
2.64645569818654e-06,0.951786705837134,0.00707497212346716,0.00475913564901262,0.0363765399346883
2.6309585463346e-05,0.0572180033923961,0.00773948150651555,0.833534360858389,0.101481844657236
1.49061120358588e-10,4.51084812634741e-06,0.0523915463498434,0.106686392069591,0.840917550583379
8.63193570403676e-11,0.00120782665314454,0.00410227514104597,0.103937536555863,0.890752361563627
1.17615450608279e-09,0.000115514396457892,0.0499992963352119,0.0066388795150667,0.943246308577109
2.02397125395733e-06,0.724015561166836,7.10326706936239e-06,0.275899348111473,7.59634833683525e-05
0.00744437847172941,0.0461298746173054,0.238608070681768,0.705311246633662,0.00250642959553565
1.32631007685957e-05,0.00746055874960624,0.000624727567978735,0.9882329745453,0.00366847603634636
2.59694261964819e-96,3.68076631628083e-07,0.000902563370915791,1.36941684915674e-20,0.999097068552453
3.986430433661e-05,0.998533171842469,6.46116349695983e-06,0.000560992225375832,0.000859510464321217
7.409211736071e-05,0.996497924108322,2.52621016197418e-07,0.00342726397510258,4.67178198346624e-07
0.0133127845267371,0.986684423750802,2.47030120055945e-06,3.81975684086525e-20,3.21421260591921e-07
1.20360449824019e-05,0.999636936868363,5.93321538837789e-05,4.39796306606396e-05,0.000247715302110323
0.000721539470008545,1.60865162609601e-06,0.999199293879666,5.05797164903885e-05,2.69782822094557e-05
4.51202738302407e-95,3.38850727968606e-08,0.0176457604307954,0.000608632062770133,0.981745573621362
2.04097395135123e-98,4.39679941052399e-07,9.15093333172997e-07,0.00182956126350558,0.99816908396322
7.61966137185696e-06,6.15520779504222e-07,0.920492296379639,0.0290902945754363,0.0504091738627737
3.01143161745804e-05,4.51682619933679e-05,0.0484578367826644,0.950013602356263,0.00145327828290502
1.17081695501087e-06,1.26176440637519e-05,0.996867642751893,0.000850611009655945,0.0022679577774325
2.82675071095471e-89,3.40505038499947e-06,0.992099735081156,5.39228826428523e-06,0.00789146758019438
9.80676008512113e-05,0.801041939564715,0.00752981618972533,8.59234824320427e-18,0.191330176644708
1.23153029220625e-07,0.000108848273489428,0.000651270736123756,0.981969391212525,0.0172703666248328
2.63207399766181e-11,0.000416673254176693,0.00232650516934909,4.84789459725911e-05,0.997208342604181
0.0217357351216994,1.18331866163566e-05,0.978160437596701,5.85738255395551e-20,9.19940949830611e-05
7.49991600840674e-11,0.00284241866352506,3.52169381075391e-06,0.782734446551316,0.214419613016349
3.05446987875871e-88,8.9783749047488e-06,0.999191941264649,1.54357247597454e-21,0.000799080360446728
1.22133578340148e-07,8.82054565000044e-05,0.00330982407103074,0.996148600709455,0.000453247629436331
1.02624245803645e-07,1.27655562173534e-07,0.998565337469867,3.07367597678029e-06,0.00143135857434823
0.977991685586956,0.0214547126770656,0.000552216587241321,5.65423700737823e-22,1.38514873653081e-06
1.16774874300012e-07,5.18857411390715e-07,0.999222344653571,1.94478577375503e-05,0.000757571856406152
0.000192405950564753,0.592313535547304,0.035603772494696,0.349480744961353,0.022409541046082
3.28054685961402e-07,0.00688278057247857,4.35968752004643e-05,0.992035313222801,0.00103798127483418
0.977946766728932,0.0219905032140147,4.94958044112359e-05,1.29769829581585e-05,2.57269683551591e-07
1.19024433216647e-89,5.17088046863038e-07,0.985142268568312,5.18803632996368e-06,0.014852026307311
1.84560863846809e-06,7.23078774349931e-08,0.999991667613599,1.31679542204852e-06,5.09767446305384e-06
0.000861186366664163,0.374762915858286,0.0762137774709997,0.0512821930780126,0.496879927226038
0.994487907930951,0.0032590537299021,0.00225290896046712,9.95319585103485e-22,1.29378679868972e-07
0.972126601264659,8.08044173435263e-07,0.0278724902727311,8.71480464632474e-08,1.32703899555666e-08
6.54805059247328e-05,0.0203892252647171,0.0888013217284852,0.712995536063852,0.177748436437021
0.98307523869571,0.0159707253585494,0.000936800441763589,1.67779408267847e-05,4.57563149850324e-07
2.7491082212611e-09,1.56703154918456e-05,0.000868150105092331,0.998250099161204,0.000866077669103763
2.33873192376508e-07,6.09019252250831e-07,0.980365897824549,2.23192493202091e-06,0.0196310273580748
1.25664807597021e-16,5.25205409107571e-06,2.70020260205029e-07,0.987515197405021,0.0124792805206279
0.997763477461754,3.96409270161987e-06,0.00223242949840429,9.8733917393911e-22,1.28947140210677e-07
0.0212568156808241,0.0174573872887813,0.947549107397437,1.88265246718857e-18,0.0137366896329573
9.94860871029099e-07,0.501016701620437,0.0288441462057976,5.42405325561884e-20,0.470138157312895
3.65041509914657e-07,0.000111937421643505,0.628406440605222,0.285854189770903,0.0856270671607214
0.00019093316602684,2.2092283215219e-08,0.999692982011601,0.000105049093925681,1.10136361635067e-05
2.36529030080665e-06,0.145447471581298,7.20528677970271e-07,0.85453219739964,1.72452000829945e-05
4.80999914414771e-05,0.91505423340886,0.000225127326695997,0.0839256025030472,0.000746936769954791
0.0321731270227549,2.30096386795983e-08,0.967826553211874,2.0311320628951e-07,9.3642526639852e-08
6.58458718593379e-08,0.136249190727269,0.000632420087736958,0.149639855466939,0.713478467872183
0.0195437235577029,0.000211038232331286,0.98020734907433,8.93823730282346e-19,3.7889135635901e-05
0.166064294894971,0.285156378986023,0.465030044773334,0.0823450679735909,0.00140421337208068
4.78145460605623e-05,0.000497062499077053,0.987723620006259,7.30223390710805e-05,0.0116584806095328
5.854144410135e-07,1.77832501565786e-05,0.986694650921734,1.08592323415825e-20,0.0132869804136679
1.548712750052e-08,0.0192365656585077,1.57557461137136e-06,0.976853386569633,0.00390845671012084
0.999877942953183,0.000108855742682076,1.32002808068803e-05,1.82123956873968e-22,1.023328371525e-09
1.93062998419482e-06,0.00137441642026769,0.002605878185932,0.970365953768388,0.0256518209954277
0.678708199654318,0.00267330552861677,0.31819720315295,2.69628436913102e-20,0.000421291664115694
6.74503328303086e-99,1.17128566677086e-07,1.79054816562489e-05,0.00210352116345628,0.997878456226321
0.174690199625799,0.380807243897361,0.437837468691846,1.47667714387284e-19,0.00666508778499415
9.72568040736589e-88,0.0171323083043331,0.00102152670841387,0.979650155757672,0.00219600922958086
2.54591186083936e-88,0.0191871343318669,0.0895700786969427,0.0260712670795711,0.865171519891619
4.00669886907712e-06,0.00264637775810474,0.072779016078039,0.758557752578816,0.166012846886171
8.30679893686664e-08,0.00348896118812514,0.260267891721139,0.0795963046775035,0.656646759345243
1.53222742238714e-08,6.32219071239365e-06,0.876623302818449,0.0293709743796363,0.0939993852889285
0.000517464627468008,0.00517410745860497,0.00515520661430674,0.982044538593185,0.00710868270643486
2.31958763587186e-10,0.00488343745118308,0.000374639901115721,0.0147757149759047,0.979966207439838
0.996052362843868,0.00356408292619142,0.00038348669967658,2.25537187514817e-21,6.75302639108818e-08
0.953160868555606,7.06117173722644e-05,0.0467684574820854,1.53037498673632e-21,6.22449364893667e-08
1.20396370543638e-08,0.995717713389618,6.47931748896551e-09,0.0042057007560737,7.65673353542503e-05
0.9776966008345,4.45771732944623e-07,0.0223028844940724,5.20144882461746e-22,6.88996943922208e-08
0.000279614068704769,0.999719844486966,3.58239761699611e-07,4.32986920717127e-22,1.83204567289537e-07
0.129798724413994,8.08611527330792e-05,0.870111226201871,6.87834625048795e-21,9.18823140185278e-06
0.10015147865621,0.886229978595438,0.000175579570317213,0.0134392987440798,3.66443395546948e-06
0.0566104676555042,0.938320229836639,0.00495504531820333,5.32086136672789e-18,0.00011425718965362
2.20806824405775e-06,0.747374073277647,7.44416632730611e-07,0.252518539676785,0.000104434560691455
2.19058995203187e-05,0.999978091271129,1.04902375317291e-10,2.25595604996213e-23,2.7244477890292e-09
0.772244178268248,0.0644536097170578,0.0607345152112379,0.102519205708588,4.84910948680592e-05
1.2828530295505e-13,0.00510473476706033,1.24496253049289e-06,0.305984700124771,0.68890932014551
1.31679631092586e-07,0.00521246849671539,4.92321264926597e-05,0.994661370616311,7.67970808500974e-05
1.70103043771047e-06,0.999699207074648,1.07122516717232e-07,3.63085883417497e-22,0.000298984772397452
4.21506725521813e-17,8.64411253048464e-09,0.000608303534769622,1.05064783306295e-05,0.999381181342787
0.99817964498087,0.00181767275312345,2.6660794078639e-06,1.01843269948135e-22,1.61865992775885e-08
0.00697724201979059,0.915591059836956,9.42160989718139e-05,0.0772544354650389,8.30465792423274e-05
0.496808928951628,2.39348458278394e-05,0.503157812131433,5.73916632312845e-20,9.32407111166595e-06
0.920667087887929,0.0686180869729899,0.0106617419161429,5.15502772798062e-05,1.53294565840617e-06
8.02668561881004e-10,0.735728443803221,2.25253093350117e-08,0.258540039166714,0.00573149370208759
0.01187746009792,3.34338835726295e-05,0.975531875734317,0.0125113120184404,4.59182657501124e-05
8.2865688099332e-08,6.94770096358516e-05,0.200483708529826,0.00113515985283806,0.798311571742012
0.00606617802786421,0.00113898595509799,0.228296280493507,0.76174671263774,0.00275184288579123
0.00428663711852187,0.985980788363914,0.00918410173471647,5.21947425819984e-19,0.000548472782847954
0.947149721362626,0.0527562658248143,9.97262986326166e-06,8.4007732808305e-05,3.24498882628761e-08
8.51013146309933e-05,0.00018475352068823,0.982303450467309,0.0019045262795821,0.0155221684177891
0.00671967996783689,0.993280312473095,3.94565519290248e-09,2.21326775611573e-22,3.61341343463376e-09
0.0456027819530023,2.42914474853695e-05,0.954369500122294,3.72247962155971e-21,3.42647721787938e-06
1.62176167467322e-88,2.61287382341642e-06,0.945371933340725,0.00101349828006498,0.0536119555053867
5.43158552053359e-05,2.79658994651941e-05,0.999756033162296,3.04120150361133e-05,0.000131273067997328
0.952150048824527,0.047630617180285,0.000210042227827579,9.19582236295301e-06,9.59449979343863e-08
2.136358041228e-09,0.524134208041305,0.000451990933757714,0.0313259337860542,0.444087865102525
0.0179153774268826,0.982082002731106,2.39908875804961e-08,2.5917609529506e-06,4.09017053196739e-09
0.000369432926387517,0.999629804656631,6.75615749394115e-07,1.14712873762718e-20,8.68012318234862e-08
8.95101445187814e-07,0.999871978468396,4.50591279740066e-07,0.000117465967397812,9.20987148072502e-06
3.04599660837382e-06,0.999880947530663,1.32267293766747e-06,1.16830903799107e-19,0.000114683799790531
0.000181628056063962,0.00377036858898756,0.689469137298058,0.30271383894533,0.00386502711156031
0.00726344540319181,0.992722381248954,1.3803923212062e-05,1.57327683982838e-17,3.69424642563177e-07
0.793616263453576,0.203352136494639,0.00299548657886876,3.5122077305014e-18,3.61134729159178e-05
4.95844007252716e-09,0.152583278185497,6.5412842625344e-05,0.496110653028426,0.351240650985011
3.38842611097719e-05,0.00129265143720431,0.703426810768471,0.247170550948795,0.0480761025844204
1.19365378406287e-07,0.975623161974078,2.53984330398857e-05,0.017130187812662,0.00722113241484134
0.990950150949908,0.00545004555552633,0.00357986322341411,7.66709925153088e-20,1.99402711516158e-05
2.71745487116119e-08,0.930789984775214,9.1939227279789e-06,0.0568405214487853,0.012360272678724
3.76693222847223e-06,0.00139854858407422,0.0105591409962339,0.986558315157988,0.00148022832947522
0.00363595717314583,6.3670378008351e-07,0.996233383946696,0.000111097763106164,1.89244132717896e-05
4.44384523685002e-07,0.763791867548344,0.00851898417355595,0.00125094066975081,0.226437763223825
0.00114163855865322,0.995690897177782,1.17549970849178e-05,0.00311977922713039,3.5930039349104e-05
1.34262883898787e-05,0.987154194569613,0.00238619177483437,5.37080870132047e-18,0.0104461873671625
0.973434831102248,0.000839461044678575,0.025725267044489,3.018857553011e-20,4.40808583974663e-07
7.89706887791042e-14,1.64340660605332e-09,0.019107603036857,0.000221989985827252,0.98067040533383
7.44976538875177e-06,0.99950624940506,8.40777144984764e-06,1.18375521893546e-18,0.000477893058101276
2.65226409612939e-06,0.999724255191274,2.9337082881601e-06,2.58692736837242e-20,0.000270158836341446
3.84382420101679e-09,0.0612918295679275,7.4557266472423e-07,0.937311199700537,0.00139622131504631
0.154940005376957,0.000415708622378536,0.844630555653491,3.66446181455571e-21,1.37303471729716e-05
0.00707852546081309,0.992697990557756,0.000190978394907635,2.64544398459223e-05,6.05114667732991e-06
0.00713419903543567,0.000534889938881314,0.991418144910296,0.000131945102900031,0.000780821012486843
0.160623365727494,0.00207512117407434,0.392420256293592,0.44464726597984,0.000233990824998907
0.913303223343576,0.0866957512110126,9.18648588436543e-07,1.17318043871341e-20,1.06796823022089e-07
1.88012530076863e-11,0.00196032010068968,5.33599687816142e-05,0.874682490844586,0.123303829067142
0.000119823177676293,0.439533877769399,0.000112760018600991,0.555483515071997,0.00475002396232699
3.39255021821523e-09,0.00838189078557141,0.0111423823845554,0.423782682341604,0.556693041095719
0.0180736033044296,0.0187036613389703,0.959050006204403,0.00349420557478881,0.000678523577408627
0.149698280479532,0.000923372121128945,0.84746667574225,0.00175216263661848,0.000159509020470608
4.76969236552821e-13,0.000271364032931955,8.93273150640321e-05,0.163536302090349,0.836103006561178
0.998437329811059,1.99484143479526e-05,0.00154271550832422,1.80756600336033e-22,6.26626836692439e-09
8.05648906971716e-07,0.000185251517971714,0.0865425418187828,0.766975114860284,0.146296286154054
5.21787949388195e-08,0.00163283944940796,0.434188283276255,1.54877897861652e-18,0.564178825095542
1.14148690062334e-07,8.86777117396583e-05,0.7451156037995,0.00201465265520237,0.252780951684868
2.55967499250342e-06,0.588363985695335,0.000118431412160014,0.410349970780941,0.00116505243657124
3.07162733598781e-05,8.6665290583895e-06,0.994681372442866,0.00412952333582142,0.00114972141889411
0.619609260549909,0.380385880597646,4.84697330657444e-06,4.39031917122491e-20,1.18791382899465e-08
2.57510653570836e-07,0.000199038623539029,0.132828681908746,0.796121979670442,0.0708500422866189
3.07367567083934e-14,1.16854175086541e-06,0.000164344506203002,0.387712758871209,0.612121728080806
3.01317603729589e-05,0.000110927566510425,0.883742262066727,0.0748981081011897,0.0412185705051998
1.85218369208261e-07,6.98735820348104e-07,0.98329969987234,0.00382826848069077,0.0128711476927799
2.55164738293594e-10,0.000361074852371059,1.23110747256841e-07,0.999618196372233,2.0605409484281e-05
2.90187315755283e-09,0.00116984929249194,0.603424093237554,0.0281969645984889,0.367209089969592
1.43097401999546e-05,0.342547347742882,1.1047916624832e-06,0.657246000029725,0.000191237695529856
0.000416808322451326,0.253305842814161,0.00259450461879518,0.741979899343442,0.00170294490115045
2.83660901403449e-05,0.00129523660421705,0.111697358800798,0.779688925865494,0.107290112639351
2.2062140085192e-09,0.998387523559162,1.09488878719791e-08,0.00110112636765806,0.000511336918077552
0.879362595700348,0.0581855858617395,0.0114780964328603,0.0509338204824504,3.99015226014627e-05
0.865696632315994,2.22393603676373e-06,0.134301085103175,4.18543216745544e-22,5.86447950048612e-08
0.0569106956971161,0.000230704646022417,0.942709575811787,1.97888546771106e-20,0.000149023845074088
0.164531535510203,0.00260511900825782,0.832439784574283,7.31597385636684e-05,0.000350401168692597
0.998245155265926,0.000253877550062009,0.00150088053507358,1.55479139370996e-23,8.66489387692099e-08
5.65650461186927e-10,4.85246004935197e-05,0.514566620403742,0.141600197474083,0.34378465695603
6.13669195523885e-05,0.93478271872968,0.000564473085683572,0.0564332428286067,0.00815819843647755
0.910045560952596,9.27701325182251e-07,0.0899533531034805,1.55297770217401e-07,2.94482781524621e-09
2.42729820777896e-05,0.798582054450447,0.00253866805906841,0.101595175339845,0.0972598291685619
1.58654128244986e-98,9.42874907603138e-08,1.7656399796748e-05,4.49884936064458e-05,0.999937260819106
0.259793905706564,0.174987537478208,0.56417310112344,2.61278333040556e-20,0.00104545569178805
2.49845696550539e-18,6.89307471797565e-09,0.000332979704908256,1.20797201303752e-05,0.999654933681887
6.58042239065478e-08,0.0856900722859864,0.390765902561961,0.000334748592132881,0.523209210755696
4.40212135125155e-07,1.06179330570188e-05,0.00106460366120561,0.998809621741806,0.00011471645179603
0.000511841562380241,0.00676607695587805,0.911425136067728,0.073834334771517,0.00746261064249624
5.67454493342317e-88,0.00161086271215242,0.0030323209458478,0.993796458310402,0.00156035803159782
6.9045360553651e-06,0.00780302453620047,0.0323903597876891,0.95406133243136,0.00573837870869485
4.04140667311188e-05,0.000341318299933137,0.982433664604518,1.09803160386265e-18,0.0171846030288181
7.91132501493288e-08,0.0821561187408537,0.000363019475991807,0.872679176219818,0.044801606450086
0.000173225201747889,0.998782511038763,4.04753922815477e-06,0.00100547754324576,3.47386770154397e-05
0.794827233627915,0.000929463084821097,0.20423367234584,2.15244043482591e-19,9.6309414234039e-06
0.032935196353219,0.967064758735512,3.12631924974441e-08,8.4930998479578e-20,1.36480768762575e-08
2.44620024050871e-05,0.99827933720491,1.75927607484008e-07,0.00169513499390961,8.89871167323624e-07
0.00579796710627751,0.994201968451444,4.06742172911709e-08,3.64602717610854e-20,2.37680616987969e-08
7.20165511587698e-06,2.12385338458385e-06,0.999888825080731,3.57855854824051e-06,9.82708522201982e-05
0.0234813489583732,0.945809758190671,0.000358578541090038,0.0303197683685396,3.05459413262359e-05
0.854854890531579,0.110232039496125,0.0285328792735811,0.00637336047290751,6.83022580787881e-06
0.00482040182706824,2.31336152297352e-07,0.995177592772344,8.59814344664817e-07,9.1425009100091e-07
0.202721968430714,2.38544070859158e-05,0.797253271524721,1.46901396728971e-21,9.05637478361956e-07
0.403093060170983,0.00526108429900075,0.591484837654446,2.82638471707292e-20,0.000161017875570407
3.71615534067012e-06,0.00445268892749659,0.000861941675249937,0.994170487196944,0.000511166044969227
6.18135503963603e-91,8.77964425139901e-05,0.187988001910789,0.173247957529606,0.638676244117091
0.000131458769690972,0.00988740785789878,0.981964429513573,0.00453835604980689,0.00347834780903018
2.56486193306417e-10,0.00200294027601244,0.00163873124886217,0.0217598922322163,0.974598435986423
0.629246438276999,0.00150130911188879,0.369061618080245,4.23225188101024e-05,0.000148312012057578
3.12295367472043e-15,1.85736238877771e-07,0.000105536494504241,0.00989324502608529,0.990001032743169
1.45475199278979e-06,3.6254836878474e-06,0.0907609976591102,0.908727149095439,0.000506773009770539
3.10874278681041e-08,0.00220688836571714,0.0439916491726295,0.0661452960232631,0.887656135350962
0.00119526867842664,0.132699978600748,0.852556007543204,2.13466642858467e-19,0.0135487451776209
0.590731875927228,0.247307499060915,0.161935051179571,5.65737892349028e-20,2.55738322865053e-05
