0.0379091382854576,0.121251450835274,7.67758350136373e-05,0.00233421084280812,0.838428424201447
0.286953700684379,0.174947864406113,0.0014321190135838,0.00043041170255526,0.536235904193369
0.0123582956174387,1.36077080231745e-10,1.87647042534557e-106,0.983525595504009,0.00411610874247538
0.00604952982648107,0.0177922677448939,8.28407123169902e-07,0.082700824550997,0.893456549470505
8.0899419467715e-05,0.926556122187416,0.000258198258175895,7.52086604422448e-07,0.0731040280483365
0.201002551955455,0.000419435684897786,1.40945299408688e-05,0.00529478796709947,0.793269129862607
0.000550409530197249,0.00107154029389891,1.02804109126936e-06,5.50452057391986e-05,0.998321976929073
0.044354266689209,2.14404270602198e-10,2.10095687195724e-105,0.951096625172447,0.00454910792394012
1.80614774525558e-05,0.927082217802232,2.1914761491056e-05,1.07979350704217e-07,0.0728776979794741
9.20648662513813e-06,0.375928637326912,1.00692301375348e-06,9.66917711975158e-06,0.624051480086329
0.0184568144642289,0.0253562628523405,4.26804400374212e-09,0.71070854590685,0.245478372508537
0.110121484703642,0.252622157542297,0.593432520727257,1.42641297592917e-05,0.0438095728970444
0.129487963346653,0.63831537279822,0.00106124543100291,0.0029719539857679,0.228163464438356
0.395551819499549,0.0090231131451566,0.594818029897932,3.4202647933001e-06,0.000603617192568853
0.946731051553509,7.18514807506877e-06,5.93002194685825e-06,0.0490694619222949,0.00418637135417417
4.43447452441988e-07,0.996008598022197,5.99156865963913e-06,4.03339402898512e-08,0.0039849266277511
0.00360779751229135,9.77767302886551e-07,0.996391223906022,1.46670572124461e-12,8.1291747279659e-10
0.0345754187306014,0.000577353211277195,0.964845046206888,1.19076604313191e-09,2.1806604668395e-06
0.763817368099752,0.117992569181785,0.0181885092099724,0.00134179799051911,0.0986597555179714
0.19301036424913,0.000175334616674903,0.806730778727114,1.00524089939929e-08,8.35123546720288e-05
0.000467309180001535,0.97235892508207,0.0222811886226142,7.11199698934755e-07,0.00489186591561481
0.0204344692161832,3.02475596176278e-05,1.28791988923646e-100,0.0182752865856837,0.961259996638515
0.00595828740387166,0.0494001832619075,1.18279118658183e-08,0.545950176256776,0.398691341249533
0.838224513712534,0.0603488337394766,0.0796005640402696,2.79608357106242e-05,0.0217981276720089
0.92342069170874,3.79873443094851e-06,5.12452204384819e-07,0.0711813665290187,0.00539363057560627
0.935008941762408,0.00158357089988898,4.05343904660796e-06,0.061945450734905,0.00145798316375179
0.996621313622928,5.49206568060087e-05,0.00153627196722728,0.000937455408107325,0.000850038344931669
0.792195310844069,0.017537378577865,0.0321472025798151,2.31848885056943e-05,0.158096923109745
0.00447283523698722,2.19500307933293e-05,1.06872344201887e-09,0.040024556246295,0.955480657417201
2.85687986978822e-05,4.86944502852696e-07,0.999970944252076,4.85244121775658e-15,4.71841816102389e-12
0.066790888111802,0.0137630303673068,0.00178430003283215,8.65535029624941e-05,0.917575227985096
3.23929748185325e-06,0.997752428357716,0.00219099033020381,5.93157320989796e-10,5.33414214404867e-05
0.000213949490381233,1.50417586314917e-07,8.77406720829299e-107,0.996713014490836,0.00307288560119654
4.63368814393805e-06,0.988357262526708,1.53978815952075e-05,1.32952667074099e-07,0.0116225729508858
0.727321943545596,0.00201673405830161,0.000123020035774443,0.00340482834704023,0.267133474013288
0.000729797865424523,5.7025857441239e-05,1.42371367212078e-103,0.180977462609081,0.818235713668053
0.0103837511581692,1.10849099277013e-08,0.989616237740611,3.51415975666651e-13,1.59587838579646e-11
0.133039651498453,0.0177429982143635,4.25806143679155e-05,0.0018535124899355,0.84732125718288
0.000105810723991326,0.989636005757877,8.32563584037004e-07,0.000627331751353729,0.00963001920319324
0.0771609956256101,1.38892303053144e-05,0.922825005011776,4.34624160387348e-10,1.09697684738458e-07
0.000244004043116251,2.18220840579797e-11,1.6334281028257e-109,0.999418385068209,0.00033761086685248
0.0126812984381735,5.1147991311226e-08,7.04235824369734e-12,0.986921208414765,0.000397441992028048
0.037042046695894,5.68564701364346e-06,2.16898728656158e-10,0.940365047327791,0.0225872201124028
0.550261190794812,0.440384122082147,0.000576682141815002,0.00231256210957623,0.00646544287165016
0.500582143941972,0.00784416415549548,0.000759474948839131,0.00418290018793556,0.486631316765758
1.31784095063039e-06,0.995845566621928,6.11746022465766e-06,9.43605429397879e-08,0.00414690371635427
0.00218630716890655,0.000469618066742988,1.61807926626748e-07,0.000341444091211211,0.997002468865213
4.52354531396894e-08,0.996754415230918,3.99597402157117e-06,5.41045597602245e-09,0.00324153814915173
0.0744204745828329,0.0832533053410192,0.000108615533892899,0.00114738835211826,0.841070216190137
0.942186678407479,0.000145261629884046,0.000306799112359408,0.000454039537737581,0.05690722131254
0.833395786823061,0.0680039558343978,0.0247230264547676,0.00294431396448212,0.0709329169232917
0.0366558873077399,1.24948686868215e-08,2.50304153232749e-11,0.963315909890849,2.81902815118329e-05
0.0407082586665987,1.94960361087933e-06,0.959289667467773,2.50758619598284e-10,1.24011258827198e-07
0.0371889422793548,0.00810050389952998,2.88516667125386e-08,0.914718780282892,0.0399917446865568
0.00695989994721239,1.96465983857797e-07,2.71848183142005e-105,0.98923776638482,0.00380213720198366
0.000900724601840336,0.94027849133523,2.7521167014181e-05,0.000315868264531134,0.0584773946313836
0.937834854767589,0.0225512896439266,0.0361984000734371,7.56026162111029e-05,0.00333985289883595
0.439991490174742,0.0350603052522623,0.522236439946388,1.39425366494716e-06,0.00271037037294244
0.000541117229478523,0.0671131730419154,0.932315626869735,3.37604649538483e-09,3.00794828245864e-05
1.86015053831947e-07,0.999582780716949,3.68682386296478e-05,1.42271617372469e-10,0.000380164887096334
0.396113555733474,0.458299491761729,0.0890165476898106,7.92356111963118e-05,0.0564911692037906
1.60260301134749e-06,0.980205384062391,2.82029562873982e-05,7.34468048697782e-08,0.0197647369315049
0.00753193659120502,7.37882093012101e-12,3.25282217528034e-14,0.992276615262288,0.00019144813909606
0.0437101315844911,0.560581247050444,0.079385049987576,1.60503871467026e-05,0.316307520990342
0.167433658314799,5.11691871471447e-09,7.13151224137276e-10,0.831751924349378,0.000814411505753489
0.00172525987925367,0.880886191893064,0.104864823941912,8.23410844108353e-08,0.0125236419446862
0.00385688398406819,0.469306181305599,1.32601302237287e-05,0.00917658937818441,0.517647085201925
0.000793877023482331,9.14502237977209e-08,8.00828758181308e-106,0.997278994854363,0.00192703667193069
3.11655181202069e-05,0.102969525282121,1.68653777472936e-07,0.000780244988558108,0.896218895557424
0.00900774354498775,0.00640454275501834,2.91412559280573e-08,0.963655088702804,0.0209325958559335
0.27115035901658,0.142302914438499,6.39449808077966e-06,0.482003324498406,0.104537007548434
0.00121831814672915,0.402565352443724,0.000111800612727649,1.59457136863252e-05,0.596088583083132
0.246645838558059,0.0183485785682337,0.734117534651212,7.50983886243574e-08,0.000887973124105986
0.034554363323838,0.00139034242770265,1.1010104643309e-08,0.907725866934287,0.0563294163040679
0.234123822295923,0.00328633171818763,0.762206625610103,2.79299582405053e-06,0.000380427379962341
0.809741477519425,5.59596672779027e-09,1.35770259027125e-09,0.190005621294553,0.000252894232352683
0.930001283105077,0.00039954601115711,0.061820592134596,8.19334332492505e-06,0.00777038540584482
0.120993633369537,9.25968802004713e-08,4.26469704929035e-11,0.871192573130273,0.00781370086066316
0.0331124010307908,5.63542372511818e-05,5.37593264361874e-10,0.144270164140135,0.822561080054229
4.68092212128497e-05,6.99432942476408e-08,4.26224654436419e-15,0.99441366571901,0.00553945511647909
0.0248240343465968,0.801807745034643,0.0456288032465385,1.24614658513598e-07,0.127739292757563
0.00153120460806488,6.98914611491217e-13,9.06115235060276e-17,0.998435354036038,3.3441355198412e-05
0.622871399139262,0.00841614427527709,0.36755838207348,8.49841995947948e-06,0.0011455760920221
0.0293561220007819,3.75012511358735e-05,1.01293624778103e-102,0.96177083683959,0.00883553990849252
0.94657386477599,2.68903997353196e-05,8.97090900490755e-08,0.0420435251453908,0.011355629969794
0.682923151789173,0.000791701543556629,2.0542431270224e-06,0.218127645654373,0.0981554467697702
1.61268516241661e-05,0.968615019783406,2.21280163715647e-97,1.87254678284629e-07,0.0313686661102911
8.37417461152422e-06,0.903275577889053,8.79757885685047e-06,8.7341528581019e-07,0.0967063769421929
0.00201927155771376,0.970901416124242,0.00576629501944684,1.86357628294963e-07,0.0213128309409687
0.625459665932034,0.00123440946759014,0.371745948138692,8.27775945409137e-06,0.00155169870222967
0.000352953259701903,0.386659701448766,0.612785928736942,1.64075691401414e-09,0.000201414913833347
0.0492251224423203,3.47096549709251e-06,4.28802555258184e-09,0.408721915150399,0.542049487153758
0.00266810161964402,0.00170857988507808,3.83804592327079e-07,0.00143260771015989,0.994190326980526
1.32651120935543e-05,2.84518533768309e-08,1.42480967532771e-108,0.994905731980887,0.0050809744551663
0.665582852068283,0.0205426753143067,0.00795781953796542,0.00669932018486979,0.299217332894575
0.000115976619068188,0.0231280627137569,6.56783310055094e-08,0.000179134723385843,0.976576760265458
0.00377553194975677,0.00998626942376057,7.28176086393487e-10,0.859232010988471,0.127006186909835
0.473110280584117,4.03249555261352e-08,1.57319662400852e-10,0.52631940692257,0.00057027201103801
0.972378915502693,3.12274451447295e-05,1.47712017046819e-06,0.0054923032786329,0.0220960766533588
0.433686754760782,0.4604357467915,0.0819024125202686,1.93102888763025e-05,0.0239557756385736
0.000971283070463265,0.0553314464924496,0.9436942961277,1.74745109807182e-10,2.97413464171222e-06
1.06103018105669e-05,0.936104986210699,0.0637110291627204,5.99981722656519e-10,0.000173373724788642
0.860679669559212,0.0277829956967108,0.106821059565266,3.83424079550947e-06,0.00471244093801587
0.00087499316155474,0.0160390193787519,0.983081787755899,3.37786470391278e-10,4.19936600768605e-06
0.956821662370922,1.25391110812424e-05,4.38527193002221e-06,0.0431255884259281,3.58248201386763e-05
0.0175465231533339,0.00119698332121336,2.00584835319787e-06,0.00085696106061214,0.980397526616487
0.0176114555215311,0.00762594798927166,0.973570177952106,1.43471565427012e-07,0.00119227506552642
0.939535443651516,0.00109433845198644,2.52588224760864e-97,0.0553895833655811,0.00398063453091616
0.000509330936358994,0.00221932252481392,7.08251849181031e-11,0.827600846537817,0.169670499930185
0.168915603881697,0.000118972280815105,1.2641473553908e-05,0.00235015142334198,0.828602630940592
0.0726660075724598,0.000158327187316812,1.35580079007383e-07,0.00834217910763875,0.918833350552506
2.11036941040824e-05,0.915223209246601,2.00877904298737e-06,0.000128253989251809,0.0846254242910003
0.0791258632791751,6.46776292395914e-05,4.33350852542859e-07,0.654207640898507,0.266601384842226
0.00181376373828919,0.0489352537128985,2.09928106925816e-98,0.000269725645619903,0.948981256903192
1.83103783399068e-07,0.998748630495386,1.15448365742986e-05,3.08464263950387e-09,0.00123963847961411
0.00245322434897341,0.00433215471525674,0.993211867810403,1.63354746311911e-11,2.7531090310035e-06
0.999822218837951,4.14729288257902e-07,6.51916314637738e-06,0.000154379013645809,1.64682559681363e-05
0.0282446782752402,2.4131571438347e-05,1.72079018578998e-09,0.970962844141552,0.0007683442909798
0.180942645521589,0.411857439555784,0.344281185913485,4.02206009148427e-06,0.0629147069490517
0.162790725121248,0.804434669838431,0.000203987124776873,0.00515441424292243,0.0274162036726215
1.75607016466824e-05,0.988937977880696,0.000112590298778349,6.04914495645115e-08,0.010931810627429
0.987636202923824,0.000726897552712175,0.00837322314381492,3.30727251499487e-05,0.00323060365449931
0.000110816883875988,0.936923891460525,0.00132396612272499,9.46271217812858e-07,0.0616403792616561
0.00722362180585966,0.00663432101870033,3.20051262492892e-05,4.98727260402169e-05,0.98606017932315
0.00910650045122575,0.340014847501064,0.649622023134945,1.0631458792356e-07,0.00125652259817768
0.208943461392374,2.28754765619294e-06,1.72630542804392e-07,0.776085510435542,0.0149685679938849
0.0851736265765835,0.000893396495682973,4.83318708602903e-06,0.000814304863777359,0.91311383887687
0.000306481607001266,1.1327613698597e-07,2.99259435461947e-14,0.999088506563975,0.000604898552856643
0.98085255732463,6.45164278192751e-05,7.51939276559483e-07,0.0132928597836788,0.00578931452459557
0.882402587346806,3.31424115905466e-05,1.60463537184481e-100,0.104289000644406,0.0132752695971973
0.0212304441457716,0.0723234674260188,0.00458549334440888,2.23451921169878e-05,0.901838249891684
0.985483676079961,0.00138347749324749,0.00794985995250082,4.22474824275238e-05,0.00514073899186363
9.57770596518403e-05,5.82779225273926e-06,0.999898393791124,1.76522418672539e-13,1.35679500460567e-09
0.514778999482142,0.132252687080373,0.00369366510035269,0.000372784290399088,0.348901864046733
0.201012466914627,0.555791434129891,0.00643022899346414,0.00225504759039789,0.23451082237162
0.00226084884071307,0.0526260919552811,0.945091639353464,1.25239855801579e-09,2.14185981433524e-05
0.0029450657206127,0.0196560994867958,1.35198684433912e-07,0.0151026309887184,0.962296068605189
0.287637970019764,0.598768079796427,0.0537962482471671,0.000266915631691569,0.0595307863049499
0.0208440840260838,0.677843848424437,0.00142075620650651,4.76486276228703e-05,0.29984366271535
0.0299169744007755,0.0012232705519664,6.24837931842637e-09,0.959215565936655,0.00964418286222368
0.941510416489695,0.0131838121739775,0.00236257506765951,0.000313613095598086,0.0426295831730696
0.0251533294242328,0.0186412111060297,1.53618162686252e-05,0.000211315815743858,0.955978781837725
0.676001678584362,0.182646796178237,0.00120495696026932,0.00190260969027284,0.138243958586859
7.65182673770998e-05,0.670365549468745,1.44891574997562e-05,5.03107769917318e-05,0.329493132329386
2.50379257481943e-06,0.997117121887109,0.000322298807964667,7.10864184313581e-09,0.00255806840370907
0.99039961289696,5.89177802214611e-07,3.27676993401005e-08,0.00305543610711405,0.00654432905042458
0.000764441764643618,0.0687196933003716,0.930511437054815,2.11210363342714e-10,4.42766895941195e-06
0.573330689431159,0.297321416342265,0.00164297005645002,0.00463644055952454,0.123068483610602
0.000240344620790969,0.991327235705592,0.000305414401740543,1.14118677937781e-05,0.00811559340408243
8.60411385214187e-08,0.997973597064443,7.06453326047871e-06,2.4287353110485e-09,0.00201924993242273
6.42265251834191e-05,0.0394821334099966,5.19453741991211e-07,1.76504898629602e-05,0.960435470121215
0.00238488810058647,0.0560935139813713,0.941509792170675,6.28092069645636e-10,1.18051192752037e-05
0.230533798928884,0.00196472414602541,7.07883741936328e-05,0.0423272931800366,0.72510339537086
0.114886679984253,3.72364689811683e-05,0.885076000920379,5.6556345925407e-10,8.20608239145875e-08
0.506872653816196,0.00177241286616504,0.491285013569656,2.86462190074801e-07,6.96332857923172e-05
2.48254561143706e-05,0.989464875317601,0.000168517351666398,8.54947178020808e-08,0.0103416963799007
0.876458754350344,0.0345912585021536,4.95999000824402e-95,0.000113069346102452,0.0888369178014002
2.34412685106045e-06,0.975144737149694,1.74871289566454e-05,1.29955584405126e-07,0.0248353016389137
0.0413139087597462,0.752952315919667,0.149013283452192,4.77714256823819e-07,0.0567200141541376
0.00543363514189505,0.030564679294368,0.963904348403752,8.03347572810453e-10,9.73363566369993e-05
0.117089479289215,2.58186130224562e-06,2.03856084917753e-07,0.795272896469376,0.0876348385240212
0.0151529408256987,0.000733294673587968,1.26077431979423e-101,0.965162664089321,0.0189511004113925
0.99677174306706,6.57341103857359e-05,0.00316084676034251,5.0828352230179e-08,1.62523385923708e-06
0.00324805930403924,0.208189248843522,0.78741220559286,1.852455537934e-09,0.00115048440712363
0.804274425237008,0.0345461530740429,0.00121525746501885,0.00080020063738994,0.159163963586541
0.707636306063875,0.00203793418583631,0.000896874457789013,0.00600061405645462,0.283428271236045
0.000327371403565606,0.347277204481722,0.652385156916499,1.45229852011785e-09,1.02657459144003e-05
1.33521668587747e-05,0.987462417495154,0.00103246748701894,4.19202045624279e-09,0.0114917586589474
0.00285731406753859,0.206236828444616,5.60991021667962e-05,0.000371408509290236,0.790478349876388
0.000430145150504039,0.150715842391306,0.848802244551072,6.90641923030156e-11,5.176783805372e-05
0.925422222207573,0.0013557201410781,0.000721805192351566,0.0154108839905383,0.0570893684684596
0.400662534246567,0.0037871072254551,1.31083553849996e-06,0.240935708611562,0.354613339080878
1.31017766228386e-05,9.50561234859744e-13,4.0546429185347e-111,0.99983275237514,0.000154145847286176
0.000618119039835191,0.827360372470054,9.5828806048598e-07,0.00144518891550781,0.170575361286543
0.991670889058078,2.44092057217583e-05,2.92586711802039e-05,0.00822570175057247,4.97413144470651e-05
0.0321374418961646,0.00195869841267426,7.4573730504308e-07,0.021671755358869,0.944231358594987
0.158085295998622,0.000790318602785629,0.841114409677499,2.57754469602377e-08,9.94994564636539e-06
0.221556146783105,0.0597229047191941,0.000188143393380398,0.011026277575404,0.707506527528916
0.246482220672919,0.0584070841197133,0.68930601369279,9.1333657879421e-07,0.00580376817799905
0.00010011786250798,0.000513378376528361,0.999386471371534,3.57041183639758e-12,3.23858596235243e-08
0.0353902655978388,0.593870889952968,0.366673635839187,1.35074009057469e-06,0.00406385786991609
0.000186085790342091,0.955552521546582,0.00136273307363343,6.32642918836168e-07,0.0428980269465241
0.00532441980596661,0.97884030632819,0.00407203595900321,5.30089918985436e-06,0.0117579370076503
0.746193939411406,1.99257542797466e-05,1.5264564894661e-100,0.224315684567765,0.0294704502665491
0.000338225951700508,0.764265939892384,0.00070750315301609,1.46499407675619e-06,0.234686866008822
0.0279321534767307,0.286607404842826,5.31154902529062e-06,0.00637234210865957,0.679082788022759
0.000730725907643851,0.0216817567116147,0.977582844597974,1.12308467812898e-11,4.6727715369911e-06
0.141360439664694,0.671932545818492,0.00097916765846934,0.00480020664784821,0.180927640210496
3.87019644948101e-06,0.999072493515058,9.50348680892204e-05,1.20697905137002e-08,0.000828589350612903
0.0448814835158721,0.00287619936951859,0.952235690696291,1.8004278651069e-07,6.44637553131133e-06
0.173698242225009,0.594769354305388,0.043444866800514,1.56036384975379e-05,0.188071933030591
0.480739349026373,0.000280090312188911,0.518974498463313,3.66926058230174e-07,5.69527206747366e-06
0.983459603185002,2.96184443764762e-07,2.05944641375742e-06,8.44523604339772e-05,0.0164535888237067
0.0456664265675878,0.0231540303856662,0.000213483043132861,0.00410801414684091,0.926858045856772
0.00227345144105007,0.128040720843532,0.000247670735509847,0.00010733501037714,0.869330821969531
0.00110309924948383,1.24983749761776e-05,0.998884397977919,2.3803212428132e-13,4.39738342312634e-09
0.0236042909826313,0.595088843683637,0.00106805776312659,0.000170109730510865,0.380068697840095
0.00112929128485231,3.80651864412018e-06,0.998866901514986,2.64858500201372e-12,6.78868603234243e-10
0.000104808372273346,0.00140366707987713,0.998491388309343,4.75780144241478e-13,1.36238030237545e-07
0.414513185240685,0.248222079442458,0.249136667632205,1.07516520114031e-05,0.0881173160326413
0.182694813377048,5.46254870936342e-06,3.03250834513934e-102,0.111279364377923,0.706020359696319
0.264747928014266,0.145976791111908,0.500016030349333,1.97215544801041e-06,0.0892572783690453
0.000161083581371999,0.984399143603325,0.000465519090509395,2.70247207248697e-07,0.0149739834775861
0.134320423760804,0.071076843673043,3.79292693701592e-06,0.000301021005080416,0.794297918634136
0.00516957391358411,9.62877865129014e-09,3.15897990696188e-13,0.994000860263707,0.000829556193614348
5.75166946407654e-05,0.937097000546762,0.0624516852074014,3.03026988637387e-10,0.000393797248168468
0.0019412381744723,0.0041157536778476,1.64482301870577e-06,0.000224932524763105,0.993716430799898
0.00547977862982089,0.828446137358867,0.130141890398823,6.92113911267131e-06,0.0359252724733764
0.0872649933734522,0.000741464786055847,3.56676608517382e-07,0.0979423260789726,0.814050859084911
0.000456042438048849,0.983866309299329,0.00187160712768622,2.95935463752696e-07,0.0138057451994718
0.642496850412884,2.75144874793233e-05,5.61827369532856e-08,0.344273986659417,0.0132015922574824
0.0177303210584614,0.930051247773847,0.051246189346369,3.59312597673137e-06,0.000968648695345995
0.601147374758704,2.784689060368e-06,5.98869352551842e-100,0.391115836907532,0.00773400364470314
0.0022427491941737,0.972956790443563,0.00520785645226807,2.19684887179694e-07,0.0195923842251075
0.0104301406789075,0.929175369058834,0.0509625857988688,1.20662129730156e-07,0.00943178380125962
0.67954432271888,0.000377918279316376,0.31583103781568,3.99557508612022e-07,0.00424632162861509
0.0493892385793362,0.00106256859844217,2.44274208714522e-06,0.0109861873226164,0.938559562757518
0.0171763688089751,3.70984777748718e-05,5.41863888447859e-09,0.0755891108699895,0.907197416424622
0.16933962025084,0.0368380039263703,7.93496297822963e-05,0.00637217333150782,0.787370852861499
0.0386541902007,0.000359913630046367,2.39199846620158e-08,0.920734597592013,0.0402512746572564
0.995524623231555,4.33876830182287e-05,0.00405185824473967,2.5700595517202e-05,0.000354430245170235
0.00888363081355605,0.985244305181375,0.00398448477409595,3.8536513451558e-07,0.00188719386583893
0.2800016393469,0.391487898838275,0.00303387181908492,0.000344661866938154,0.325131928128803
4.50392347041801e-05,1.98148701247251e-09,3.2051507058489e-108,0.996914816456335,0.00304014232747355
0.989343686033419,0.000796613333928444,5.4498884591644e-05,0.00894379101918637,0.000861410728874472
0.933828334462542,0.000641062928628922,0.0655058366537293,5.5805239283349e-07,2.42079027068518e-05
0.000662009476644143,6.11991261735832e-08,0.999337929314532,6.31982655802467e-14,9.63438253491553e-12
0.00593869321052115,2.05345004630351e-05,0.994040528045366,1.63172666039699e-10,2.44080477549238e-07
6.00448590945034e-06,0.967672945824205,6.98839756530699e-05,4.85159397937946e-08,0.0322511171982931
0.000109382900415599,9.50359631543758e-13,1.2015003086336e-17,0.999851327261168,3.9289837466113e-05
0.00284276310929922,0.000285566343177997,8.90725546683042e-08,0.00109673438231053,0.995774847092658
0.00236071579936721,0.0343073705650967,2.00376315915503e-07,0.0271426429479115,0.936189070311309
0.161278840973681,0.00950335570650009,6.86595839104286e-08,0.637306302135459,0.191911432524776
0.00964219465032476,0.7053120803163,0.00956247771628043,2.90897946970824e-06,0.275480338337625
0.00320616281062715,0.972860999658136,0.0186421426304824,7.13749074739282e-07,0.00528998115167966
0.678511245868502,0.0051793460702932,0.00716773424203745,6.1601752635225e-05,0.309080072066532
0.0048855206136007,0.00242161735367793,5.00842260965055e-08,0.355128887007808,0.637563924940687
0.177168755812636,0.000191112537046089,3.46268986475553e-06,0.0117513755983843,0.810885293362068
0.00511999801017746,0.902581551796117,0.0199209186990893,6.88664160166429e-06,0.0723706448530148
0.512964339711977,2.81031730446634e-08,1.3597628874037e-103,0.48633698335145,0.000698648833400324
0.00648079538959679,0.898514115995895,0.05311817046489,1.13200218545481e-06,0.0418857861474328
0.0079236936096163,0.725136524141498,0.00218990580648003,9.67711313859526e-06,0.264740199329267
5.01490515946604e-05,0.0023680999777125,5.56232155675472e-09,0.000236732593825322,0.997345012814546
2.99039762840793e-05,3.10541631759093e-05,0.999939040759643,1.35047913801782e-13,1.10076219090049e-09
0.000693734116733011,0.0815641299665467,5.52760075855869e-06,0.000119117276427618,0.917617491039534
0.912780514471676,0.0140065828670245,0.0395066982034604,9.13141885679104e-05,0.0336148902692713
0.0565144123171233,0.0941353973858813,0.848537218984131,7.93217341847291e-08,0.0008128919911303
0.0129823258219949,3.43739890865763e-05,0.986982207456739,7.79365287350303e-10,1.09195281362075e-06
0.00690943621189617,0.0104899385470347,1.26621470583003e-05,3.2023633418059e-05,0.982555939460593
9.90395129530024e-05,0.55155670176524,5.31525283644504e-06,5.09443655018733e-06,0.448333849032421
0.996110289188298,1.11187075543192e-05,8.18717240186807e-06,0.00349563525194727,0.000374769679798743
0.000385472647250292,0.656405443897035,0.342749231465731,7.20566258732784e-10,0.00045985126941781
0.000169339753075783,0.998984723440184,8.44763707602068e-06,6.7260246291158e-06,0.000830763145034751
0.200556644104117,0.000216514024974635,0.799223870223905,4.05755242397208e-09,2.9675894512941e-06
0.00156288625572921,0.00221556480905957,0.996218804771192,8.63609342614123e-11,2.7440776579651e-06
0.189337396753433,0.716543509722415,0.0184070905218867,0.000473604746929488,0.075238398255336
0.00847183879292374,0.00166538795171477,4.86185910978948e-07,0.174236909378187,0.815625377691263
0.013887279601963,2.34735872913675e-09,8.54634085524876e-13,0.985731867477921,0.000380850571902651
0.000390397196251752,0.144198522175682,0.855314685755897,1.35589375364727e-09,9.63935162757341e-05
0.0018574118868957,0.105689589238943,1.68758204875538e-98,0.000390825682952194,0.892062173191209
0.960999137301086,0.00248589725931569,0.0358748349367356,5.26634095119168e-06,0.000634864161911755
0.00377537339862003,2.27651862821211e-05,5.6588835269483e-11,0.993216708632241,0.00298515272626818
4.93647084838963e-05,0.662386686979594,1.18845908209316e-06,6.15085198604739e-05,0.33750125133298
0.999391705166579,0.00010005612211013,6.61169943368874e-05,0.000414438202580398,2.76835143932317e-05
0.997491343872579,0.000164160892840322,0.00147831661607313,6.28184326017756e-05,0.000803360185905312
2.35605650599987e-05,0.981259736730613,0.000316731519197931,1.690731926088e-08,0.0183999542778101
0.86991605343294,3.30981283828778e-06,1.57142060720207e-06,0.120202294793877,0.00987677053973783
5.54644170754596e-09,0.999737595220504,3.8672365130727e-06,1.44887234370933e-10,0.000258531851654485
0.0232691111451744,0.205854596682328,0.000486624679080538,3.00049457572259e-05,0.770359662547659
0.000573724119824151,0.00746740370157471,4.21250778865583e-07,0.000106556932333619,0.991851893995489
3.86351642470395e-05,0.00465607556930171,1.68722221983007e-08,8.44961674730065e-05,0.995220776226756
0.995662264358056,0.000290526684073487,0.000800042697605378,0.00218519774250143,0.00106196851776336
0.000496079748578999,0.00190611453715958,0.997597558831636,1.28458750115058e-11,2.46869779636969e-07
0.544097664760593,4.955791327225e-07,5.43357239433846e-07,0.453300443167234,0.00260085313580038
1.13772055886102e-06,0.99056669929304,1.82862081673203e-05,4.78192739951526e-08,0.00941382895895946
3.73478672567083e-05,8.94047749231135e-09,1.23339572334351e-107,0.999656792394811,0.000305850797454707
0.0037648680271648,0.913309388023865,0.0139671103173876,1.38191027689617e-06,0.0689572517213059
0.673842949427578,0.133962681109557,0.0817100646983142,0.000963295947439022,0.109521008817111
0.993298559331186,3.97199203250879e-05,8.89174322811464e-07,0.00102457967239037,0.00563625190177536
0.000832691469535885,0.0196146510507039,1.12104203083834e-06,0.000403297992484291,0.979148238445245
0.0316940108080081,0.0244293569455574,0.00214765388503306,9.85240456822473e-06,0.941719125956833
0.0109237747414927,1.13193494636422e-05,5.83998227915851e-102,0.0499857295660312,0.939079176343013
0.334230588117742,0.446395518853168,0.00310947435821745,0.00200987380204919,0.214254544868824
0.108740552206333,0.00036941961773768,1.07771682018456e-06,0.164179184118943,0.726709766340166
0.0419728869105919,0.0954344980723767,0.86035602071279,4.52171225467248e-07,0.00223614213301543
0.000103835711326168,0.993780041607822,0.00080740790468158,6.37680032112677e-07,0.0053080770961385
0.0166141427084146,3.07842648305396e-05,0.983354958110991,4.37136926775181e-11,1.14872049770548e-07
1.2264367606593e-05,0.928025940524096,0.0719048126358732,1.41992381931625e-11,5.69824582253166e-05
0.885206590778286,0.000166184179724838,0.114530587765032,6.95391445357458e-07,9.59418855123363e-05
0.000284823548337009,0.970182572861135,0.0242763814900135,3.76402719738413e-08,0.00525618446024215
0.000267686322054517,0.703372306857214,0.296276056282171,8.10651728609731e-09,8.39424320440788e-05
0.626344937188787,0.0419061880584931,0.329849391996519,6.06248917688993e-05,0.0018388578644319
0.898619602969108,0.005998931848148,0.0650391685771722,1.57570899375021e-05,0.0303265395156344
0.0046635282850613,6.81837658712269e-09,0.99533646489448,3.3176629758772e-13,1.75037343296999e-12
9.42956553788304e-05,0.895429393313118,9.68988891823746e-05,6.00737861826154e-07,0.104378811404459
0.997226493917,2.70841720802137e-06,9.33638807402646e-98,0.000246926325992013,0.00252387133980039
0.0400028734695625,0.909339044391995,0.000265638660007728,0.0104662811330652,0.0399261623453699
0.125565200471712,1.28583151748066e-05,0.874408913596149,1.5444647731305e-08,1.30121723168845e-05
0.00709740395780664,5.20697446861198e-05,3.45828596930313e-08,0.0142562648377694,0.978594226876878
0.000580700582152242,0.000358464291812524,0.999060735125843,1.96758505330178e-12,9.99982244122854e-08
0.999272381302142,0.000172252556828198,0.000204407446421327,0.000341536510591062,9.42218401792743e-06
0.000173120588004665,0.985624664229143,0.0130932451379611,3.78537954145236e-09,0.00110896625951117
0.000229263360571052,0.968129775353533,0.00289705428261981,1.45940967564677e-07,0.0287437610623086
0.992960854674223,1.6779152069631e-05,5.89833998471071e-06,0.0070138680291797,2.5998045425896e-06
5.62801215513823e-05,0.945641799003191,0.000234784901215767,2.64113253444619e-07,0.0540668718607888
0.00258754579014426,0.00173472076155436,2.13871278103548e-09,0.799185996275884,0.196491735033705
0.00136669335122804,0.00227259030135406,4.98931240720943e-08,0.0203215820289668,0.976039084425327
0.00821324215771209,0.134621897458695,0.851529949162697,1.18392172030803e-06,0.0056337272991751
0.000241741920674517,0.220398252018593,0.779341035183642,4.54086653888526e-10,1.89704230039539e-05
0.00626691823482777,0.759030955661606,0.00116325203108541,1.85742814987079e-05,0.233520299790982
2.57207378906856e-05,3.80965542242734e-07,0.999973898291053,2.93475583772588e-15,5.51136741633605e-12
0.00201230305649031,0.848677892495195,0.000566921784878317,3.35771577374278e-06,0.148739524947662
0.00125055916580195,0.943631579079374,0.000533203090791951,2.46300381803453e-06,0.054582195660214
0.00198394697572977,0.237968755516501,5.11420123093672e-05,5.48246940533949e-05,0.759941330801406
0.00122573993108643,0.000655594898919306,0.998118650161259,1.33190619068689e-11,1.49954162590343e-08
0.999380950488451,7.04108565609354e-07,5.83045947497311e-05,3.07150512455848e-05,0.000529325756987939
0.000958192931152894,0.00120297461250214,0.997838485091428,8.47778623457153e-11,3.47280138655773e-07
0.0308830122896122,0.0109924919662612,0.957840435419122,5.38497097481907e-10,0.000284059786507553
0.00143600438245262,0.00021725713313754,0.998345877339784,1.55368711594288e-11,8.61129089285427e-07
0.936577027594652,0.000537556434762668,0.0620761361001182,2.559254333461e-06,0.000806720616133391
0.000450035827192503,0.345347748954452,2.29978212956368e-06,1.59800492100264e-05,0.654183935387016
0.987562701150585,0.0102741951013988,9.30055536017557e-94,1.57166033775032e-06,0.00216153208767846
0.00060586137893552,0.442903899940513,0.556265989171949,4.47830470215571e-08,0.000224204725555488
0.995133988615217,5.83321160525303e-05,0.000257349541992652,0.00329328917710705,0.00125704054963052
0.134255534022123,0.0044093580991979,2.67991186649853e-05,0.00183510949504766,0.859473199264966
0.989498355024982,0.000208170356155503,0.00210264258933861,0.000130976799085191,0.00805985523043864
0.00659600693022607,0.822468755460404,0.0180141596849415,4.06828180274788e-06,0.152917009642626
0.572908345770225,0.00183970638289364,0.00299758536490965,0.000263556857997969,0.421990805623974
0.0437436229307699,0.000132702349007667,2.78793326392895e-09,0.955013975369127,0.00110969656316207
2.21718244928824e-07,0.987288998620103,9.92732340154409e-07,4.92210009012334e-08,0.0127097377083107
0.195263342112123,0.00128816010540532,0.803262373126215,2.37531404279305e-08,0.000186100903115868
0.979671745487307,0.00299946534532694,0.0156240689109037,0.000432223610743359,0.0012724966457194
0.712245196120887,0.0320585466639901,0.254218950676472,1.70595395265507e-06,0.00147560058469875
0.000105466144091788,0.982742827624454,0.0170861057854101,5.64014617466716e-09,6.55948058985421e-05
0.000723278646097371,1.45519508435096e-06,3.34771489497542e-13,0.847881536300983,0.1513937298575
0.994302625735823,6.63119576285626e-05,0.00311077272295421,1.2991046358963e-05,0.00250729853723552
0.997719429253993,2.41503991415565e-05,5.73379785413007e-05,0.000175564559851484,0.00202351780847276
0.953372973700811,0.000211238554260735,2.59235502764501e-05,0.0459930260730236,0.000396838121628441
0.00154449566258987,0.857924813100695,0.00960813397135043,5.13473722631035e-08,0.130922505917993
0.0127652425381311,0.633430876905377,0.351351784284322,7.14751539870643e-08,0.00245202479701543
6.41821441263381e-05,0.932072150917553,8.57548879813394e-05,1.73439559971053e-07,0.0677777386107793
0.0270336367220715,0.89434189969704,0.013177327762499,7.36960557443511e-06,0.0654397662128156
0.000312336467593553,5.01803597753875e-06,0.999682644661936,1.23298730471147e-12,8.33260475375635e-10
0.0180554349606497,1.53478657903754e-09,2.44673053951196e-12,0.981929551519349,1.50119827683248e-05
0.866219702056887,0.00506738532337691,0.127058464992293,3.923707388333e-05,0.00161521055355998
0.00449972357010445,2.17195886282519e-05,2.56292286147488e-08,0.00134760320676403,0.994130928005275
0.0276374755745427,0.68729558847175,0.00131198059329273,0.00346071928103499,0.28029423607938
0.00209379826878776,0.909847758143192,0.00949262004920662,1.44445086860133e-06,0.0785643790879447
0.407027135252484,3.89417774011365e-05,6.88107442585125e-100,0.47242666752253,0.120507255447586
5.13793075567482e-06,0.980793392052397,5.98808878383202e-05,2.50523698313845e-07,0.0191413386053106
0.201695581948485,0.739190896126645,0.000193811037572413,0.00222634237603059,0.0566933685112678
0.0836830996446255,0.078706050437341,0.000977524182772469,0.000710057140896127,0.835923268594365
0.0226102865952077,0.000300091528954706,1.05761046928116e-07,0.051043851577267,0.926045664537524
0.0340597315510595,0.818667664018475,0.137477675833703,2.62424700837957e-07,0.00979466617206162
7.13322668085191e-05,0.702207588791035,2.70649299728778e-07,0.0100466172569356,0.287674191035921
0.000251343936183044,2.14533394125497e-05,0.999727199101543,1.19882767276917e-12,3.62166258493144e-09
0.0633061981203795,5.71880256457584e-05,3.52550183925273e-09,0.55262905905492,0.384007551273552
0.00313759866243697,4.26451406933804e-09,5.79707952137363e-14,0.996113717098096,0.000748679974895333
0.0254481186573204,0.00397049318796386,1.39176037264425e-06,0.00253212253734235,0.968047873857001
0.000202057122180543,0.152151778242289,7.9714575581526e-99,2.21348409395682e-05,0.847624029794591
0.529062818826722,0.00384086282350507,1.96654370021921e-05,0.208747772697448,0.258328880215323
0.11588094266547,5.90626029441488e-05,1.01078506317694e-101,0.704617567109089,0.179442427622497
0.951367836818253,1.41318106455179e-05,1.46033169108154e-99,0.0484720564100778,0.000145974961023353
0.0379189403868873,0.93977311407363,0.0170504794574452,2.47976097147371e-05,0.00523266847232276
0.00158455796671739,0.113274239952239,1.01332712018067e-06,0.00168176974884274,0.883458419005081
0.986434499619019,1.64836152572881e-06,0.0135502445519741,7.3791998980075e-06,6.22826758335415e-06
0.0251162188701213,0.0130583899520983,0.961820044466817,3.37929338694437e-09,5.34333167032808e-06
6.9545027544164e-06,0.989859188456848,0.0100174134234551,5.99912873645536e-11,0.00011644355695106
4.99865738923097e-08,0.998789256238895,5.16268764560866e-06,4.27395031094566e-09,0.00120552681293503
0.00423632203730788,0.835490185658227,0.15228159530458,1.04610707555718e-08,0.00799188653881475
0.000360119384906075,0.970699462161393,0.0265714950894979,8.77952126112887e-10,0.00236892248625114
0.00525933577586481,2.00901436939297e-05,5.44549484319283e-10,0.0558350669269638,0.938885506608928
0.99669766721885,8.88885321348569e-06,0.00327993105189808,4.25653782071216e-06,9.25633821739156e-06
3.83078764873219e-06,0.999504716380822,0.000299220777462687,5.68403301077308e-10,0.000192231485663231
0.988818665708311,7.25371581172861e-05,0.0109705721227545,5.89744258735072e-06,0.000132327568230233
0.000644774780852712,2.86290563164526e-10,2.7778845109854e-108,0.998917940187296,0.000437284745560904
0.00176872108511192,0.717814259574041,0.27527413578044,5.87175934876548e-08,0.00514282484281383
0.469392126397579,4.77039213911466e-06,5.22138331599401e-09,0.152694463064276,0.377908634924623
0.00188781442478114,0.807475118784013,0.0103171376516366,1.66049567201433e-06,0.180318268643897
0.0452903952501162,0.0106069578780684,5.48912921235632e-08,0.804995223355234,0.139107368625289
0.00631035196842867,0.647161884938977,0.00052138848190005,4.51828973297543e-05,0.345961191713365
0.0079193032817348,0.549758485163788,0.022421081691321,2.46677575040443e-06,0.419898663087406
0.0111593162840126,0.951801784889652,0.00167345677196343,0.000173159522054439,0.0351922825323176
0.270266576125032,0.0294493056672042,3.2079515447454e-05,0.00375834798179068,0.696493690710525
0.763636516119124,0.076773628533321,1.96249017428034e-05,0.0274510122602297,0.132119218185583
0.068438600771868,0.0424733737733566,0.889024004442388,3.57634027917602e-07,6.36633783589562e-05
1.80414254764983e-06,0.997830858195332,0.000132654133840469,1.1354691638162e-08,0.0020346721735878
0.00303948295651667,1.0168778979463e-06,0.99695949713752,9.34799247327976e-12,3.01871732091197e-09
0.0301165993074656,3.15428978122273e-05,0.969851853998641,2.94737641609037e-09,8.48704861611077e-10
0.000939535683725539,1.59797093659678e-05,0.999044483689652,3.98645878424137e-12,9.13269726919449e-10
5.54142172800537e-05,0.586818113371642,3.27997580925585e-06,6.10889560213706e-05,0.413062103479247
0.000135804871382748,0.000130068805884617,0.999734123948856,1.02162552971331e-11,2.36366069316181e-09
0.0836959290424763,0.401542037598547,0.513058287613114,7.52035059329647e-06,0.00169622539526899
3.08233195942771e-05,0.97703038343914,0.000302382304911002,7.52617777806407e-07,0.0226356583185763
6.74147278008218e-06,0.99064153371459,0.0091604559555701,2.23133602786364e-09,0.000191266625724199
8.15531438353847e-05,0.993940775450571,0.000184739462770738,5.67910600261508e-08,0.00579287515176229
0.0989201948556703,0.00733556201878235,6.31168014255606e-07,0.692073390838433,0.2016702211191
0.955475283793242,0.0236009087682489,1.66789684377091e-05,0.0135782315300745,0.00732889693999718
0.00767276416576846,0.889447714814166,0.0827130036396507,2.9561677146714e-07,0.0201662217636439
0.719192394931401,0.0333746810389378,0.000113495888995679,0.0103172901168128,0.237002138023852
0.0754982266110126,0.0192689114989602,0.904920606692984,1.15099879120652e-08,0.000312243687055121
8.43167803228529e-05,7.83182569625392e-09,6.50804174153693e-107,0.999393626172828,0.000522049215023772
0.0049290555578851,0.00106295286829897,7.94027734313361e-102,0.980885431001735,0.0131225605720814
0.129614745547301,0.00199042509709299,7.30780124521018e-08,0.129354369533362,0.739040386744231
0.00404111595600955,0.972016824430134,0.00427585849837118,4.15363525293025e-06,0.0196620474802318
0.0256876225642839,0.589935233044326,0.296077074100196,1.55951118041047e-07,0.0882999143400757
6.18275003652436e-05,0.921120319949232,0.000107774687998189,1.73151768495045e-07,0.0787099047106359
0.00136383627047992,0.000333271948935234,0.998302843425952,3.26306117442692e-11,4.83220022616419e-08
