0.000312775989181657,0.0298637605556721,0.00920086123026469,0.960621404660434,1.19756444721699e-06
0.571509419734597,0.106881243396887,0.000452071647549679,0.321148466699347,8.79852161958434e-06
1.89050146761364e-06,0.999695308534818,0.000301256321884154,1.54464182924711e-06,7.71943344103931e-16
0.239183124577923,0.0096908110329985,0.0411531027300454,0.708641391281597,0.00133157037743648
1.86721481725869e-06,9.63758013143987e-07,5.35429353508192e-06,0.965161831282591,0.0348299834510438
0.0014773989397074,0.974790720353795,0.0236826990532568,4.91816516304786e-05,1.61049152361118e-12
0.0100496171822324,0.864214358259255,0.118263264021222,0.00747117019230387,1.59034498720104e-06
0.0001386991633574,0.999861008605254,4.64050883095534e-08,2.45826300659803e-07,9.58580487773934e-87
1.70142768752965e-06,1.6990846463857e-07,4.11836860335405e-08,0.989598887873509,0.0103991996066529
0.000179963455096749,0.00016301591737675,9.98992173441977e-06,0.999036753290729,0.000610277415062473
0.0160027084670403,0.451209296409424,2.29053369585627e-05,0.532765089786577,3.12178482294597e-73
4.01213085722378e-17,0.0394664569927322,0.00341108460043159,0.956867860422273,0.000254597984563483
0.183561446778107,0.108049959353559,4.70862457459065e-05,0.708341392833279,1.14789309453288e-07
9.80866369058587e-14,0.000334496288207124,0.981088192882638,0.00398898016475152,0.0145883306643054
0.104960802967578,0.88572608929725,0.00830022568462303,0.00101224983415904,6.32216389855235e-07
0.00746627661089775,0.000451508307039854,5.89851952796331e-08,0.986310762798017,0.0057713932988506
1.80044459939774e-19,3.15856648929044e-07,0.994222907642453,1.20593796247096e-07,0.00577665590710154
1.62747426387665e-16,1.81467034148516e-07,0.558093272255177,5.68066010470877e-05,0.441849739676742
0.274627472747999,0.183136374539425,0.0391015917425364,0.503085575648522,4.89853215172079e-05
0.0196334213224033,0.00180167103800295,0.973160483701914,0.00370269944168593,0.00170172449599423
1.21607233184011e-18,1.19319553470208e-05,0.000681301675128207,0.990359348993553,0.00894741737597207
0.225896272188142,0.771902067644134,0.000823488839280421,0.00137817132844391,2.70106763092002e-79
5.01871154190141e-17,0.0171676355980079,1.57131873924799e-06,0.982830793083253,3.46743153568732e-74
0.00163963223577201,0.00167369106961786,0.619257344672102,0.348946104176688,0.0284832278458206
0.946066696365183,0.0533132180232303,0.000597752119010633,2.23334761550686e-05,1.64213485458561e-11
0.491654376089059,0.00334001672204457,0.483467390571124,0.0109742812133702,0.0105639354044029
0.00326005973222623,0.983900757597719,0.0124186000590946,0.000420582492379512,1.18580333337853e-10
2.49044411994428e-17,0.0399908043060186,0.959802439155502,0.000206350577370908,4.05961108638098e-07
0.0404368338916142,0.852497182869331,3.71794426090676e-06,0.107062263861878,1.43291596313342e-09
2.81990076816495e-19,7.28816543714563e-10,0.84885802675766,4.61251083020794e-09,0.151141967901013
5.78532482547235e-14,0.0123958222916594,0.354716604383712,0.156485107896792,0.476402465427778
2.07181819091729e-05,1.45046409062074e-06,0.00140958790970411,0.170666153598672,0.827902089845624
0.0328986484744281,0.912977123399274,7.36844419276493e-06,0.0541168365580615,2.31240440808475e-08
3.8217264654498e-06,4.57507609583897e-07,1.43659431580611e-06,0.995163554953027,0.00483072921858168
0.873551854799472,0.114963089498797,0.00146837726816506,0.0100163387900289,3.39643537036479e-07
0.00700279596752228,0.930310066240596,4.24873818217373e-07,0.0626867124615754,4.56488261909235e-10
3.48462391772047e-19,6.88939199763082e-09,0.999171816687386,3.10690678273648e-10,0.000828176112531247
0.879292377173898,0.100819935210228,0.000800767469345547,0.0190869186616986,1.484830272286e-09
0.016867887726877,0.110134456329888,0.000985838385370231,0.871995539794834,1.62777630304503e-05
2.239283679616e-16,1.2541049165094e-06,0.99985128863011,4.77236008790654e-07,0.000146980028964107
0.000243651167653806,0.999601372541084,2.90826144857867e-06,0.000152068028818121,9.95392823348296e-13
0.994871880276597,0.00209128516084608,0.00302241033299955,1.44123880576994e-05,1.18415000062514e-08
1.85848119651551e-05,0.956806557344464,1.13498894696036e-06,0.0431737228546243,6.07703447863606e-77
0.151768653178244,0.000109515008997518,0.814251845189111,0.00387380478436399,0.0299961818392839
0.958529427072876,0.0257999825458464,0.0038775465219423,0.0117914617669038,1.58209243082405e-06
2.65072806459293e-06,6.86897820389841e-06,2.99055336001064e-07,0.999176301743755,0.000813879494640302
4.37509788820425e-06,0.00688891816529031,6.68996913420983e-07,0.993106035801365,1.93854284241995e-09
8.24838574903908e-20,2.13367688026824e-07,6.83120760041778e-08,0.984296239384153,0.0157034789360833
3.35765559068891e-05,0.000216894499238184,2.1870776986344e-06,0.99974136050597,5.98136118608335e-06
0.00107149087954287,0.36195930656302,0.330244767773078,0.305660336013163,0.00106409877119567
0.0441870678495257,0.89838932565448,0.00217309543996722,0.0552502332478386,2.77808188233025e-07
0.661436313174062,0.336942180775858,0.000768699114314362,0.000852795989304035,1.0946460932528e-08
5.91166800366411e-05,0.00180374974850992,0.998125050714458,1.18726510379339e-06,1.08955918919978e-05
0.904142217664522,0.00885092773330955,2.13903916759581e-06,0.0870047107294908,4.83350977437643e-09
0.950379433789221,0.0443139380823335,0.00528195514525643,2.46729831887524e-05,1.21043190564506e-75
0.0321497742081416,0.220058375417411,4.02721667120634e-05,0.747751461919914,1.16287820809346e-07
0.638065014841994,0.0322449567923592,0.329684646382685,5.38147833200665e-06,5.04629327815047e-10
0.000354040557930242,4.91423599056077e-05,0.99954108131746,5.00167018448769e-05,5.71906285919597e-06
2.12805257531122e-07,2.698083226478e-07,1.99958823851503e-05,0.00960031608588886,0.990379205418146
5.14532584600069e-06,3.97473916207931e-06,2.9373769362966e-05,0.75939621452883,0.240565291636799
0.00663906059539688,0.000872207597131493,0.0336078729602952,0.949340972946962,0.00953988590021475
2.83211367242125e-06,8.30264248091594e-07,7.69684009416574e-07,0.998073088506875,0.00192247943119486
0.0235052361010212,0.843748880323948,0.132745652635953,2.30939074934155e-07,3.49766178966906e-15
2.28217075208798e-05,9.02511608268994e-07,0.00149611621402968,0.0342556968889809,0.96422446267786
0.870176830684376,0.129041678256236,0.000775175296063902,6.31576310663854e-06,2.17314256956706e-13
0.00318781424468718,0.00196030408621186,0.0191529176248975,0.970192217852172,0.00550674619203108
0.000217863822088987,0.000772863801416369,2.90112338237404e-08,0.999009203802782,3.95624790192361e-08
0.0350934576565372,0.105686490128532,2.34114679241845e-06,0.859217466481055,2.44587083223223e-07
0.00554093974892741,0.0164115873236241,0.000368400267772115,0.977057309382373,0.000621763277303255
0.268536599765521,0.00689830558267411,2.22126142423763e-05,0.724163657396954,0.000379224640609112
0.595860893098613,0.0106776953603718,0.00774783515626706,0.384791421763865,0.000922154620883765
0.0252772565364289,0.856408050565069,0.0215043692965759,0.0968058895649448,4.43403698080658e-06
0.409688182543393,0.571512523710618,0.0175262620296414,0.00127272621284622,3.05503501244627e-07
0.00321409484423927,0.00775785366076772,2.28505606487693e-06,0.98898697185197,3.87945869580106e-05
0.000104261333706616,5.96001146609458e-06,0.999881614774592,5.2285104702488e-07,7.64102918830332e-06
0.00414759339249467,0.995777966515655,6.32160405996391e-05,1.12240512294378e-05,2.14864157399334e-14
8.10223095912116e-18,0.00588367264736389,0.000267049461730814,0.993849277890905,2.99287368581885e-70
0.012695986624783,0.982302723495799,0.000194613178022142,0.00480666850990586,8.1914902640101e-09
0.101290594652662,0.886554667767683,0.000241562271347487,0.0119131736530185,1.65528821959573e-09
0.0524709103911685,0.595857216148847,1.30862617693098e-07,0.351671742266195,3.31171783030555e-10
0.000250148119491733,0.0024455052633284,0.000413062748633815,0.996380816869783,0.000510466998763361
0.998337820534202,0.00134535731945735,0.000316817591081391,4.55327644137278e-09,1.9825372865769e-12
4.09833771699368e-15,0.000281640951375339,0.990822506193212,0.000348368062092156,0.00854748479331678
0.999192760756298,0.000201203986256327,0.000605549251216737,4.85712639882189e-07,2.9358858202264e-10
0.0393699757808297,0.782358432343602,0.0181941467501951,0.160075716357156,1.72876821740386e-06
0.0116023031243958,0.334337526537104,0.645127139976309,0.00892442152887929,8.60883331169679e-06
0.00120027950092936,0.000260832864010826,3.50826953574486e-05,0.993771116186086,0.00473268875361649
5.15566031133203e-07,2.38218648283954e-06,1.1576375850641e-07,0.999461663759557,0.000535322724170789
0.00012967144681203,0.000177310019077815,0.000133527078250539,0.901443362897228,0.0981161285586312
1.16931311977753e-17,0.000234811370615163,0.999411564742738,7.35997396195179e-05,0.00028002414702716
2.07921007438825e-17,9.27114990953159e-07,0.00363024516300381,0.00872518200111978,0.987643645720885
0.000618813494841442,0.991924408625852,3.24041798939019e-06,0.00745353741417985,4.71372464047061e-11
0.00341740965305168,0.985619505165235,0.00236060743401383,0.00860247566127984,2.08641971524353e-09
0.123584371089311,0.869139554805643,4.31366215924301e-06,0.00727175860148714,1.84139943881756e-09
0.000628101566816847,0.97909825989789,0.00100161045334229,0.0192713184020867,7.09679864210987e-07
2.0876092872578e-18,0.0384810900520966,2.11834097205431e-07,0.961518663255806,3.485800048e-08
0.788513911151549,0.192597341437007,0.000227260307881212,0.0186614531758173,3.39277447939179e-08
0.933652470953728,0.000423114603072414,0.0654146738625444,0.000250534144452356,0.000259206436203129
0.0327175356130776,0.964831822784689,0.0024209506098303,2.9690991651258e-05,7.51924445308634e-13
0.171030426924361,9.63440459323233e-05,0.828568807202998,2.78980192500025e-05,0.000276523807459129
3.92262427726804e-20,2.31887336096749e-10,0.661117987006195,3.4927533570637e-08,0.338881977834384
5.65324435132367e-07,5.53332750179019e-08,0.000186829552532019,0.00880029876405694,0.991012251025701
0.260773878524133,6.66218499250828e-05,0.71233606848555,0.00131232872853617,0.0255111024118565
9.53513682345632e-19,2.71865440327713e-08,0.998948352796534,4.3412100558669e-08,0.00105157660482129
0.987706058707035,0.00134427779919525,0.00757571408467016,0.00335270765616385,2.12417529359703e-05
9.39351975245262e-14,0.840466439750997,0.141437720510848,0.0180957881721818,5.1565878675233e-08
1.47519679495877e-16,0.000668795771919725,0.965099746763235,0.00951052500322985,0.0247209324616152
0.989588553356663,0.0035670297188754,0.00641560084285354,0.000427425892729963,1.39018887781178e-06
0.787554196447883,0.206629829623077,0.000186178222203092,0.00562979570683655,2.62533915904463e-76
0.117168683321228,0.876735503788907,0.00467022532005636,0.00142558755444217,1.53662683283565e-11
0.983422294191805,0.0153476472812831,9.92469586451518e-05,0.00113079301350119,1.85547657269324e-08
0.000616072859554375,9.03590951162452e-05,9.09806867027692e-07,0.998327291038016,0.000965367200446308
0.00154048535127786,0.99294934145792,2.38484570737133e-06,0.0055077883449458,1.49146505381744e-13
0.000788497656905057,0.0400365426518318,0.000559280284305407,0.958611891274337,3.78813262044003e-06
1.57573522863371e-05,7.12602101371089e-05,2.79721561839187e-05,0.999801773222393,8.32370589994308e-05
5.69483509300177e-18,7.0881488345054e-07,0.981467743213473,9.18863944783537e-06,0.0185223593321958
0.896721178450487,0.0690382066760651,0.034180651445383,5.99521939236891e-05,1.12341409797e-08
0.536823709216862,0.456292814017698,0.00599721797355793,0.00088625638594665,2.40593555468326e-09
0.00190356146235399,0.00148327713602239,0.798810601741766,0.11451558936448,0.0832869702953776
4.29122779427564e-16,0.0008313137242633,0.148720925743342,0.111093030843415,0.739354729688979
2.05186809294698e-05,0.00140251857344827,4.56098504778505e-05,0.996484926268708,0.00204642662643618
0.00191247364796504,0.00149875429468611,0.996571023887377,1.7477161682653e-05,2.71008288938096e-07
5.37661380124149e-17,3.39233693027414e-05,5.6411616644835e-05,0.988301934223633,0.0116077307904198
8.88129849319575e-05,0.798549908357495,0.00101143227122331,0.200349820617054,2.57692961559524e-08
6.45429899394602e-18,0.000160029047122017,0.000950711737972124,0.983015216927497,0.0158740422874088
0.472033798710296,0.52742155980649,8.09690583562769e-05,0.000463672424810754,4.75750774266177e-14
3.02948923096288e-15,0.00127400959355085,0.998692972692208,3.16326472792814e-05,1.38506695891439e-06
0.0791134440190613,0.652549182563844,1.10765428021118e-05,0.268326296874292,2.54265801868823e-74
0.88510646288583,0.00890464549702722,0.105976666012015,1.18926940559238e-05,3.3291107219157e-07
0.640025089106937,0.358716922170389,0.00125370219872134,4.28640694093923e-06,1.17011325085622e-10
0.00197277522799145,0.000466853472079324,0.0142277890789353,0.820596496617945,0.162736085603049
0.00659876464664022,0.0147838788733259,0.976726394144482,0.0018709877454408,1.99745901109211e-05
5.09372193273019e-19,2.30535700862239e-08,0.408248264923161,1.2601296432079e-06,0.591750451893626
3.40305298645761e-17,0.0255976611709686,0.973603855498854,0.000797602207451652,8.81122726133653e-07
0.981351945037462,0.00621211952672189,4.29150659781133e-05,0.0123925230743141,4.97295524285088e-07
1.758706801659e-18,2.19186320339694e-07,0.00967063968807135,0.00520059631964214,0.985128544805966
0.998915868849151,0.000836362483779504,2.38682407113592e-05,0.000223870463437115,2.99629207018652e-08
0.28160942148207,0.0156391988784723,0.0624803874677435,0.633337102385765,0.00693388978594975
0.110649732028066,0.000571397081410372,0.865218000097815,0.00220656863384866,0.0213543021588601
0.808037634889457,0.0201917361977476,5.87238623521253e-05,0.171711467312633,4.37737810047308e-07
0.00210619359024797,0.996555742197046,8.52755410609952e-05,0.00125278827885249,3.92792830221995e-10
0.0127938014979343,0.0342120224172351,0.0450440288098284,0.907939965431877,1.01818431251349e-05
0.964283762317567,0.0153827308573816,0.00126697614830111,0.0190662490487537,2.8162799658317e-07
0.600768452825817,0.00219386312724433,0.000345680550385548,0.387710080446898,0.00898192304965485
1.5311379806788e-19,1.45161158091643e-07,1.06582322899308e-05,0.0312457130409848,0.968743483565567
0.0298661334378428,0.967759313485109,0.0023359998556051,3.85528876298091e-05,3.33812839372402e-10
9.50174390829856e-19,3.15701894035303e-09,0.000313863872891399,0.000258820501219619,0.99942731246887
0.426077125004975,0.00449943534873817,0.119636276520488,0.344908393764454,0.104878769361345
0.000557767320120241,1.92502834694954e-05,2.38561169154462e-06,0.997617054457931,0.0018035423267878
4.69393541347405e-08,2.87302884820872e-08,1.72902043804563e-08,0.770088002707095,0.229911904333058
5.30654195964538e-06,0.000100064116190948,5.03815316401651e-06,0.995948044616678,0.00394154657200779
0.00012416331531066,3.46875858619254e-07,0.246052981321326,0.000384624945427778,0.753437883542077
0.597842102308349,0.00111262802345545,0.394701820742373,0.00319628749211235,0.00314716143370954
9.39391221549643e-17,5.16497020784436e-07,0.986106010328906,0.000163640413548587,0.0137298327605241
0.0751788988350988,2.12334660182952e-05,0.924799141175369,3.73516526754416e-07,3.53006987021382e-07
0.000258516846410468,8.64704390005442e-06,3.94800722062125e-06,0.999728888102469,4.21552239592557e-69
0.319791398094224,0.00259377572126874,0.671009776669837,0.00068207035956397,0.0059229791551068
1.571282239978e-17,0.000402185923157254,0.00137554125682331,0.99658774000127,0.00163453281874995
1.9934965957671e-16,0.00024249194342421,0.674932369036927,0.0425451685780488,0.2822799704416
8.73627221455542e-19,3.23435163530021e-06,0.000413381196484265,0.0116739854400842,0.987909399011796
7.35614628898897e-15,0.869414540973731,0.0023134568393006,0.128271716722901,2.85464059270038e-07
0.995943476822964,0.00107902041128808,0.0011533396647205,0.00175969433943996,6.44687615875569e-05
0.000128392511912275,1.0608650331347e-06,0.999636630878631,2.19022619065097e-07,0.000233696721804522
3.85169578778964e-19,5.09700863163257e-08,0.0174463687100962,8.56261489849301e-05,0.982467954170833
0.00164729873512543,0.00352196501647529,0.99370268720317,0.00112570703504294,2.34201018579868e-06
0.915038885099472,0.0078809883426396,0.0762609620087895,0.000814932014587665,4.23253451154596e-06
2.94441212411719e-19,3.43951685468795e-10,0.0147659707779238,6.11118780947123e-06,0.985227917690315
5.66153023438333e-20,3.87116852075875e-07,2.59545302062364e-07,0.765445256935405,0.234554096402441
0.00129807860364552,0.032740543119935,2.85839146374733e-05,0.96593265666378,1.37698002045741e-07
8.23106194978784e-19,2.44598075205347e-08,0.000257716731535667,0.000857026104974402,0.998885232703682
0.00675229935259906,0.446143341608216,0.458703501557746,0.0877843197028464,0.00061653777859208
0.000303869282986736,0.999234242141836,5.72395041884164e-06,0.000456164624758039,1.58820733724928e-81
0.00173648446132481,0.998081889120904,1.15595274663378e-08,0.000181614858243342,9.04962328701211e-18
0.0470369143829324,0.00712668829632888,1.16098702500003e-05,0.945823370036848,1.41741364111994e-06
0.859782059466202,0.00137113656888416,0.138821138531382,2.45990715104944e-05,1.06636202187906e-06
0.00152239166348144,0.996260193184879,0.000935252820646437,0.00128216230578485,2.52084344776929e-11
0.23262842700085,0.0135054284900145,0.753852882598074,1.3205106992676e-05,5.68040680898873e-08
0.978018921762639,0.0144912441669731,0.000158460732504384,0.00733095947674222,4.13861141171995e-07
6.73635666255832e-17,1.50826933236882e-06,0.999987751611997,1.94759337060674e-08,1.07206427370798e-05
4.88110653737876e-20,3.32859356840791e-09,4.74682473099086e-05,0.000161094914144509,0.999791433509952
1.12469117113176e-17,5.17170814812471e-05,0.62681954170111,0.00500330399833797,0.36812543721907
0.00490357522190495,0.0023421777102387,0.00336401436083471,0.964267722500262,0.0251225102067596
0.168497654050494,0.658043051764921,0.0357239805403489,0.137709184569545,2.6129074690695e-05
0.116389643609331,0.88197625122335,0.000252077084021927,0.00138202773676584,3.46531779059673e-10
0.868401656521956,0.0168723282419697,0.00291727284382184,0.111803633538743,5.10885350910385e-06
6.23389378015618e-16,0.000719045151272998,6.24261857804586e-05,0.999152341721939,6.6186941007355e-05
1.96419497133258e-16,1.8561897631502e-06,0.045928749554988,5.76280249150074e-05,0.954011766230334
0.846186249914967,0.000488592172087225,0.153282114794789,4.13417380277754e-05,1.70138012870339e-06
0.716179319625091,6.27039577465531e-05,0.022846482325615,0.143445621823381,0.117465872268166
0.0288378145480955,0.000405939098986689,0.0150359030068302,0.0895334093645647,0.866186933981523
0.0307221348114959,0.0888313934651308,0.352842592986832,0.520333089281637,0.00727078945490437
0.225244924198262,0.000791219593740745,0.773945322324121,7.40019293773104e-06,1.1133690938433e-05
0.000177669531595645,0.999807979258231,1.08437550361142e-05,3.50745508439258e-06,5.30825976934782e-14
0.000256581037197395,0.920103785592367,0.0550307958617304,0.0245802096728874,2.86278358174813e-05
0.000932922312258694,0.000636343476805386,4.21445678654049e-05,0.997504730600974,0.000883859042096294
1.86795151765212e-19,6.05423918807831e-09,0.000803600628151197,3.12397549485121e-05,0.999165153562661
0.178681854586702,0.0339695086305447,0.0105812089687635,0.775551624991649,0.00121580282234039
9.89816773113056e-06,2.9115157912394e-09,0.983473107521758,1.98858844646853e-07,0.0165167925401503
1.06845750483955e-18,2.90130850450258e-08,0.000187943289702506,0.000654455054934701,0.999157572642278
0.0928571611495826,0.00169947587073024,0.774143772310119,0.00839864633242193,0.122900944337146
0.0027946353966188,0.995836302473122,0.0012290763022818,0.000139978392317444,7.43565988081034e-09
1.32381541506847e-16,0.0898695089621682,0.484227358722081,0.425615493210121,0.00028763910562939
0.000110271922142965,7.72912411013666e-05,1.37403687893262e-05,0.999297555844556,0.000501140623410413
0.235435802177407,0.708238514051002,0.000259061697484571,0.056066604368078,1.77060279954734e-08
0.99831117934417,0.000516237574462122,0.00117199485298874,5.88224625861092e-07,3.75301939364937e-12
1.29084549911395e-06,1.17573538992554e-06,6.52286726002637e-05,0.124098762462185,0.875833542284326
0.000128789791632354,0.355199008505747,6.33478341798397e-06,0.644665866878599,4.06035987907706e-11
3.54498388364461e-14,0.10508638986786,0.760657748208307,0.130586442785517,0.00366941913828081
0.350527393915885,0.638333279934577,3.32684998375849e-05,0.0111060576497008,1.27516136156559e-76
2.1919273021604e-17,5.52672731664674e-05,7.4931640169011e-05,0.93887805188937,0.0609917491972946
0.822142577821483,0.17475861614229,0.00156908323517286,0.00152968810819797,3.46928559952625e-08
8.33175095829562e-15,0.000482448216650182,0.998951671740475,0.000240127696826582,0.000325752346039572
0.000287549513493668,0.999425167746001,0.000195352266828982,9.19298602488562e-05,6.13427879615579e-10
0.070122588600788,0.000802530405188061,0.0241481145373096,0.88236480131116,0.0225619651455542
3.05190602402884e-16,5.37810298662193e-05,0.229185190632245,0.101394278837778,0.66936674950011
0.00475913325408448,0.0363765551915453,0.951786692910225,0.00707497214374995,2.64650039513448e-06
0.833534291699116,0.101481890699013,0.057218016490105,0.00773949136084881,2.63097509171281e-05
0.106686501183249,0.840917274594929,4.51084891536909e-06,0.0523917132238431,1.49064182234618e-10
0.103937383800539,0.890752504577702,0.00120782601228111,0.00410228552315642,8.632106971159e-11
0.00663888631745401,0.943246043045881,0.000115514501757579,0.0499995549587354,1.17617206156668e-09
0.275899248262285,7.59636870566384e-05,0.724015660799567,7.10324726275802e-06,2.02400382862542e-06
0.705311388695061,0.00250642323853523,0.0461298469146125,0.23860793877157,0.00744440238022144
0.988232967893242,0.00366847634245211,0.00746056391510568,0.000624728747956729,1.32631012437038e-05
8.24913029308409e-18,0.999097063699736,3.68076766699505e-07,0.000902568223496772,1.48273126472281e-80
0.000560991386707208,0.000859511036881758,0.998533172024708,6.46116417240673e-06,3.98643875305972e-05
0.00342726236167733,4.67179540022226e-07,0.996497925619713,2.52620048005821e-07,7.40922190211551e-05
2.30095707723443e-17,3.21421251113924e-07,0.986684424715943,2.47029311319135e-06,0.0133127835696923
4.39796354413139e-05,0.000247715437286794,0.999636936428015,5.9332187383327e-05,1.20363118735933e-05
5.05798666796671e-05,2.69781724607206e-05,1.6086519422545e-06,0.999199284310875,0.000721548998042648
0.000608633298997087,0.981745449732258,3.38851147528375e-08,0.0176458830836304,2.5761549027002e-79
0.00182955557409015,0.998169089649198,4.3967931937766e-07,9.15097392823318e-07,1.16529277942784e-82
0.0290903073933903,0.0504089780111596,6.1552002707641e-07,0.920492479348068,7.61972735470481e-06
0.950013650551446,0.00145327387046904,4.51682031464144e-05,0.0484577928839026,3.01144910361002e-05
0.000850610687620911,0.00226794933070236,1.26176339059382e-05,0.996867651507779,1.17083999216023e-06
5.39227600100337e-06,0.00789141476905226,3.40503997773107e-06,0.992099787914969,1.6139193788192e-73
5.1758807998451e-15,0.191330208268711,0.801041895608383,0.00752982823862598,9.80678842745329e-05
0.9819694030605,0.0172703528724479,0.000108848296118432,0.000651272617389464,1.23153544816902e-07
4.84788711909401e-05,0.997208330448199,0.000416673477929404,0.00232651717635954,2.63212801711359e-11
3.52840058443357e-17,9.19939966114558e-05,1.18332072548e-05,0.978160276081754,0.02173589671438
0.782733800078502,0.214420257845441,0.00284242029137405,3.52170968311267e-06,7.49996884613918e-11
9.29823141672661e-19,0.000799077828260809,8.97836764361542e-06,0.999191943804096,1.74394251587096e-72
0.99614860743821,0.000453247039117187,8.82053792593599e-05,0.00330981800843847,1.22134974554847e-07
3.0736718823617e-06,0.00143134792747389,1.27655177068508e-07,0.998565348120088,1.02625378858585e-07
3.40602253838081e-19,1.38514797764315e-06,0.0214547414387079,0.000552216293273942,0.977991657120041
1.94478787587035e-05,0.000757568657008301,5.18856619543154e-07,0.999222347829488,1.16778125694913e-07
0.349480794301428,0.022409533973908,0.592313481588259,0.0356037829712194,0.000192407165185228
0.992035305440699,0.00103798234000855,0.00688278720426503,4.35969583524276e-05,3.28056674615984e-07
1.29770261806249e-05,2.57270068061546e-07,0.021990572596817,4.94958022492468e-05,0.977946697304685
5.18803444687926e-06,0.0148519544917403,5.17087244224641e-07,0.985142340386569,6.79567366518896e-74
1.31679747346829e-06,5.09764380387632e-06,7.23078222923471e-08,0.999991667608336,1.84564256398327e-06
0.0512821560099122,0.496879555361363,0.374763159384432,0.07621394112964,0.000861188114652767
5.99564163456003e-19,1.29378299951388e-07,0.00325905152544966,0.00225289915552119,0.994487919940729
8.71479574231844e-08,1.32702912861798e-08,8.08041075959727e-07,0.0278722695987359,0.972126821941939
0.712995576244452,0.177748491163586,0.0203892077414415,0.0888012430896322,6.54817608885277e-05
1.67779561631541e-05,4.57561876936085e-07,0.0159707200577753,0.000936797604238142,0.983075246819947
0.998250100367143,0.000866076807553064,1.56703014741284e-05,0.00086814977468486,2.74914497435607e-09
2.23192088022211e-06,0.0196309256583913,6.09017914558052e-07,0.980365999525992,2.33876821754867e-07
0.987515155494972,0.0124793224262237,5.25205746875173e-06,2.70021335370278e-07,1.25669198634951e-16
5.94756974240178e-19,1.28946649686945e-07,3.96408858665148e-06,0.00223241885061343,0.99776348811415
1.13407856691876e-15,0.0137366667475266,0.0174573892906369,0.947548910472789,0.0212570334890461
3.26735396445573e-17,0.470137729103967,0.501017018995669,0.0288442570267616,9.94873601663558e-07
0.285853866292039,0.0856268198399978,0.00011193725027652,0.628407011571848,3.65045838818446e-07
0.000105049484595407,1.10136020489634e-05,2.20922954774013e-08,0.999692979417448,0.000190935403612206
0.854532142270998,1.72452361308122e-05,0.145447526672641,7.20527880222576e-07,2.36529235006025e-06
0.0839255961223084,0.000746937012741852,0.915054239375965,0.000225127277928066,4.81002110570052e-05
2.03114008545846e-07,9.36420763777726e-08,2.30096612069646e-08,0.96782631887545,0.032173361358804
0.149639502262369,0.713478815677281,0.136249194755706,0.000632421458257555,6.58463860894402e-08
5.38425773029443e-16,3.78890527487463e-05,0.000211038395010052,0.980207245422302,0.0195438271299384
0.082345110069385,0.0014042101198661,0.285156228861965,0.465029720080264,0.16606473086852
7.30223648622032e-05,0.0116584389063866,0.000497062109280711,0.987723661273922,4.78153455486977e-05
6.54141292372653e-18,0.013286921672838,1.77832135822923e-05,0.986694709691514,5.85422065893616e-07
0.976853352300236,0.0039084723018991,0.0192365843353158,1.57557514011209e-06,1.548740897659e-08
1.09708793291519e-19,1.0233290160112e-09,0.000108855979799475,1.32002380485758e-05,0.999877942758823
0.970365967362765,0.025651800788383,0.00137441697601715,0.00260588423044874,1.93064238575707e-06
1.62419238847119e-17,0.000421289305182885,0.00267329723694187,0.318195424149862,0.678709989308013
0.00210351677921685,0.997878460504336,1.17128455502353e-07,1.7905587991651e-05,3.85110418569046e-83
8.89525711668078e-17,0.00666507516726567,0.380807155753192,0.437836892759022,0.17469087632052
0.979650158185251,0.0021960105042093,0.0171323071119789,0.00102152419856126,5.55280947536007e-72
0.0260712888318643,0.865171333917307,0.0191871415699895,0.0895702356808391,1.45357560210293e-72
0.758557625615344,0.16601273713363,0.002646380014477,0.0727792505003439,4.00673620489903e-06
0.0795962813613682,0.656645800998231,0.00348896235032957,0.260268872221252,8.30688198503535e-08
0.0293709360213724,0.093999161470159,6.32218269189091e-06,0.876623565003221,1.53225558439171e-08
0.982044540919013,0.00710867721603226,0.00517410722262982,0.00515520826083905,0.000517466381485688
0.0147756831445339,0.979966239624913,0.0048834360647283,0.000374640933863026,2.31961925705961e-10
1.35860076002749e-18,6.75302322707591e-08,0.00356408786587163,0.000383485559611339,0.996052359044285
9.21870986463776e-19,6.22445129614507e-08,7.06114424994691e-05,0.0467680952734475,0.95316123103954
0.00420569197965361,7.65675415842487e-05,0.99571772195981,6.47932160151695e-09,1.20396308218977e-08
3.13326542865533e-19,6.88992937222579e-08,4.45770945658592e-07,0.0223027581604586,0.977696727169302
2.60823854653257e-19,1.83204656742852e-07,0.999719844127873,3.58239169468563e-07,0.00027961442830062
4.14340700263682e-18,9.18820278284224e-06,8.08611254961776e-05,0.870109317777458,0.129800632894263
0.0134393058361884,3.66443448845529e-06,0.886229981423844,0.000175578988230866,0.100151469317248
3.20519810515229e-15,0.000114257162667337,0.938320137965781,0.00495503353424896,0.0566105713372991
0.252518336209026,0.000104434839996671,0.747374276461249,7.4441575805586e-07,2.20807397045749e-06
1.35894689841398e-20,2.72445196551223e-09,0.999978091383566,1.0490208392956e-10,2.19057870802505e-05
0.102518976338769,4.84908581049507e-05,0.0644533847524366,0.0607340626722239,0.772245085378466
0.305983583561843,0.688910446902371,0.00510472457113643,1.2449645206951e-06,1.28288767542194e-13
0.994661371393995,7.6797202869614e-05,0.00521246769662614,4.92320261548899e-05,1.31680354810476e-07
2.18716347413324e-19,0.000298985083691778,0.999699206757561,1.07122613989485e-07,1.70103613280786e-06
1.05064828858896e-05,0.9993811771637,8.64411520562172e-09,0.000608307709299244,4.21526197971322e-17
6.13489366744497e-20,1.61866489667137e-08,0.00181768008671788,2.66608009020002e-06,0.998179637646543
0.0772544114062508,8.30466822400983e-05,0.915591081848647,9.4215761993061e-05,0.00697724430086932
3.45717772513496e-17,9.32402098259296e-06,2.39347984576791e-05,0.503155028978814,0.496811712201746
5.15503079634277e-05,1.5329428142926e-06,0.0686180822981647,0.0106617030944903,0.920667131356567
0.25853967200491,0.00573151514229067,0.735728789524771,2.25253553489772e-08,8.02672854489173e-10
0.0125113799591677,4.59183079806549e-05,3.3433997657714e-05,0.975531631605333,0.0118776361298615
0.00113516037078533,0.798310733719463,6.94770419773764e-05,0.20048454600078,8.28669946815139e-08
0.761746930951478,0.00275183701611778,0.00113898560392066,0.228296036666411,0.00606620976207207
3.14412291334315e-16,0.000548472163315552,0.98598077374734,0.00918409579286391,0.00428665829648001
8.40079475037608e-05,3.2449930300191e-08,0.0527563562467425,9.97259405418562e-06,0.947149630761769
0.00190452910983739,0.0155221411262858,0.000184753537700729,0.982303473448943,8.51027772332061e-05
1.3332340986072e-19,3.61341669940334e-09,0.993280344741177,3.94563986255066e-09,0.00671964769976637
2.24236871016573e-18,3.42647083259485e-06,2.42914888882642e-05,0.954369034794172,0.0456032472461068
0.00101349812745387,0.0536118545226453,2.61287249962325e-06,0.945372034477401,9.25934213476469e-73
3.04120608628683e-05,0.00013127261872603,2.79659001709278e-05,0.999756032901468,5.4316518772011e-05
9.19584367476457e-06,9.59449596285827e-08,0.0476307047950595,0.000210041934374752,0.952149961481931
0.0313258797735944,0.444088340460302,0.524133785658124,0.000451991971576606,2.13640300351077e-09
2.59175998498426e-06,4.09017446591217e-09,0.982082090832093,2.39907708969111e-08,0.0179152893269767
6.91010504420651e-18,8.68012879049227e-08,0.999629803779133,6.75613347032363e-07,0.000369433806231665
0.000117465842564534,9.2098829987016e-06,0.999871978574132,4.50590902231202e-07,8.9510940287977e-07
7.03768434573582e-17,0.000114684005581205,0.999880947323797,1.32267180760129e-06,3.04599881415151e-06
0.302714044486683,0.00386501424101825,0.00377036562377366,0.689468945907027,0.000181629741498298
9.47715988361761e-15,3.69424872580614e-07,0.9927223772145,1.38038637100289e-05,0.00726344949690785
2.11569897060912e-15,3.61135164115808e-05,0.203352528350989,0.0029954813713465,0.793615876761251
0.496109757113169,0.351241400283003,0.15258342453807,6.54131072704165e-05,4.95848747240855e-09
0.247170360404081,0.0480759715407025,0.00129265012491862,0.70342713335627,3.38845740277631e-05
0.0171301725780713,0.0072211499223345,0.975623159686869,2.53984462715997e-05,1.19366453452212e-07
4.6185310656563e-17,1.99402341828749e-05,0.00545004308226663,0.00357985159105165,0.990950165092499
0.0568404447647519,0.0123602937673463,0.930790040350111,9.19394294712814e-06,2.71748433410854e-08
0.986558345318491,0.00148022676137105,0.00139854687190762,0.0105591140752947,3.76697293570438e-06
0.000111098064239632,1.89243322816751e-05,6.36703791971701e-07,0.996233325697061,0.00363601520262543
0.00125093970444969,0.226437668952361,0.763791941260263,0.0085190056921619,4.44390764849207e-07
0.0031197762176056,3.59300582018124e-05,0.995690901503225,1.17549836282942e-05,0.00114163723733896
3.23528399906206e-15,0.0104462002215834,0.987154182053022,0.0023861912376384,1.34264877527148e-05
1.81850680144932e-17,4.40806074021918e-07,0.000839458677335041,0.0257251340634851,0.973434966453106
0.000221990244918921,0.980670305393452,1.64340761939197e-09,0.0191077027181427,7.89724813491197e-14
7.13073004983323e-16,0.000477893781863668,0.999506248660194,8.40777364578478e-06,7.44978429574549e-06
1.55831839414811e-17,0.00027015903611819,0.999724254975601,2.93371026469469e-06,2.65227801579977e-06
0.937311124974331,0.00139622588898307,0.0612918997193939,7.45573435489867e-07,3.84385657831312e-09
2.20741458440121e-18,1.37303082516881e-05,0.000415708785848419,0.844628824271853,0.154941736634047
2.6454454913723e-05,6.05114238540889e-06,0.992697961961724,0.000190978144100069,0.00707855429687671
0.0001319451279567,0.00078081759336714,0.000534889320838729,0.991418115346684,0.00713423261115332
0.444647827528144,0.00023399056010715,0.00207512069008123,0.392418705125107,0.16062435609656
7.06707172895303e-18,1.06797306940198e-07,0.0866961633699609,9.1864910298557e-07,0.913302811183629
0.874682223436612,0.123304093879409,0.0019603224108405,5.33602543362729e-05,1.88016470764e-11
0.555483253662279,0.0047500334897187,0.439534129199037,0.000112760098984258,0.000119823549980494
0.42378250827234,0.556693201832402,0.00838188841207605,0.0111423980905629,3.39261920200024e-09
0.00349420801652074,0.000678521147664989,0.0187036551099456,0.959049927281261,0.0180736884446073
0.00175216567215209,0.000159508528081977,0.000923372278865612,0.847466186636316,0.149698766884584
0.163535691748953,0.836103617351547,0.000271363527396336,8.93273716262777e-05,4.76978400559496e-13
1.08884874619737e-19,6.26624969056875e-09,1.99484093915474e-05,0.00154270733807669,0.998437337986282
0.766975319563081,0.146295954784864,0.000185251487057865,0.0865426685069061,8.05658090238515e-07
9.329583316118e-16,0.564177849101738,0.00163283773149186,0.434189260986439,5.2180330637326e-08
0.00201464964508796,0.252779925259167,8.86775656330677e-05,0.745116633380042,1.14150070569185e-07
0.410349915064,0.00116505502701467,0.588364038810054,0.000118431399762239,2.55969916922996e-06
0.0041295291643538,0.00114971769670045,8.66652596225801e-06,0.994681370019643,3.07165933404709e-05
2.6446603364092e-17,1.18791655011912e-08,0.380386864747271,4.84695746854673e-06,0.619608276416095
0.796121887814108,0.0708498599754383,0.000199038507588611,0.132828956188503,2.57514362697378e-07
0.387712250929774,0.612122235394301,1.16854158650009e-06,0.000164345134308172,3.07374942201118e-14
0.0748981685408516,0.041218519178331,0.000110927554425724,0.883742252588326,3.01321380656754e-05
0.00382827015465712,0.0128710919724022,6.98734688013376e-07,0.983299753916834,1.8522141889301e-07
0.999618196243817,2.06054536380322e-05,0.000361074936605604,1.23110773093529e-07,2.55166622954086e-10
0.0281969348047869,0.367207746059151,0.00116984825059268,0.603425467983533,2.90193596287601e-09
0.657245772970517,0.000191238404142551,0.342547574096297,1.10478911162933e-06,1.43097399319425e-05
0.741979933383111,0.00170294371458277,0.253305810863673,0.00259450271147558,0.000416809327157173
0.779688983481057,0.10729001277039,0.00129523628130467,0.1116974011936,2.83662736472651e-05
0.00110112357593812,0.00051133796258298,0.99838752530633,1.09489222396228e-08,2.20622636244135e-09
0.0509339491637889,3.99015018650305e-05,0.0581857076884984,0.0114781012043426,0.879362340441505
2.5212316962393e-19,5.86444066322713e-08,2.22392859215941e-06,0.134300078332868,0.865697639094133
1.19204981982542e-17,0.0001490233238382,0.000230704670126556,0.942709225484118,0.0569110465219168
7.31598083405645e-05,0.000350399888082734,0.00260511831619935,0.832438995214097,0.16453232677328
9.36580425809428e-21,8.66486057169386e-08,0.000253877250415163,0.00150087408439454,0.998245162016585
0.141600176776901,0.343783588626418,4.85245223265642e-05,0.514567709508693,5.65662065714815e-10
0.0564331889536032,0.0081581941112991,0.934782776169634,0.000564473538644494,6.13672268192897e-05
1.55297794751566e-07,2.94480484807201e-09,9.2769856231787e-07,0.089952738798175,0.910046175260663
0.101595092544883,0.0972598136626795,0.798582150657417,0.002538669955284,2.42731797366506e-05
4.49884515223666e-05,0.999937260747235,9.42874703362156e-08,1.76565137718698e-05,9.0584027029947e-83
1.57389582264829e-17,0.00104545301995056,0.174987472685821,0.564171670597627,0.259795403696602
1.20797150178104e-05,0.999654930995021,6.89307898277608e-09,0.000332982396882635,2.49855612098589e-18
0.000334748108186993,0.523207553169866,0.0856900554818435,0.390767577434566,6.58055373395501e-08
0.998809624592841,0.000114716331417011,1.06179218236031e-05,0.00106460093883793,4.40215080277342e-07
0.0738343268575135,0.00746258655212508,0.0067660714004894,0.911425171079132,0.000511844110740066
0.99379646345326,0.00156035476153312,0.00161086143092866,0.00303232035427786,3.23982923584145e-72
0.954061346359394,0.00573836662630953,0.00780301704452247,0.0323903653941911,6.90457558334552e-06
6.61435029458486e-16,0.017184520795884,0.000341317667284026,0.982433747079995,4.04144568363243e-05
0.872678904061098,0.0448017521786921,0.0821562442847207,0.000363020361126337,7.91143623859988e-08
0.00100547559032875,3.47387063141478e-05,0.998782513171062,4.04753630333222e-06,0.000173224995991416
1.29659493200242e-16,9.63090322249114e-06,0.000929462792535531,0.20423318433392,0.794827721970322
5.11609540617119e-17,1.36481029961489e-08,0.967064939371844,3.12630083911169e-08,0.0329350157170442
0.00169513372150234,8.89872422112795e-07,0.998279338523188,1.7592724024501e-07,2.44619556472659e-05
2.19630443101728e-17,2.37681004023568e-08,0.994201990976378,4.06740164099134e-08,0.00579794458150486
3.57855941629658e-06,9.82702577927026e-05,2.12385002255195e-06,0.999888825615852,7.20171691655618e-06
0.0303197711888688,3.05459298469389e-05,0.945809699263272,0.000358577385604039,0.0234814062324085
0.00637336720645928,6.83020899801712e-06,0.110232069681517,0.0285328379438764,0.854854894959149
8.59817163644897e-07,9.14246639234987e-07,2.31336433888966e-07,0.995177547088895,0.00482044751086841
8.84911704937078e-19,9.05633784300375e-07,2.38544124075361e-05,0.797251461991191,0.202723777962617
1.70256685948324e-17,0.000161017275052332,0.00526108129703771,0.591483942295006,0.403093959132904
0.994170489488733,0.000511166134675378,0.00445268785969027,0.000861940337523416,3.71617937779869e-06
0.173248000863898,0.638675617691578,8.7796460017731e-05,0.187988584984505,3.52922623194575e-75
0.00453835743213022,0.00347833584658247,0.009887398447776,0.981964448125549,0.000131460147961903
0.0217598703096919,0.97459845084508,0.00200294041249015,0.00163873817624849,2.56489496918046e-10
4.23225248607834e-05,0.00014831139895164,0.0015013076232723,0.369060919054765,0.62924713939815
0.00989322400103122,0.990001053178533,1.85736075727774e-07,0.000105537084357432,3.12303776410408e-15
0.908727247166641,0.000506771457652706,3.62547918894608e-06,0.0907609011204566,1.45477606082389e-06
0.0661453059994964,0.8876559567278,0.00220689091959284,0.0439918152651615,3.10879495246802e-08
1.28588701269684e-16,0.0135487108999616,0.132699878051643,0.85255612978179,0.00119528126660522
3.40790348445086e-17,2.55736882185784e-05,0.247306844520008,0.161934369257193,0.59073321253458
